Index,Timestamp,trueTime,_actuator_controls_0_0_control[0],_actuator_controls_0_0_control[1],_actuator_controls_0_0_control[2],_actuator_controls_0_0_control[3],_actuator_outputs_0_output[0],_actuator_outputs_0_output[1],_actuator_outputs_0_output[2],_actuator_outputs_0_output[3],_rfly_ctrl_lxl_0_id,_rfly_ctrl_lxl_0_mode,_rfly_ctrl_lxl_0_controls[0],_rfly_ctrl_lxl_0_controls[1],_rfly_ctrl_lxl_0_controls[2],_rfly_ctrl_lxl_0_controls[3],_rfly_ctrl_lxl_0_controls[4],_rfly_ctrl_lxl_0_controls[5],_sensor_combined_0_gyro_rad[0],_sensor_combined_0_gyro_rad[1],_sensor_combined_0_gyro_rad[2],_sensor_combined_0_accelerometer_m_s2[0],_sensor_combined_0_accelerometer_m_s2[1],_sensor_combined_0_accelerometer_m_s2[2],_vehicle_air_data_0_baro_alt_meter,_vehicle_air_data_0_baro_temp_celcius,_vehicle_air_data_0_baro_pressure_pa,_vehicle_attitude_0_q[0],_vehicle_attitude_0_q[1],_vehicle_attitude_0_q[2],_vehicle_attitude_0_q[3],_vehicle_local_position_setpoint_0_x,_vehicle_local_position_setpoint_0_y,_vehicle_local_position_setpoint_0_z,_vehicle_local_position_setpoint_0_vx,_vehicle_local_position_setpoint_0_vy,_vehicle_local_position_setpoint_0_vz,_vehicle_magnetometer_0_magnetometer_ga[0],_vehicle_magnetometer_0_magnetometer_ga[1],_vehicle_magnetometer_0_magnetometer_ga[2],TrueState_data_motorRPMs[1],TrueState_data_motorRPMs[2],TrueState_data_motorRPMs[3],TrueState_data_motorRPMs[4],UAVState_data_cmd,UAVState_data_fault_state
0,36846773,21.267773000000002,0.005035583345255474,-0.00021196667976642336,-9.653677742481755e-06,0.17815912,1173.8489051094891,1181.1510948905109,1181.1510948905109,1174.0,0.0,0.0,0.0,0.0,0.0,0.0,0.0,0.0,-0.005877851942711122,0.0008587930566415187,0.0015847700194694574,-0.040827551266731564,0.06107891397882697,-15.415905615478218,0.9939518077174985,24.99343761989219,101313.05267624953,0.9997508243075801,-0.006775149063994169,0.000942154445138484,-0.021252177925655976,nan,nan,nan,0.0,0.0,0.9397983577414898,0.2779006352720327,-0.029451169296008432,0.47184649152592983,4128.913553540039,4191.135367675784,4182.159836645511,4129.969724047852,"2,1,0.5,1,15",0
1,36896773,21.317773000000003,0.001808458786787829,-0.0002397439812640392,-8.725768245252195e-05,0.1779188,1175.6620379824383,1178.6759240351234,1179.0,1176.6620379824383,0.0,0.0,0.0,0.0,0.0,0.0,0.0,0.0,0.06442468608168266,-0.009901252092914028,0.0045183057615274655,-0.03535592486706147,0.19768341921584645,-5.936789086624464,0.9455604709441912,24.99343,101313.63848463862,0.999752306302264,-0.00654629114330002,0.0009475697415663879,-0.021253006048949624,nan,nan,nan,0.0,0.0,0.8489425704290594,0.27783686590728474,-0.030056440674613685,0.4718795239808683,4199.135450720232,4269.69721982423,4263.605324609387,4210.953187084978,"2,1,0.5,1,15",0
2,36946773,21.367773000000003,0.008319347963636363,-0.001067855488682927,5.853660416851441e-06,0.18547541,1178.0955654101995,1191.9044345898005,1190.0,1180.0,0.0,0.0,0.0,0.0,0.0,0.0,0.0,0.0,-0.017477048162305987,-0.005544979560354767,0.004986404576292683,0.00952717832097561,0.100116585254102,-11.030916518403547,1.0049519972722794,24.99343022157891,101312.91863860341,0.9997560307282415,-0.006091536643516874,0.0008720100367673179,-0.021214210607460038,nan,nan,nan,0.0,0.0,0.7580826362802507,0.2797541375507651,-0.02723141942521786,0.4717935613367802,4371.97074128417,4487.13331196288,4474.734361987294,4389.9934600829965,"2,1,0.5,1,15",0
3,36996773,21.417773000000004,-0.0020507630642768544,0.00039182346205780203,-1.581091286033241e-05,0.20672014,1207.806723731547,1204.193276268453,1205.193276268453,1207.0,0.0,0.0,0.0,0.0,0.0,0.0,0.0,0.0,0.1072883143216766,-0.018008189045882937,-0.006047668101438492,0.017204049254811504,0.21744575795386906,-6.697458973338294,1.0468020958221878,24.9934328613086,101312.42588906095,0.9997629841294643,-0.004883554752678571,0.0006938222873883929,-0.021207007680803573,nan,nan,nan,0.0,0.0,0.6672225067307751,0.27794776852819747,-0.027819296805428672,0.47121358866654955,4584.942221093804,4593.292277514682,4596.16310976566,4587.00099057622,"2,1,0.5,1,15",0
4,37046773,21.467773000000005,0.008166299868955411,-0.0009749040636277999,0.0002582653159430605,0.20810571,1201.0,1214.0,1212.8482441471572,1202.1517558528428,0.0,0.0,0.0,0.0,0.0,0.0,0.0,0.0,-0.03374749876684805,0.01164844227626622,-0.0012914233665969025,0.07486444360004185,0.11006184038509836,-10.641135912515697,1.0442208165024631,24.99342305034941,101312.4542708214,0.9997645088035081,-0.004393612571183964,0.0005919744972896221,-0.021243951042388808,nan,nan,nan,0.0,0.0,0.5763605755412519,0.2785527745929382,-0.025670342764224426,0.47202900378593177,4718.01800673827,4811.5240688232325,4801.527383886709,4722.128122680651,"2,1,0.5,1,15",0
5,37096773,21.517773000000005,-0.002336497694845361,4.285868606185567e-05,0.00014733837283505152,0.23347740424742267,1234.3805104408352,1230.9626192317608,1230.671564836298,1234.0894560453726,0.0,0.0,0.0,0.0,0.0,0.0,0.0,0.0,0.08733234972882231,-0.007033330483600207,0.003510395897858987,-0.026416935072055784,0.23062220398502067,-7.795602375284091,1.0319536205907958,24.993413096711645,101312.61135590203,0.999764874956261,-0.003963539234941265,0.0005511247343914021,-0.021313070602849288,nan,nan,nan,0.0,0.0,0.4854985579156015,0.27759925825396825,-0.028040489540740742,0.47145822931216935,4846.819538989302,4857.224516064476,4852.788014355496,4845.916945410201,"2,1,0.5,1,15",0
6,37146773,21.567773000000006,-0.005939744117041296,0.0007447178311029796,0.00037716519770517515,0.26767713,1272.7427450980392,1263.0,1263.0,1270.7427450980392,0.0,0.0,0.0,0.0,0.0,0.0,0.0,0.0,0.07145599916841004,-0.0008977880298274059,-0.0013812299843357742,-0.028848525742416316,0.24278393960774058,-8.709859491108785,1.0101773115881563,24.993429950336473,101312.8522422611,0.9997723035108959,-0.0013246859913640032,0.0003193670179661017,-0.021294413870056497,nan,nan,nan,0.0,0.0,0.3946383529296275,0.27945820153044126,-0.024274298338856824,0.47053608267734126,5257.412805395547,5156.911128027393,5164.296968603562,5248.210380810587,"2,1,0.5,1,15",0
7,37196773,21.617773000000007,0.006855077197307692,6.465588883024036e-05,0.00016744099348076923,0.25844474565865383,1253.8413461538462,1263.1634615384614,1262.389423076923,1252.8413461538462,0.0,0.0,0.0,0.0,0.0,0.0,0.0,0.0,-0.0816577195061431,0.005880643270585401,-0.0021498488618405206,-0.05971716058299205,0.16947383573596725,-11.344704696579138,1.0067238,24.99341908348762,101312.90964684101,0.9997703101658255,-0.001739505652631579,0.0002824417341456381,-0.021361746669790915,nan,nan,nan,0.0,0.0,0.3037782246511488,0.27820055426573426,-0.024222260775174826,0.4720225949755245,5294.624458105406,5342.6970481689095,5339.394575781214,5288.379214648378,"2,1,0.5,1,15",0
8,37246773,21.667773000000007,5.333461596968849e-05,-0.0002794321271232108,0.0001389330270642717,0.2653107625007017,1264.2085906793936,1264.7251544076362,1264.4834362717575,1264.966872543515,0.0,0.0,0.0,0.0,0.0,0.0,0.0,0.0,0.013064902024062673,0.008064824946838276,-0.004207135367655288,0.04342503518019026,0.2286330875993285,-9.536083219362059,0.9842970917870448,24.99338822268684,101313.16553900251,0.9997683843460649,-0.0028336881607349536,0.0004507994784201389,-0.02133405997337963,nan,nan,nan,0.0,0.0,0.21291816817932707,0.2774175778319881,-0.02520925108084953,0.47105756290165485,5259.149069628936,5294.5186034179815,5294.2309706543065,5267.154790502959,"2,1,0.5,1,15",0
9,37296773,21.717773000000008,-0.005924548615325817,-0.00026856664554939804,0.00024753528976304224,0.2830579,1287.0,1279.0,1277.662526275559,1287.0,0.0,0.0,0.0,0.0,0.0,0.0,0.0,0.0,0.04703137979013761,-0.00022586798222477052,0.002063615453629587,-0.007715466172591744,0.18129302421444954,-10.119469685206422,1.0063477196821284,24.993356113141747,101312.89689785418,0.9997695868786898,-0.0014432190539706723,0.0006229954070272329,-0.02140945656865359,nan,nan,nan,0.0,0.0,0.12205811416874338,0.277580072122704,-0.022944830403143344,0.47362074358454836,5492.691686523465,5419.774229077173,5408.9622104980745,5493.309213305692,"2,1,0.5,1,15",0
10,37346773,21.76777300000001,0.002505455938859093,0.0006481219775719161,-0.00025154102363237447,0.29452256465138954,1292.1862960253598,1295.1862960253598,1296.2794440380394,1292.1862960253598,0.0,0.0,0.0,0.0,0.0,0.0,0.0,0.0,-0.08707613938566554,-0.006217870523500731,0.008259082131984398,0.026888203472452462,0.19047632071672355,-10.631566355436373,1.0589331493738543,24.993315482122526,101312.27541738543,0.9997682544951456,-0.001974610361237864,0.0005499166685024273,-0.021431453666019416,nan,nan,nan,0.0,0.0,0.031196376715626986,0.2788056974354475,-0.023199468488163878,0.4727733543261827,5611.412841308602,5600.438357212639,5605.984180385077,5603.522268415189,"2,1,0.5,1,15",0
11,37396773,21.81777300000001,0.003744422510700305,0.00026383971570356676,0.00018808176258808178,0.30293462,1300.0,1305.0,1305.0,1299.4935827713725,0.0,0.0,0.0,0.0,0.0,0.0,0.0,0.0,-0.07707365516746412,0.007303279177033493,-0.0017647291279904306,0.0599533019736842,0.16822295203349283,-11.074365891148325,1.055793946421559,24.993260151260827,101312.31584100096,0.9997600186898513,-0.004364432818022747,0.0005179973261067366,-0.02146185898184602,nan,nan,nan,0.0,0.0,-0.05966544480003072,0.2770066499814439,-0.02705497117602382,0.4703356410296466,5683.463858072931,5731.801606363946,5732.822192165806,5670.9483016493205,"2,1,0.5,1,15",0
12,37446773,21.86777300000001,-0.002732359783533654,-0.0008831444791562499,-0.0003631791756706731,0.3051268,1306.0,1302.821832171195,1302.0,1307.178167828805,0.0,0.0,0.0,0.0,0.0,0.0,0.0,0.0,0.012728005542589028,0.011032618822425408,0.0085620481746872,0.08267142017324351,0.2371920563522618,-11.366931300529355,1.038819996550986,24.993183027424724,101312.51867859159,0.9997567393053892,-0.0050948980662035934,0.0008344998868934131,-0.021443285001197604,nan,nan,nan,0.0,0.0,-0.1505242275033809,0.27866690938164457,-0.028321865371403777,0.47258633844478193,5754.447131567396,5740.83265483398,5736.207316430661,5760.153152270519,"2,1,0.5,1,15",0
13,37496773,21.91777300000001,-0.0014352930131546894,-0.0007665264409257005,-9.797697452472594e-05,0.30504740537149816,1305.0,1304.0,1303.0,1306.2764920828258,0.0,0.0,0.0,0.0,0.0,0.0,0.0,0.0,-0.022821838022455455,0.007939273652428606,-5.3753603270686144e-05,0.07857006252965584,0.23125439821576765,-11.54504912252868,1.0388347970422964,24.99307984440732,101312.51177775457,0.999757553076923,-0.004887695504615384,0.0010937754184615384,-0.02144511073846154,nan,nan,nan,0.0,0.0,-0.24138255259471567,0.278118988900801,-0.026425489751447935,0.4722888522448141,5772.83154296875,5737.0107421875,5729.73193359375,5789.14990234375,"2,1,0.5,1,15",0
14,37546773,21.96777300000001,0.0030218728222477062,0.0006063362614678898,0.0005000838474770642,0.30471182,1303.0,1306.0,1306.0,1301.0,0.0,0.0,0.0,0.0,0.0,0.0,0.0,0.0,-0.07456476202141082,-0.011593254319059453,-0.004133826722156376,0.0201044883163831,0.2660917354463774,-11.535873011087746,1.0749235691355405,24.992948400084845,101312.07433155287,0.9997477882509579,-0.006433178394482758,0.001100588180421456,-0.02149016666302682,nan,nan,nan,0.0,0.0,-0.33223592890454284,0.2767525121104851,-0.02912761887390936,0.470897267600339,5740.924191650392,5770.650061010744,5769.1900105468785,5731.103435595698,"2,1,0.5,1,15",0
15,37596773,22.017773000000012,-0.0005079982828762136,0.0006714483572815535,0.0005187687469538835,0.3038762,1304.7985925746177,1303.0,1303.0,1303.0,0.0,0.0,0.0,0.0,0.0,0.0,0.0,0.0,-0.0163442410934466,-0.0032637511638349513,-0.006891199591626213,0.07372314325728156,0.2578235852184466,-11.303119458737864,1.1124625058466093,24.99278798056324,101311.62444864254,0.9997368501093029,-0.007674932648530483,0.0009777536277872237,-0.021594421210590235,nan,nan,nan,0.0,0.0,-0.42308867727567523,0.27714676307132835,-0.029304497173535792,0.47191681456169454,5750.1500147461,5754.794789257803,5752.243474755848,5728.545123608405,"2,1,0.5,1,15",0
16,37646773,22.067773000000013,-0.001761255783361921,-0.00013245889806518012,0.00016302539699828474,0.3050419602058319,1306.3234501347708,1303.3234501347708,1303.3234501347708,1305.3234501347708,0.0,0.0,0.0,0.0,0.0,0.0,0.0,0.0,0.00365489105766781,0.015526819632043116,-0.0005416118638902499,0.06016131374424302,0.17861811388535032,-11.3612961722195,1.1511321050234224,24.992599257759835,101311.16179266482,0.9997350709179688,-0.007692041585888672,0.0012096508975585937,-0.02165899622998047,nan,nan,nan,0.0,0.0,-0.513958240987615,0.2782728575008741,-0.03017553001520979,0.4709485697351399,5767.652207845048,5741.339848470055,5738.01582233538,5762.53450016276,"2,1,0.5,1,15",0
17,37696773,22.117773000000014,0.0009975825384528389,-0.0010443907017416874,-0.00010523256751866094,0.30643824,1304.0,1307.0,1306.0,1306.0,0.0,0.0,0.0,0.0,0.0,0.0,0.0,0.0,-0.03891369506965174,0.02088336942921755,0.0015529316473993668,-0.01170131392152872,0.2466935488557214,-11.290448352103121,1.1841706427094145,24.992383687579288,101310.76954945605,0.9997305795595913,-0.008276117113280362,0.0015893837738933032,-0.02163087240953462,nan,nan,nan,0.0,0.0,-0.6048300340739119,0.276096686264208,-0.03214210234385478,0.4722284027124049,5751.786854003902,5767.79519418946,5759.973101586919,5765.6089418945285,"2,1,0.5,1,15",0
18,37746773,22.167773000000015,0.0013145777789526686,-2.0205554984894274e-07,-0.0006274566752870091,0.30582346219536755,1304.0,1306.0,1307.0,1305.0,0.0,0.0,0.0,0.0,0.0,0.0,0.0,0.0,-0.039725405557517655,0.0003789139053985875,0.0020143184984359234,0.08850970968970737,0.21101185272956607,-11.328678608224015,1.2055813663486659,24.992151255239275,101310.51294870058,0.9997215724880982,-0.009354322054622902,0.0017115660487095966,-0.02159575828263593,nan,nan,nan,0.0,0.0,-0.6956916251168802,0.27759001138311096,-0.03238680441286152,0.472731766536836,5752.317564160165,5770.946880957033,5776.871888940428,5759.468161254879,"2,1,0.5,1,15",0
19,37796773,22.217773000000015,-0.0006479899685664939,0.0003432011101653096,-0.00040891017107574636,0.3064584,1306.0,1305.0,1306.0,1306.356262327416,0.0,0.0,0.0,0.0,0.0,0.0,0.0,0.0,-0.004382855787265548,-0.009590608206317868,-0.0010713630947729517,0.06613651104639684,0.20875651638203355,-11.257266686080946,1.249111147162434,24.991902883080893,101309.98801560186,0.999719204852071,-0.00972263427218935,0.0015179847047337278,-0.021559432097633138,nan,nan,nan,0.0,0.0,-0.78655172451269,0.2775487345755208,-0.031674309101953124,0.47278476593359375,5771.0058689697335,5767.605356640625,5779.430239624025,5771.345740673836,"2,1,0.5,1,15",0
20,37846773,22.267773000000016,-0.0008936440444194757,-0.0003178701556853933,-0.0006956379353108615,0.30892372,1308.0,1307.0,1308.0,1310.0,0.0,0.0,0.0,0.0,0.0,0.0,0.0,0.0,0.004770530296166916,0.0024442038906046975,0.00610386667586207,-0.03596951827036482,0.2236506703198401,-11.356479969515242,1.2521285722599134,24.991620668733187,101309.95982863492,0.9997203611155379,-0.00970790639193227,0.0016162504755478089,-0.021505148354581675,nan,nan,nan,0.0,0.0,-0.8774024153269455,0.27551779575719776,-0.032291883102040814,0.47145711420288405,5792.850920068365,5786.068873999031,5786.813180273442,5802.7809395996155,"2,1,0.5,1,15",0
21,37896773,22.317773000000017,0.0014720831516016016,-0.0007021079940940941,0.0005548085705255254,0.31017239994994994,1309.0,1311.7378033525144,1310.0,1308.2621966474856,0.0,0.0,0.0,0.0,0.0,0.0,0.0,0.0,-0.025998834105131416,-0.0037077721892365455,-0.005203744713016271,-0.0003250764780976176,0.183772481514393,-11.303999585732164,1.281616915247149,24.991308002826774,101309.60578017,0.9997182847763059,-0.009993616189202699,0.001612950332791802,-0.02147052535716071,nan,nan,nan,0.0,0.0,-0.9682517789899063,0.27697796505975125,-0.030005323318591983,0.46991578976505977,5802.339631054692,5819.1267566162305,5812.927559936529,5807.9160093994105,"2,1,0.5,1,15",0
22,37946773,22.367773000000017,-0.00020591673038662488,0.0005345845816718914,0.0003546721734691745,0.30242896,1303.0,1302.0,1302.0,1301.0,0.0,0.0,0.0,0.0,0.0,0.0,0.0,0.0,-0.007283834932306084,-0.01381317594176025,-0.0064089853820057455,0.012961796034212585,0.2582541222669104,-11.262408594411074,1.3891711460970253,24.9909692102216,101308.30664703534,0.9997147714322985,-0.010438046306548395,0.0013752974211844507,-0.02144023396164884,nan,nan,nan,0.0,0.0,-0.9852790714324213,0.2780739070459874,-0.031932620538773666,0.4711005315112714,5761.950154663036,5766.72642780755,5775.625841821218,5760.034797192324,"2,1,0.5,1,15",0
23,37996773,22.417773000000018,-0.0013707662078743742,0.0004955675541556668,0.0004600648889303596,0.2869956494128357,1288.2207555757852,1285.6103777878925,1285.6103777878925,1286.915566681839,0.0,0.0,0.0,0.0,0.0,0.0,0.0,0.0,0.004375614013746876,-0.0011887675876050899,0.0011858781282663034,0.05155917572597137,0.1970986711951829,-10.735558424221768,1.4091066566658002,24.990605483532967,101308.08516676999,0.9997171908418891,-0.010172609979466118,0.0011319301874743327,-0.02146773314168378,nan,nan,nan,0.0,0.0,-0.9994142386696877,0.27635983138785175,-0.032649237764866584,0.47124689334213643,5618.455418554629,5589.803290136662,5598.908003344664,5606.814545654239,"2,1,0.5,1,15",0
24,38046773,22.46777300000002,0.0007591772575632422,-0.000601977445663397,-0.00014758435869901908,0.2770301,1275.0,1277.0,1277.0,1277.0,0.0,0.0,0.0,0.0,0.0,0.0,0.0,0.0,-0.019082189804852864,0.021093267060660816,0.00899519609860609,0.10234360294527621,0.22066714497160556,-10.137612164945791,1.5019945205966725,24.990244662994836,101306.96087292024,0.9997152637013575,-0.010381066118681318,0.0013035732560439561,-0.021448695389398836,nan,nan,nan,0.0,0.0,-1.0,0.27741288913857676,-0.031334022715355805,0.472246212752809,5464.158711181605,5471.388329370092,5472.966967016573,5471.323537158171,"2,1,0.5,1,15",0
25,38096773,22.51777300000002,0.0012598198610366074,0.00024793495195541863,-0.00025707920536879305,0.2736695358553824,1272.0,1273.476742081448,1274.523257918552,1272.523257918552,0.0,0.0,0.0,0.0,0.0,0.0,0.0,0.0,-0.023090625034970103,0.010655694085703932,-0.0012621169150027179,0.0031182383580358763,0.23424373443377425,-9.812089306396086,1.5171004829505732,24.989864516500656,101306.76746955459,0.9997100027496382,-0.01096778330535456,0.0015943249691751085,-0.0213792805788712,nan,nan,nan,0.0,0.0,-1.0,0.2771991930548861,-0.032487014783876236,0.471401039506336,5399.244480883776,5416.311473217761,5422.351111621082,5408.360141601545,"2,1,0.5,1,15",0
26,38146773,22.56777300000002,-0.0005484891631708991,-0.0006444650274788378,-0.00021912684894074581,0.27310616,1272.0,1272.027058014217,1272.0,1273.972941985783,0.0,0.0,0.0,0.0,0.0,0.0,0.0,0.0,-0.003924111069251887,0.013409541146533975,0.0009177054960878518,0.018417257548844657,0.20539972654312513,-9.588438821551133,1.5497153932439371,24.98949868014851,101306.37256003634,0.9997073087408048,-0.011155993694504544,0.0017915312186066637,-0.021392013056685418,nan,nan,nan,0.0,0.0,-1.0,0.2765566195763843,-0.03208805721814543,0.47215402173615745,5392.899007934571,5392.982626464851,5391.30652490234,5395.542047802736,"2,1,0.5,1,15",0
27,38196773,22.61777300000002,-0.00013483838514151514,-9.677700826060605e-05,0.000406381944030303,0.27417427,1274.0,1274.0,1273.0,1273.6296536796538,0.0,0.0,0.0,0.0,0.0,0.0,0.0,0.0,0.0051538445550032425,0.0008251840753187812,0.0034437886248108924,0.016699929566781933,0.2709447772703696,-9.70172561832721,1.6748283424020907,24.989122099973486,101304.87517280887,0.9997056715162935,-0.011146943424739526,0.0019509042727554864,-0.02146003266415429,nan,nan,nan,0.0,0.0,-1.0,0.2771765417836867,-0.0326231929221214,0.47211284756756755,5402.779862109381,5400.9083580078095,5394.9053384033305,5403.4160001464925,"2,1,0.5,1,15",0
28,38246773,22.66777300000002,0.00019855441974605352,0.00047431696444749487,-0.0005942600528483185,0.27476627398078246,1274.0,1273.24153705398,1275.0,1274.0,0.0,0.0,0.0,0.0,0.0,0.0,0.0,0.0,-0.011911839494284409,-0.0029026070377686326,0.002593755103795153,0.01075899840841335,0.24603106692043894,-9.709889834476451,1.6931316954044406,24.988762305566453,101304.66971424369,0.9997056382795698,-0.011253145069778082,0.001913258575520476,-0.021410671879890188,nan,nan,nan,0.0,0.0,-1.0,0.2770249836057454,-0.033870083254581476,0.4715802660227836,5407.642678100588,5403.8082966552765,5414.645896191408,5407.803243896484,"2,1,0.5,1,15",0
29,38296773,22.717773000000022,0.0007254157927333333,0.00027302663164,0.00042447809902000004,0.27553642819333335,1275.0,1275.7012669482108,1275.0,1274.0,0.0,0.0,0.0,0.0,0.0,0.0,0.0,0.0,-0.01243842188888889,0.000764379918888889,-0.005924945894444445,-0.03148718305555556,0.2020648588888889,-9.766665499999998,1.7246513602083373,24.98839121072053,101304.28238792258,0.999701366815244,-0.01154156344662358,0.0019151188319812792,-0.02145393150657455,nan,nan,nan,0.0,0.0,-1.0,0.27790604850467293,-0.03213504535965195,0.47237145111182727,5417.496596362309,5419.37519309083,5418.46377763672,5407.737575415039,"2,1,0.5,1,15",0
30,38346773,22.767773000000023,0.0006597368057304993,-0.00021699403874948412,9.751916261040034e-05,0.27653068,1275.2321686996072,1277.0,1276.0,1276.0,0.0,0.0,0.0,0.0,0.0,0.0,0.0,0.0,-0.0033385430972336914,0.007782906983608588,-0.00128488556597853,0.09921040822667217,0.23733378148224607,-9.869861244632535,1.81016157358405,24.98803092886705,101303.26375761126,0.9996983885667148,-0.011707721918333677,0.0021567802482986183,-0.021483629510414517,nan,nan,nan,0.0,0.0,-1.0,0.2759128318331195,-0.03356667527489391,0.47200981938221653,5420.701103540049,5436.616076904294,5428.552276611326,5428.483820043947,"2,1,0.5,1,15",0
31,38396773,22.817773000000024,-0.00016447928795991894,-0.000137396806439991,3.6839109844629585e-05,0.27646324,1276.0,1276.0,1276.0,1276.0,0.0,0.0,0.0,0.0,0.0,0.0,0.0,0.0,0.005498500518576897,0.004035568573069128,-0.003051032800382797,0.03759633317608647,0.20952635775275838,-9.667949724724162,1.825141919421714,24.987677531909664,101303.0691058112,0.9996993724482913,-0.011579171330822842,0.002285124373696043,-0.02149177694064748,nan,nan,nan,0.0,0.0,-1.0,0.27580919724936487,-0.03345186697645104,0.4724940111344538,5429.7711613769625,5428.3651726318385,5430.836317333984,5433.949210571286,"2,1,0.5,1,15",0
32,38446773,22.867773000000025,0.0003924025582351572,-0.00018104244257438883,-4.9639192309895226e-05,0.27719894,1276.1597770552717,1277.0,1277.0,1277.0,0.0,0.0,0.0,0.0,0.0,0.0,0.0,0.0,0.004965194612578616,0.0018618618679245283,-0.00036846796918238987,0.10451984116981132,0.20642395100628932,-9.71687482389937,1.9157170456775836,24.987318108494385,101301.9844421942,0.9996999773392152,-0.011462830881820292,0.0022930257739261664,-0.021528398154167634,nan,nan,nan,0.0,0.0,-1.0,0.2777055787555424,-0.03302888504404375,0.47203293692284953,5438.4787490234385,5439.98319248047,5437.977277587894,5434.811925292978,"2,1,0.5,1,15",0
33,38496773,22.917773000000025,-8.569384525894101e-05,-0.0010580284482582442,-0.00033247998308406874,0.27799398,1276.0,1278.0,1277.0,1279.0,0.0,0.0,0.0,0.0,0.0,0.0,0.0,0.0,0.0006147178784122563,0.006199342577715877,-0.0003396714185236768,0.042629504749303625,0.2280160523816156,-9.800258752089135,1.9675842326552464,24.986955144004284,101301.37319726982,0.9997013633356497,-0.011383155075747046,0.0024368033516330785,-0.02148997152675469,nan,nan,nan,0.0,0.0,-1.0,0.277495208810442,-0.03392533979916938,0.472037270005933,5440.303755297852,5445.511472998056,5444.265468383795,5452.15050874024,"2,1,0.5,1,15",0
34,38546773,22.967773000000026,0.0005621268704572329,-0.00010289478666811194,-0.0009100444065135988,0.27819157,1276.0,1277.0,1279.0,1278.0,0.0,0.0,0.0,0.0,0.0,0.0,0.0,0.0,-0.005555744941013008,-0.0065456494442254634,0.008138866689456051,0.08077347930547892,0.18145363438115886,-9.859569716890029,2.0152037204543407,24.986608804601012,101300.79873022159,0.9997006088991178,-0.011502049973916378,0.0023489567323360184,-0.02146906730264672,nan,nan,nan,0.0,0.0,-1.0,0.2748304900689655,-0.03344668977902692,0.4718718855890411,5443.852035400392,5452.840810742185,5456.247566113282,5453.170227734368,"2,1,0.5,1,15",0
35,38596773,23.017773000000027,-0.00019884568736478712,0.0003414059825201381,-0.0006458001464096663,0.27803537,1277.0,1276.6715076071923,1278.0,1278.0,0.0,0.0,0.0,0.0,0.0,0.0,0.0,0.0,0.0022414600769620255,-0.012268175824395858,0.0025986796771645575,0.04051418579493671,0.24085391458457997,-9.764337009205985,2.0889263506829114,24.986246897058823,101299.90885224275,0.9996998921321607,-0.011630022389588782,0.0020932824973615405,-0.021459374431186118,nan,nan,nan,0.0,0.0,-1.0,0.27607344823630064,-0.03388655481498909,0.47174012790820036,5446.504035009767,5447.705102441397,5456.113262109372,5448.629399096687,"2,1,0.5,1,15",0
36,38646773,23.067773000000027,-0.000913146570986798,0.0007388947272096665,0.0002785594688051018,0.2783072595390468,1279.0,1277.234819628053,1277.765180371947,1277.765180371947,0.0,0.0,0.0,0.0,0.0,0.0,0.0,0.0,0.003860172209109221,-0.011498148293196061,-0.007577186056714413,-0.005799125993061774,0.17547347619516562,-9.696482774395703,2.0947370393546176,24.985886494196887,101299.83399368316,0.9997012035862995,-0.01154661841437206,0.0017928974044996643,-0.021472772633310946,nan,nan,nan,0.0,0.0,-1.0,0.2769250996046292,-0.03361946446030531,0.47099719544197777,5458.904681469728,5442.255010913097,5452.353073901368,5451.774606835938,"2,1,0.5,1,15",0
37,38696773,23.117773000000028,0.0006047806619607843,-0.0005703358698039215,-0.000172373408627451,0.27903065,1278.0,1279.0,1279.0,1279.0,0.0,0.0,0.0,0.0,0.0,0.0,0.0,0.0,-0.009300155853121175,-0.0025603957013463894,0.0015048611199510403,-0.00510890793512852,0.2687022089718482,-9.85313200856793,2.2065261546903336,24.98552669855296,101298.48946478873,0.9997000001634655,-0.011624192308132407,0.0017241569902738047,-0.021490515997548018,nan,nan,nan,0.0,0.0,-1.0,0.27782197410235854,-0.0330270922118476,0.47115736396523356,5454.117984326168,5462.729666674815,5457.070285693362,5457.655041772461,"2,1,0.5,1,15",0
38,38746773,23.16777300000003,0.0006135959679304348,-0.0007531841904347826,0.00037090307972173915,0.27813589940869565,1277.0,1279.0,1277.0,1277.696397515528,0.0,0.0,0.0,0.0,0.0,0.0,0.0,0.0,-0.007271778081470443,-0.005818148193392946,-0.004990140761500249,0.007997724064083458,0.17130180354694485,-9.923832818678589,2.2825010830593375,24.98517084046099,101297.57922697399,0.9996954943844815,-0.011900585067644864,0.0018200757661526983,-0.021542968501119125,nan,nan,nan,0.0,0.0,-1.0,0.2761087512191391,-0.034825726547571496,0.4709380344690435,5442.067522460943,5469.19952204588,5447.024421923824,5451.965240185538,"2,1,0.5,1,15",0
39,38796773,23.21777300000003,-0.0002753143339410431,0.001223949542585034,-0.0001876298323605442,0.2773109975804989,1278.0,1275.4328425821066,1277.5671574178934,1276.0,0.0,0.0,0.0,0.0,0.0,0.0,0.0,0.0,0.0072035384068393545,-0.028333656355373778,0.006357852983912747,0.018424344758009546,0.20460154298568506,-9.67430789525108,2.3351195432269765,24.9848032836915,101296.95552721941,0.999697404829107,-0.011722034540793826,0.0013697322970893054,-0.021585945089305402,nan,nan,nan,0.0,0.0,-1.0,0.2770844885714286,-0.03457158742857143,0.47041929857142856,5450.220148437498,5434.014904296858,5445.955569824227,5435.654691894529,"2,1,0.5,1,15",0
40,38846773,23.26777300000003,-0.000248312239117268,0.0004591963140463918,6.005626935695876e-05,0.27705583,1277.0,1276.0,1277.0,1276.0,0.0,0.0,0.0,0.0,0.0,0.0,0.0,0.0,-0.0006417482625674398,-0.007946011479166666,0.004058301286898625,0.029969020993771477,0.2201023647594502,-9.78008448410653,2.379943304266745,24.984430604471783,101296.41306385472,0.9997014,-0.011512320013513513,0.0009210949743243243,-0.021537156000000002,nan,nan,nan,0.0,0.0,-1.0,0.27664612511862036,-0.03356613036010254,0.4708828370319273,5447.034519091794,5429.914669262704,5445.309112646477,5437.934808520506,"2,1,0.5,1,15",0
41,38896773,23.31777300000003,0.00046413440300827166,-0.0005846185147148455,-0.0004948326359991294,0.27675908234653895,1275.0,1276.5541040714131,1277.0,1277.0,0.0,0.0,0.0,0.0,0.0,0.0,0.0,0.0,-0.013354212751904244,0.010378668340587595,0.005036154808487486,0.009142301109902072,0.23338022834602828,-9.89777083242655,2.431464251392631,24.984068410010245,101295.78943194324,0.9996713465085926,-0.011639335512508158,0.0011036286775723298,-0.022815401124864042,nan,nan,nan,0.0,0.0,-1.0,0.2756920199271924,-0.03315900998854712,0.4718213940739529,5427.958182495108,5440.365005078124,5434.961629467776,5435.735899414064,"2,1,0.5,1,15",0
42,38946773,23.36777300000003,-0.00023487512310227572,-0.0001367488593015956,0.00019691331274391839,0.27593866,1276.0,1275.8773535564853,1275.0,1275.1226464435147,0.0,0.0,0.0,0.0,0.0,0.0,0.0,0.0,0.0036832660467032968,0.00468533654065934,-0.0023507249999999997,0.004945034120879121,0.15379805340659342,-9.867516928571428,2.478252689137549,24.98370628248643,101295.22821748417,0.9996702263802559,-0.011757643506398538,0.0012971648981718465,-0.02279382213345521,nan,nan,nan,0.0,0.0,-1.0,0.2769254689044091,-0.03404539111065225,0.47149039613749544,5423.633104882816,5429.60487770995,5423.788068872058,5427.20583771972,"2,1,0.5,1,15",0
43,38996773,23.417773000000032,-0.00011186883578963343,0.00010613203396217604,8.303197940088723e-05,0.27554473,1275.0,1275.0,1275.0,1275.0,0.0,0.0,0.0,0.0,0.0,0.0,0.0,0.0,-0.005476737268997669,-0.002336911054079254,-0.0024925137172307696,0.08271846480839161,0.21665049117482518,-9.818256982750583,2.48896283061049,24.983343204643166,101295.09269991402,0.9996734578829564,-0.011625599873397062,0.0012805306339706225,-0.022720011968757288,nan,nan,nan,0.0,0.0,-1.0,0.27716145186719293,-0.033837857554215825,0.47119952681080846,5422.005187792965,5415.615986547857,5421.362054150399,5422.8112869873,"2,1,0.5,1,15",0
44,39046773,23.467773000000033,0.0003815472156550398,-0.0003081901026366383,-0.00020780609272727274,0.2762064,1275.0,1276.0,1276.0,1276.0,0.0,0.0,0.0,0.0,0.0,0.0,0.0,0.0,-0.013889878842307694,-0.00030974508576923053,-0.0031907426442307693,0.04738882815384615,0.22089804365384616,-9.774249026923076,2.5443133441089723,24.98298504245576,101294.43197939305,0.9996714486443381,-0.011894090122807018,0.0011784329859649122,-0.02267526766985646,nan,nan,nan,0.0,0.0,-1.0,0.2766430436758835,-0.03241601973118439,0.4720353752654147,5423.080159619136,5428.554041357428,5428.700894116217,5422.27529018556,"2,1,0.5,1,15",0
45,39096773,23.517773000000034,6.982687047928332e-05,-0.000620142870694289,0.0008720517344904816,0.27619374,1276.0,1277.0,1274.0,1275.0,0.0,0.0,0.0,0.0,0.0,0.0,0.0,0.0,-0.005311641134154535,0.008959772409854422,-0.005940995039529676,0.0058193222486002255,0.175731710537514,-9.878188321388578,2.6204699811365444,24.982627223178078,101293.53199681661,0.9996679487755561,-0.012031843283981129,0.0012688920432487082,-0.02275283848505954,nan,nan,nan,0.0,0.0,-1.0,0.27673880934813977,-0.034634875890657106,0.47152528656319675,5433.10009765625,5436.72900390625,5422.22265625,5420.703125,"2,1,0.5,1,15",0
46,39146773,23.567773000000035,0.0006085543722488038,0.00025421875090909094,-0.00014304139037320574,0.27617273,1275.0,1276.0,1276.0,1275.0,0.0,0.0,0.0,0.0,0.0,0.0,0.0,0.0,-0.003961148566317706,-0.0032277934482020936,-0.0009997393133054165,-0.05893393802457897,0.259978173991807,-9.692819198452435,2.6733354483516907,24.98227101780444,101292.89497849192,0.9996679079124886,-0.012109097798541475,0.00126608213372835,-0.022713376734731085,nan,nan,nan,0.0,0.0,-1.0,0.2776542782687927,-0.03373684628627045,0.4717199523193208,5425.522216386709,5431.032367988281,5425.723334042975,5422.3375967382935,"2,1,0.5,1,15",0
47,39196773,23.617773000000035,7.803944674757768e-05,0.0011026816367017372,-0.0005636244677000245,0.27616692644971863,1276.0,1274.45068359375,1277.0,1275.0,0.0,0.0,0.0,0.0,0.0,0.0,0.0,0.0,-0.0006046434986885245,-0.013847487983606558,0.005910498131147541,0.008214593016393441,0.25245436442622954,-9.688906770491803,2.7756763445748027,24.981915029913367,101291.65591313469,0.9996692607442522,-0.012192792152050248,0.0011256618304100498,-0.022616427813225884,nan,nan,nan,0.0,0.0,-1.0,0.276314479471301,-0.033276217863211006,0.47253139344603046,5428.788765380862,5422.885324536115,5436.0328794189545,5423.873515380853,"2,1,0.5,1,15",0
48,39246773,23.667773000000036,4.2296842942336134e-05,1.635702953622474e-05,-0.0002794873379990143,0.27643922,1276.0,1276.0,1276.0,1276.0,0.0,0.0,0.0,0.0,0.0,0.0,0.0,0.0,0.0034697546508014794,0.009825718111960542,0.0012133019579284835,-0.003999210161282367,0.23705488513933415,-9.698390199630087,2.7870901798927004,24.981575929779503,101291.51705990906,0.999671926708487,-0.012256412284132842,0.001084049942706027,-0.02246723310578106,nan,nan,nan,0.0,0.0,-1.0,0.2770034717210127,-0.03417776018008078,0.47432325286966803,5425.161613891609,5423.606489965837,5434.615788159175,5429.288612695319,"2,1,0.5,1,15",0
49,39296773,23.717773000000037,5.181412850226929e-05,-0.0006992925412758447,0.00017049498258194656,0.27665873867876956,1276.0,1277.0,1275.8106643136266,1276.0,0.0,0.0,0.0,0.0,0.0,0.0,0.0,0.0,-0.00479718919955886,0.009284451859843711,-0.0017128229758633729,-0.03872703433148475,0.24103448641290648,-9.747860539702545,2.8559242613909195,24.981217492804923,101290.69001712197,0.9996713071698589,-0.012257368659274194,0.0013576942780241935,-0.0224768832438256,nan,nan,nan,0.0,0.0,-1.0,0.27800809643843377,-0.03423848872583729,0.4719913094144304,5433.457951660152,5439.842803271488,5426.0648024414095,5431.171555761718,"2,1,0.5,1,15",0
50,39346773,23.767773000000037,0.000119902011300813,-0.00016774816048780486,-0.00016155477032520326,0.27635187,1275.8240946045823,1276.0,1276.0,1276.0,0.0,0.0,0.0,0.0,0.0,0.0,0.0,0.0,-0.003381689644199113,0.005612013932971907,0.00817933490340069,0.07361452421882701,0.24402967368161657,-9.767433142434697,2.9356172,24.980857118952116,101289.72439247672,0.9996701435793358,-0.012227011740221403,0.0015139367500369004,-0.02253823651808118,nan,nan,nan,0.0,0.0,-1.0,0.2765155898591204,-0.035611768214902806,0.4710912343873945,5429.803652587881,5433.656859082022,5424.786625854509,5430.8362640380765,"2,1,0.5,1,15",0
51,39396773,23.817773000000038,3.887893101594533e-05,0.0006276330616400911,0.00037402761008656035,0.2761926434214123,1276.5711363636365,1276.0,1276.0,1275.0,0.0,0.0,0.0,0.0,0.0,0.0,0.0,0.0,0.0017596477611022546,-0.005693976263425188,-0.004133393840901845,0.06803525926440446,0.18582295369847415,-9.925379349350946,2.941880894050638,24.980502485350915,101289.67457379159,0.9996685488197662,-0.01235316259794838,0.0014162661433487756,-0.022546353709243325,nan,nan,nan,0.0,0.0,-1.0,0.2757915036725316,-0.03444661710167667,0.46971557027820326,5428.67041015625,5430.0712890625,5432.9658203125,5421.8740234375,"2,1,0.5,1,15",0
52,39446773,23.86777300000004,-0.0003996046934194086,-2.582125048042485e-05,-0.000208235124665556,0.27621078,1276.0,1275.0,1276.0,1276.0,0.0,0.0,0.0,0.0,0.0,0.0,0.0,0.0,0.0022754224163231314,0.012210389935248802,0.002276506434082865,-0.00010145273048511346,0.1419849110056215,-9.774278203414534,3.002723679920983,24.980138530837465,101288.94081429142,0.9996698414107366,-0.012342914056595922,0.0014044266066583439,-0.022492573526009155,nan,nan,nan,0.0,0.0,-1.0,0.2780091560025354,-0.033820517459116836,0.4723208759264737,5426.003416829421,5423.363132766007,5428.089140159958,5423.975541713179,"2,1,0.5,1,15",0
53,39496773,23.91777300000004,0.0005210745320631623,-0.00020842807494701848,0.00010029696710367754,0.27604374,1275.0,1276.0,1276.0,1275.0,0.0,0.0,0.0,0.0,0.0,0.0,0.0,0.0,0.0021433162048618334,0.0078017488200706414,-0.003317445083960108,-0.017751663444836908,0.2456467792956576,-9.886108318512361,3.106297035532758,24.979803512532058,101287.68184541851,0.9996691153903811,-0.012323593881844681,0.0016152253038934001,-0.022522801243805957,nan,nan,nan,0.0,0.0,-1.0,0.2770912039599171,-0.03526678608253529,0.47053717815776486,5423.766644604494,5430.196824169923,5423.718249145507,5428.110677661127,"2,1,0.5,1,15",0
54,39546773,23.96777300000004,-6.392044303018594e-05,-0.00039793620648635595,-0.0006541112119777832,0.2760242149215166,1275.0,1275.1369565217392,1276.0,1276.1369565217392,0.0,0.0,0.0,0.0,0.0,0.0,0.0,0.0,0.0017867033987919788,0.0019108261850930175,0.004215211184109205,0.036411837918820966,0.21390350810582265,-9.684636878714665,3.155052693064924,24.979446997048907,101287.11846543002,0.9996704608222812,-0.012292017936339522,0.0016568272676392572,-0.02247814378514589,nan,nan,nan,0.0,0.0,-1.0,0.27554251075491504,-0.034760904765814865,0.4724976642687013,5423.749793994142,5427.851267333985,5427.206609619146,5429.766461865241,"2,1,0.5,1,15",0
55,39596773,24.01777300000004,-0.00016709128129263916,-0.00028042633138016155,-0.00019106191469254937,0.2763039,1275.6676391382405,1276.0,1276.0,1276.3323608617595,0.0,0.0,0.0,0.0,0.0,0.0,0.0,0.0,0.002077053720152603,-0.005881578257854578,-9.624708456014387e-05,-0.041284024138240574,0.2290531752109515,-9.79572482091562,3.1980922262551736,24.97909631484746,101286.58190249885,0.9996726035644938,-0.012280819938973647,0.0015705149754507628,-0.022393713568654647,nan,nan,nan,0.0,0.0,-1.0,0.27554789997962476,-0.034461868105441884,0.47143382312590204,5426.536947460942,5427.850866699224,5430.530812841797,5434.118368334958,"2,1,0.5,1,15",0
56,39646773,24.06777300000004,3.227554535714286e-05,0.0005166552146616541,-0.0006559335259398497,0.2767628,1276.0,1275.0269331016507,1277.0,1276.9730668983493,0.0,0.0,0.0,0.0,0.0,0.0,0.0,0.0,-0.007751127861471861,-0.013068334080808082,0.001034105653968254,0.1079385123953824,0.13634765831168832,-9.898716106782107,3.2537516741420314,24.978737057945516,101285.92018812474,0.9996739640492198,-0.01234023219928961,0.0013124862595331726,-0.022317337127996953,nan,nan,nan,0.0,0.0,-1.0,0.2768817880645303,-0.03451306965630616,0.47044733964490815,5430.094595476847,5430.793171029441,5435.125355837947,5430.197386135184,"2,1,0.5,1,15",0
57,39696773,24.117773000000042,0.0004914040215194095,0.00022734924512026673,0.0003455808827339843,0.27670524,1276.0,1277.0,1276.2648249583235,1275.0,0.0,0.0,0.0,0.0,0.0,0.0,0.0,0.0,0.002014070324285715,-0.007159804039047618,-0.003335930141666666,0.06340827669047619,0.25180183340476187,-9.800827236904762,3.2998195632510177,24.97838803531068,101285.37737643164,0.9996720668445476,-0.01257703446473318,0.0010409085426218098,-0.022283267267053364,nan,nan,nan,0.0,0.0,-1.0,0.2780367827402845,-0.03536016113617228,0.4720788125891789,5431.30213291016,5435.923777124037,5442.980453930659,5423.566364477546,"2,1,0.5,1,15",0
58,39746773,24.167773000000043,-0.00017088398218708122,-0.0006275724731010453,1.2186129434467972e-05,0.2768424861886894,1276.0,1277.0,1275.8978826051996,1277.0,0.0,0.0,0.0,0.0,0.0,0.0,0.0,0.0,0.0066331985134048255,0.007050775556836461,-0.00012549916947721183,0.05376560835924933,0.2465301561930295,-9.752097836461127,3.356779856451239,24.97803711126554,101284.67767431086,0.999676103523427,-0.012439125700401605,0.0010572104891834004,-0.022178584093440427,nan,nan,nan,0.0,0.0,-1.0,0.27674732535580526,-0.0358125117752809,0.4700169404494382,5431.808278857428,5433.2499639160205,5430.848401586895,5442.446157446286,"2,1,0.5,1,15",0
59,39796773,24.217773000000044,0.0004233478303340341,-0.0001124313803485167,6.497391415557114e-06,0.2760265,1275.0,1276.0,1276.0,1275.3278076114873,0.0,0.0,0.0,0.0,0.0,0.0,0.0,0.0,-0.00332348295734951,-0.010028331115725618,-0.0044635402340643966,-0.0023320277599160055,0.21213258627624826,-9.79226061665889,3.4650982682149025,24.97768335824227,101283.38156014052,0.9996767769045902,-0.01236571924260995,0.0010213213136745975,-0.022189955813746696,nan,nan,nan,0.0,0.0,-1.0,0.2786498029706675,-0.0342338058085543,0.4703087360117491,5429.47924194335,5430.180047143545,5422.45836826172,5429.663589111307,"2,1,0.5,1,15",0
60,39846773,24.267773000000044,0.0003542761090718406,0.00034633936567907706,0.0003939759510802307,0.2760472552700577,1276.0,1276.0,1276.0,1274.7423328964614,0.0,0.0,0.0,0.0,0.0,0.0,0.0,0.0,-0.00970567370933893,-0.015389695836306401,-0.008450608814270724,-0.0030258118516894024,0.24310978056663168,-9.73975993913956,3.4755848408927785,24.977333123016102,101283.24938971731,0.9996774106804012,-0.012498961968284088,0.000696934449021415,-0.022102552639739766,nan,nan,nan,0.0,0.0,-1.0,0.2776806196247284,-0.03587416440647837,0.47183499296267034,5426.822868359366,5426.76049135743,5431.145919140636,5418.735288647467,"2,1,0.5,1,15",0
61,39896773,24.317773000000045,0.00045361610230235783,0.00039358938515950066,0.0001563783898196949,0.2759425383495146,1275.7399445214978,1275.7399445214978,1276.0,1275.0,0.0,0.0,0.0,0.0,0.0,0.0,0.0,0.0,0.0017842552234074074,-0.010094469068148149,-0.0006130503244444444,0.03219081474074074,0.20635824251851853,-9.683049392592592,3.4991794045595097,24.976983636487603,101282.95653012465,0.9996778804497414,-0.01267519655610524,0.0004984114335619519,-0.02198446284259051,nan,nan,nan,0.0,0.0,-1.0,0.27815467335024135,-0.034609508085739996,0.47035525252065774,5423.281280224625,5424.309181494145,5434.970523999014,5425.482029663084,"2,1,0.5,1,15",0
62,39946773,24.367773000000046,0.00010980496984808801,-0.0006196779187637506,0.0001513832747328444,0.275768,1275.0,1276.0,1275.0,1275.290627461276,0.0,0.0,0.0,0.0,0.0,0.0,0.0,0.0,0.009443122781446541,0.0035895965351415097,-0.0007950416286556603,0.06416739946540881,0.1626037779638365,-9.782052577044025,3.5575133244012416,24.976629253615975,101282.28096258125,0.9996805475117863,-0.012494897913960188,0.0004925467201283395,-0.021966456121005763,nan,nan,nan,0.0,0.0,-1.0,0.27819298356803734,-0.03463982127746037,0.4704565449456828,5421.129892822258,5429.909900683583,5423.691936718744,5426.540756518537,"2,1,0.5,1,15",0
63,39996773,24.417773000000047,-0.00038014155695641986,0.0007080412981021556,0.00011445783562675726,0.27564594,1276.0,1274.433644859813,1275.0,1275.0,0.0,0.0,0.0,0.0,0.0,0.0,0.0,0.0,0.018782473117881414,-0.007035184480290602,0.001809646859301617,-0.0316029762521678,0.2135471780665573,-9.69502016358097,3.627902463965805,24.97627632125382,101281.42106240978,0.9996838025152956,-0.01222620041898935,0.00038219788227056425,-0.02197297335690007,nan,nan,nan,0.0,0.0,-1.0,0.27707624435131195,-0.0335910095255102,0.4702143720102041,5427.559521484382,5419.077713983434,5422.625069382453,5415.244796805254,"2,1,0.5,1,15",0
64,40046773,24.467773000000047,-0.00019285350182140595,0.00020467816773147562,0.00024180498582647246,0.27586725,1276.0,1275.0,1275.0,1275.0,0.0,0.0,0.0,0.0,0.0,0.0,0.0,0.0,0.009724689200988467,0.004811521968698517,0.0010156128996705108,0.04581005136738056,0.19658525212520592,-9.810497304777593,3.712500853125,24.975942741679567,101280.41117743807,0.9996859805856553,-0.012001846712848298,0.0003139128348452013,-0.021997711177760577,nan,nan,nan,0.0,0.0,-1.0,0.27887383675397126,-0.03428109111440999,0.470737707322239,5430.6121068603525,5422.573975805666,5421.524504931633,5416.906386596689,"2,1,0.5,1,15",0
65,40096773,24.517773000000048,0.0006841239418284832,-3.0487865150656703e-05,-0.0005301437653360804,0.27599353,1274.3824362606233,1275.3824362606233,1276.6175637393767,1275.6175637393767,0.0,0.0,0.0,0.0,0.0,0.0,0.0,0.0,0.0003853171078547514,0.015474762279809425,0.008300332475714654,0.003596254896214266,0.17543634918877157,-9.80002476023693,3.738863535786292,24.97560234521874,101280.10593492357,0.9996878530555555,-0.01190799622633745,0.0005608139054012345,-0.021960291975308643,nan,nan,nan,0.0,0.0,-1.0,0.27778058109105963,-0.032724427897475164,0.4701926789714404,5417.741073486313,5426.625113061521,5425.987299438489,5425.002761743169,"2,1,0.5,1,15",0
66,40146773,24.56777300000005,-9.757881289276073e-05,-7.635841105546013e-05,0.00041717497261104295,0.27639660651288345,1276.1611874386654,1276.1611874386654,1275.0,1275.8388125613346,0.0,0.0,0.0,0.0,0.0,0.0,0.0,0.0,0.002989009625809617,0.00258809296545633,-0.007498472359175663,0.016271538714033366,0.2393073863199215,-9.754878384690873,3.789663033751722,24.975246093525183,101279.49906627889,0.9996879563790144,-0.011848056105417995,0.0007852028756361853,-0.021979664866879137,nan,nan,nan,0.0,0.0,-1.0,0.2787222418421797,-0.032907675025266335,0.4708939848095597,5428.568350563765,5430.283746781785,5425.611493519177,5428.398434814462,"2,1,0.5,1,15",0
67,40196773,24.61777300000005,-0.0004528458943256579,7.974301653166117e-05,5.387650233963815e-05,0.2768174745271382,1277.0,1276.0,1276.0,1276.5232319078948,0.0,0.0,0.0,0.0,0.0,0.0,0.0,0.0,0.006573264587045034,0.00615663039019124,0.0008425468170882172,0.06577080251079581,0.23939272185687846,-9.857697853793955,3.869208077829631,24.97488909364652,101278.54074775857,0.9996898275842235,-0.0116735889831553,0.0008717736021980279,-0.021984172826211998,nan,nan,nan,0.0,0.0,-1.0,0.27728905865647024,-0.03495540532643575,0.47095522657519867,5435.69758228701,5430.806381277902,5430.364902157739,5434.672140020467,"2,1,0.5,1,15",0
68,40246773,24.66777300000005,0.0008654401395249637,-0.0001784274274066893,0.00023649031902084344,0.27647787,1275.1282113427048,1277.0,1276.0,1275.0,0.0,0.0,0.0,0.0,0.0,0.0,0.0,0.0,-0.0033354873965124724,-0.0014728346411721966,-0.000809186210205861,0.043191243804795346,0.28371325806490677,-9.80533184657302,3.907169468041798,24.9745452851649,101278.07971137785,0.9996887756698045,-0.011744480916727008,0.0009347815970311369,-0.021990843101375813,nan,nan,nan,0.0,0.0,-1.0,0.2767961474853683,-0.0332902822167104,0.47184454703047424,5425.88820375977,5437.012108813473,5432.775892480466,5426.40038156738,"2,1,0.5,1,15",0
69,40296773,24.71777300000005,2.369367786577653e-05,0.0001672237489510424,-0.00048030826123448113,0.27628314,1275.3896559794055,1275.0,1276.0,1276.0,0.0,0.0,0.0,0.0,0.0,0.0,0.0,0.0,0.002696108288322399,0.0027959236646672918,0.004121079114339269,-0.0010037911508903458,0.19622929496719776,-9.85520122118088,3.949096434817977,24.974206482086192,101277.57475624532,0.999686856287985,-0.011789554870032725,0.0009783116094436654,-0.022052195582047688,nan,nan,nan,0.0,0.0,-1.0,0.2778428495078606,-0.03363106508749145,0.4698969441285031,5425.941560424799,5430.677788940406,5428.9948043212935,5423.389748144539,"2,1,0.5,1,15",0
70,40346773,24.76777300000005,-0.0003606852993833041,-9.285534473251443e-05,-0.00074837373073452,0.27583194,1275.0,1274.1895211832539,1276.0,1276.0,0.0,0.0,0.0,0.0,0.0,0.0,0.0,0.0,0.013108528579593883,0.0049566163736726,0.005398967208297819,0.07684674842366508,0.18292466544998748,-9.794095982702432,3.9929542510490306,24.97386217476245,101277.04535119727,0.9996909280983443,-0.011529517919217261,0.0009565937334420472,-0.02200761280080281,nan,nan,nan,0.0,0.0,-1.0,0.2776204374702077,-0.03388291108997276,0.4724072388363977,5423.9051143798915,5416.266155224627,5426.302997314446,5428.723674121068,"2,1,0.5,1,15",0
71,40396773,24.817773000000052,0.00011140399045454546,-0.0003108681475482094,8.332488262121212e-05,0.345597735785124,1343.4645398209777,1344.4645398209777,1343.779894422768,1344.4645398209777,0.0,0.0,0.0,0.0,0.0,0.0,0.0,0.0,0.00032579272396694216,0.006301076899173554,0.0006492867999999996,0.0054387046074380165,0.2490484061983471,-9.764666371900827,4.018421557464221,24.973518664451063,101276.74603957354,0.9996907631573987,-0.011460635541941565,0.0009816068643166823,-0.02204996618284637,nan,nan,nan,0.0,0.0,-1.0,0.27823124160560025,-0.032743607479892765,0.47089450224406715,5782.742242359953,5779.758042726162,5783.719214674409,5784.860590919548,"2,1,0.5,1,15",0
72,40446773,24.867773000000053,0.00019097822565749943,2.9284362416662815e-05,-6.6257274310145554e-06,0.37266707,1372.0,1372.0,1372.0,1372.0,0.0,0.0,0.0,0.0,0.0,0.0,0.0,0.0,-0.00455760830046168,0.002356899852059095,0.0005223045104339795,0.053412095185595566,0.22485101484764541,-13.377168488457988,4.079320021770682,24.97315375818094,101276.01669143686,0.9996901733279371,-0.011504274324468084,0.0011305182731036077,-0.02204808480018501,nan,nan,nan,0.0,0.0,-1.0,0.27830043420700673,-0.03274606713414513,0.4729396817237249,6480.609276635716,6487.135433886711,6480.923810937477,6483.693239721635,"2,1,0.5,1,15",0
73,40496773,24.917773000000054,0.0003380006079749823,0.0005364160693415152,0.00048310311684682554,0.35210982,1352.0,1352.0,1352.0,1350.2330578512397,0.0,0.0,0.0,0.0,0.0,0.0,0.0,0.0,0.00023720625785123971,-0.0026840740523305785,-0.0051597786575206615,0.08834697854545454,0.25805429778512395,-13.659698391735537,4.149595214744186,24.972739187344796,101275.16371978844,0.9996878922230114,-0.011633825129024621,0.0011555023783617424,-0.022078193195312498,nan,nan,nan,0.0,0.0,-1.0,0.2765319028669397,-0.03406373480336223,0.4707071460429565,6335.300605590562,6337.101403539754,6346.415330737053,6331.452164892298,"2,1,0.5,1,15",0
74,40546773,24.967773000000054,-0.0011088342643224345,-0.00023179184766604976,-0.0007270566744108575,0.33038428,1330.0,1328.092927631579,1329.907072368421,1331.907072368421,0.0,0.0,0.0,0.0,0.0,0.0,0.0,0.0,0.015894075785523338,0.012167037151552538,0.0005903354899856057,0.09985470678182191,0.20445004577010076,-12.53850728994448,4.235400128407785,24.97227025764158,101274.13314410395,0.9996925672895657,-0.011365376236674213,0.0011255273957810248,-0.022010029231117514,nan,nan,nan,0.0,0.0,-1.0,0.27696824040155826,-0.03412297026400959,0.47223992409949056,6110.276619530994,6094.604911645263,6105.745619628627,6109.147453124755,"2,1,0.5,1,15",0
75,40596773,25.017773000000055,-7.133745405143906e-05,-0.0002843598537207593,0.00034533275294182483,0.31316492,1313.0,1313.0,1312.0,1313.0,0.0,0.0,0.0,0.0,0.0,0.0,0.0,0.0,-0.0008712983837824593,0.011620623014208721,-0.006938132043361097,0.02137543994120529,0.1634713216021558,-11.492850320921116,4.332671018523219,24.971751779963466,101272.954543217,0.9996928847358121,-0.01121686928962818,0.0013839377657534247,-0.02205678306457926,nan,nan,nan,0.0,0.0,-1.0,0.2774251976455597,-0.034146934533963925,0.47190253188100373,5937.68115234375,5940.44580078125,5931.64453125,5943.50927734375,"2,1,0.5,1,15",0
76,40646773,25.067773000000056,0.001385549717494385,-0.0005288791533566259,-1.862744314998752e-05,0.3017126122310956,1299.8457314028956,1302.8457314028956,1301.8457314028956,1300.6914628057914,0.0,0.0,0.0,0.0,0.0,0.0,0.0,0.0,-0.020800527108337494,0.008078000237393908,-0.001080305996055916,0.055511929135796306,0.13648730436095857,-10.61513983711932,4.399749311272531,24.971214053806833,101272.16531988162,0.9996885364248318,-0.011597959796808777,0.0016230969120668163,-0.022037738997008227,nan,nan,nan,0.0,0.0,-1.0,0.2782991477939317,-0.033737629997568803,0.4709056988014198,5742.796666308468,5767.228111327985,5762.0746488035775,5750.352974926617,"2,1,0.5,1,15",0
77,40696773,25.117773000000057,-0.0006978699937155193,-7.696078357351884e-05,-0.00021072042566529144,0.29508720465819144,1294.6853986551394,1293.6853986551394,1294.3426993275696,1295.3426993275696,0.0,0.0,0.0,0.0,0.0,0.0,0.0,0.0,0.013192256596928983,-0.0024842081260556623,0.005438965723224569,0.06765558861996161,0.25115243361804224,-10.053119024952016,4.479950757912032,24.97066325208058,101271.18971062456,0.9996879355462185,-0.011626204136134454,0.0016589577857142857,-0.02204824392436975,nan,nan,nan,0.0,0.0,-1.0,0.2771616381205977,-0.03332276523773462,0.4718590798660478,5667.819945507751,5664.140441332896,5665.111123657146,5663.6273743407755,"2,1,0.5,1,15",0
78,40746773,25.167773000000057,-0.0008548980393867924,0.00016556590376768868,-0.00018419813579009434,0.29081777,1290.8467342607876,1289.1532657392124,1290.0,1291.0,0.0,0.0,0.0,0.0,0.0,0.0,0.0,0.0,0.001801869258879717,0.0035260639382075467,0.0030259115469693397,0.03487741774646226,0.22880270556603774,-9.781244003537736,4.517743537316707,24.970103750606164,101270.75120771273,0.9996946339627095,-0.011200010806938871,0.0015609185554401699,-0.021971398838329007,nan,nan,nan,0.0,0.0,-1.0,0.27766334557083294,-0.03438117613297259,0.4718049857078861,5615.6509963622475,5594.0786429931395,5600.994160449196,5615.824567065354,"2,1,0.5,1,15",0
79,40796773,25.217773000000058,0.001277557793781392,-0.0002631386922865343,0.0002761786961779479,0.28861500038268356,1287.3001916626738,1289.3001916626738,1288.3001916626738,1287.3001916626738,0.0,0.0,0.0,0.0,0.0,0.0,0.0,0.0,-0.024469754455284553,0.006065749726829269,0.001971899222764227,0.01695702485365854,0.21273958991869918,-9.660650284552846,4.605295399784109,24.96954968125217,101269.68797640619,0.9996903796643632,-0.01157567365745311,0.0016484269336623889,-0.021965818918065153,nan,nan,nan,0.0,0.0,-1.0,0.27519529480803334,-0.033271670887129366,0.4722957596746258,5567.636149658159,5579.6872259277225,5584.973424804672,5571.994842602499,"2,1,0.5,1,15",0
80,40846773,25.26777300000006,0.00035085223950674844,-0.00021451209145030673,0.00021850916628220857,0.28702053,1286.0,1287.0,1286.0,1286.0,0.0,0.0,0.0,0.0,0.0,0.0,0.0,0.0,-0.006308356665408188,0.011342717136798235,-0.0007612229127482227,0.007262702159843098,0.18074815374846775,-9.712554728119638,4.76438654033927,24.968998429722664,101267.77672048697,0.9996847600308276,-0.01203322544024188,0.001873323516362343,-0.021956465665876217,nan,nan,nan,0.0,0.0,-1.0,0.27740009683895833,-0.03498225483787123,0.47174368234471514,5547.297761523433,5563.61650849606,5554.193885815406,5550.275347534183,"2,1,0.5,1,15",0
81,40896773,25.31777300000006,-0.0012509891113443277,-2.98811960709645e-05,0.0004920969288355822,0.2859169,1287.0,1285.0,1284.0,1286.0,0.0,0.0,0.0,0.0,0.0,0.0,0.0,0.0,0.012658058410455227,-0.006072810023194096,-0.0027843496741120563,0.017586322964482242,0.1365467658154077,-9.502386874687343,4.792337457752818,24.96845125120206,101267.45456793092,0.9996865857328339,-0.011846306728838952,0.0019544458672659175,-0.02197002246017478,nan,nan,nan,0.0,0.0,-1.0,0.27562692572845626,-0.03395970471295722,0.47217938394296344,5548.17041015625,5544.90087890625,5538.70849609375,5547.51806640625,"2,1,0.5,1,15",0
82,40946773,25.36777300000006,0.0008566954417944786,-0.00040788007075153376,-0.0007911108885736197,0.28538853,1283.0,1285.0,1286.0,1285.0,0.0,0.0,0.0,0.0,0.0,0.0,0.0,0.0,-0.014072466285969844,0.007323918241502684,0.0062075516669563,-0.03127629934014823,0.1841279983899821,-9.52743772770253,4.923537523179781,24.967910543146633,101265.88168000677,0.999686640326864,-0.011954698615934628,0.0019055273372829418,-0.021909541762002042,nan,nan,nan,0.0,0.0,-1.0,0.27704380261941447,-0.033648841357473036,0.4712022924088341,5527.3426271240105,5535.108322460942,5541.454053784187,5530.667646826168,"2,1,0.5,1,15",0
83,40996773,25.41777300000006,0.0005517343191962175,-0.0005166413960204885,0.0002503813957060678,0.285095693559233,1284.0,1285.5646903820816,1284.4353096179184,1284.0,0.0,0.0,0.0,0.0,0.0,0.0,0.0,0.0,-0.004139172820640756,0.0038212353088760507,-0.005973963426102942,0.05509833414915967,0.1917690024947479,-9.543168920955882,4.975431414067047,24.96736846705855,101265.25908898849,0.9996844815069237,-0.012286725138202552,0.0019512919593809397,-0.021821159100190064,nan,nan,nan,0.0,0.0,-1.0,0.27714140909379287,-0.033140851838906034,0.47194982421124826,5520.141429687511,5535.064008789064,5536.761729492152,5531.542993164068,"2,1,0.5,1,15",0
84,41046773,25.46777300000006,-0.000861613502594194,-0.0002453972061684167,0.0006039084926415483,0.2850415,1286.0,1285.0,1283.0,1284.8958419102512,0.0,0.0,0.0,0.0,0.0,0.0,0.0,0.0,0.009643213115503398,-0.008264162686431953,-0.005798323342392424,0.002104536928844966,0.16942180299567636,-9.42985345274861,5.066134172643594,24.966824217231224,101264.15356958764,0.999687421747733,-0.012078009131904368,0.0019517517845836767,-0.021805904427040394,nan,nan,nan,0.0,0.0,-1.0,0.2766891198818439,-0.03376494110500915,0.4722903421900483,5535.717080444354,5525.4688296630875,5517.537921533179,5532.485618237293,"2,1,0.5,1,15",0
85,41096773,25.517773000000062,0.0001456857749924357,0.00017759693649016642,-0.00030149559987140704,0.2848907446293495,1284.0,1284.0,1285.0,1284.6381744831065,0.0,0.0,0.0,0.0,0.0,0.0,0.0,0.0,-0.006884384305521936,-0.009063808002647503,0.004352093587871911,0.0657366697859304,0.14887255738779626,-9.565986834846193,5.156269419057955,24.966295058570413,101263.07686939316,0.9996863588620343,-0.012073261716515609,0.0017793556981369589,-0.021869517658610272,nan,nan,nan,0.0,0.0,-1.0,0.2765709724975972,-0.03394620035037134,0.47191812971210134,5529.637726415995,5530.733960766599,5523.091046826181,5524.351574829106,"2,1,0.5,1,15",0
86,41146773,25.567773000000063,0.000832005665498804,-8.189543058590122e-05,0.00014756903625017589,0.2845357084367525,1283.459969044604,1285.0,1284.459969044604,1283.0,0.0,0.0,0.0,0.0,0.0,0.0,0.0,0.0,-0.011072830199029127,-0.007918589699029126,-0.0005233813762718447,-0.004602554697087379,0.2268755603883495,-9.592592805825243,5.276579443209877,24.965777298575496,101261.64040645774,0.9996837940607424,-0.012351060733970754,0.0015869860695163105,-0.02184904577671541,nan,nan,nan,0.0,0.0,-1.0,0.2777909889109475,-0.034167157394084866,0.47106963702941296,5519.277315185548,5527.110648535158,5532.505588891597,5519.505812182605,"2,1,0.5,1,15",0
87,41196773,25.617773000000064,-0.0005779579251258742,0.00013186630825874125,1.727479058041961e-05,0.28411353778321674,1284.0,1283.3805082769877,1283.0,1283.6194917230123,0.0,0.0,0.0,0.0,0.0,0.0,0.0,0.0,0.009447538871025642,-0.006129502925454546,0.006547270022937063,0.07178529866666666,0.2331547572121212,-9.643969589277388,5.319918927730038,24.96525805976634,101261.12219175437,0.9996818442348009,-0.012437022656184486,0.0014260845438853948,-0.02190050046051712,nan,nan,nan,0.0,0.0,-1.0,0.2756130571618452,-0.0347329627724785,0.47183584429632525,5521.1928008788955,5518.491934350557,5514.218349975595,5520.155938964869,"2,1,0.5,1,15",0
88,41246773,25.667773000000064,0.00014658992536737236,0.00020113602708592777,-8.594144100124534e-05,0.28364804326276466,1283.0,1283.0,1283.2677459526774,1283.0,0.0,0.0,0.0,0.0,0.0,0.0,0.0,0.0,-0.008972044236173394,-0.017369056340807175,0.004614776594170404,0.08225158898355754,0.23453449420029895,-9.375515535127056,5.327892165856552,24.96477385630358,101261.02207727343,0.99968255,-0.012491224546948941,0.0012350689704856788,-0.021849101454047323,nan,nan,nan,0.0,0.0,-1.0,0.27628010794715047,-0.03426716780812463,0.47123506247880104,5512.156974060056,5509.234534016924,5517.728359090185,5517.070163207995,"2,1,0.5,1,15",0
89,41296773,25.717773000000065,0.0008373279041138484,-2.514400669170055e-05,-2.1338806192537673e-05,0.28392273,1283.0,1284.0,1284.0,1283.0,0.0,0.0,0.0,0.0,0.0,0.0,0.0,0.0,-0.014716037881368094,-0.0030570009544128203,-0.0006172865067208804,0.07729349897105955,0.2649456747333174,-9.48961141186319,5.416995186643438,24.964248513182344,101259.94563734031,0.9996789914040114,-0.012819066282234956,0.0010651822515759313,-0.021829795739255014,nan,nan,nan,0.0,0.0,-1.0,0.27849162931642957,-0.035284708783343645,0.47114465850340137,5511.794553857427,5517.150716137695,5519.136414697259,5513.089000952158,"2,1,0.5,1,15",0
90,41346773,25.767773000000066,-0.0004917409232842848,0.00043953759242024723,0.0004776311518975868,0.28395626,1285.0,1283.0,1283.0,1283.0,0.0,0.0,0.0,0.0,0.0,0.0,0.0,0.0,-0.0045963810601177164,-0.0086969422866392,-0.005005929485909359,-0.010330704115950558,0.29886395431312535,-9.604759973631548,5.511561832965029,24.963748508190395,101258.813452857,0.9996768287294118,-0.012868368141176471,0.0009800025554117648,-0.021900517563529412,nan,nan,nan,0.0,0.0,-1.0,0.27715151537804766,-0.0341716455957689,0.4725168347367422,5529.955160473653,5513.335123999024,5511.095546728513,5511.54606120604,"2,1,0.5,1,15",0
91,41396773,25.817773000000066,0.00043982966294773667,-0.00035535003147168164,0.00011628249480341132,0.2834472446184124,1282.579200349574,1283.579200349574,1283.0,1283.0,0.0,0.0,0.0,0.0,0.0,0.0,0.0,0.0,-0.014876600309883848,0.004485335280078896,-0.002756922493885602,-0.013391336226824462,0.15296343027175105,-9.4896276226167,5.569633795456792,24.963251709970148,101258.11462110278,0.9996724149053796,-0.013210850361684031,0.0010238467338294704,-0.021900213169466297,nan,nan,nan,0.0,0.0,-1.0,0.276090212412523,-0.03506668177900552,0.4700782358563536,5507.9838340541255,5518.724934779583,5515.0839155040785,5510.2589788644,"2,1,0.5,1,15",0
92,41446773,25.867773000000067,0.0005035721353622474,-0.0003662620695810744,0.0008508802306308527,0.28367737,1283.0,1285.0,1282.1533152575794,1282.0,0.0,0.0,0.0,0.0,0.0,0.0,0.0,0.0,-0.01378247960940973,-0.003053626957046184,-0.005418946322672265,-0.02048427624892566,0.19796408531983203,-9.615640469498642,5.639270414505977,24.962740572116033,101257.27094666129,0.9996671684171778,-0.013448480887361964,0.0011878482525889572,-0.021982621664785276,nan,nan,nan,0.0,0.0,-1.0,0.2768935865608119,-0.03458055108348339,0.4713083961041087,5511.572426025389,5524.921507739246,5505.344476635755,5513.828672314453,"2,1,0.5,1,15",0
93,41496773,25.917773000000068,-5.991575137650233e-05,0.00045205506894775574,0.0003726681958695119,0.2839636838189845,1284.0,1283.668464933791,1283.331535066209,1283.0,0.0,0.0,0.0,0.0,0.0,0.0,0.0,0.0,-0.003436974134013739,-0.012787206782139352,-0.003256560077919529,0.014373689097154073,0.2403138151030422,-9.552065679097154,5.714437293140939,24.962246705666928,101256.36745074103,0.9996663945975043,-0.013510411200636164,0.0010283390683875704,-0.021989837798629803,nan,nan,nan,0.0,0.0,-1.0,0.2782022410106521,-0.034288533435351175,0.4707494919303715,5512.5966796875,5514.91943359375,5516.14453125,5516.40185546875,"2,1,0.5,1,15",0
94,41546773,25.96777300000007,0.0003250744756581892,-4.5481956515564597e-05,0.00048176215971515766,0.2841448,1284.0,1284.0,1283.126497461929,1283.0,0.0,0.0,0.0,0.0,0.0,0.0,0.0,0.0,-0.008259988347914547,-0.006472436014445575,-0.0012791484878942015,0.05907533800111903,0.23474563453509664,-9.589994727161749,5.793179677168348,24.961760769349496,101255.42626562263,0.9996667197724041,-0.013574777272505589,0.0007603189145173745,-0.021948523520016257,nan,nan,nan,0.0,0.0,-1.0,0.2771999638663107,-0.0373482327689113,0.47166548756056564,5520.117059130865,5517.226896606469,5519.196813891596,5514.064610742181,"2,1,0.5,1,15",0
95,41596773,26.01777300000007,0.0006574148035852054,-0.0002561020316133424,-0.0005961979472657136,0.2840267,1282.0,1284.0,1284.4259510869565,1284.0,0.0,0.0,0.0,0.0,0.0,0.0,0.0,0.0,-0.003095845786725664,-0.002096091759690946,-2.906904288631695e-05,0.012110681931245745,0.2825254054526889,-9.728568113002042,5.915369975139241,24.961275580759494,101253.9627972736,0.9996642824344569,-0.01372544915730337,0.000635241008680326,-0.021968992353602116,nan,nan,nan,0.0,0.0,-1.0,0.2787234734565748,-0.03663399279734915,0.47081320182071856,5511.533978808589,5524.137779443353,5520.382841821302,5516.497855151369,"2,1,0.5,1,15",0
96,41646773,26.06777300000007,7.934149647729866e-06,4.165925148300251e-05,-6.428960970864705e-05,0.28399593,1283.144517893777,1283.0,1283.855482106223,1284.0,0.0,0.0,0.0,0.0,0.0,0.0,0.0,0.0,0.010009069190965092,-0.003781153338603696,-8.479511593018481e-05,-0.04400361606529774,0.25048746862423,-9.669284696098563,6.00359550486211,24.960782410595513,101252.8982247462,0.9996660200136147,-0.013661437652144314,0.0005449259158883594,-0.021932219539142272,nan,nan,nan,0.0,0.0,-1.0,0.2787806816412326,-0.03637370415394964,0.4714543798511792,5515.617360986363,5513.957692553704,5517.999007519515,5520.528006225572,"2,1,0.5,1,15",0
97,41696773,26.11777300000007,-0.0004120575743498877,0.0008006636036561018,0.00038356794944347395,0.28358164555028703,1284.0,1283.0,1283.0,1282.3388223552895,0.0,0.0,0.0,0.0,0.0,0.0,0.0,0.0,0.0028334048895958088,-0.008303405649176646,-0.0041460199001497,0.007500148506362277,0.2575106928517964,-9.597047416167666,6.065874843411229,24.960292113526616,101252.15112653932,0.9996672387072623,-0.01351018174769154,0.00036061164822810086,-0.02197386686024457,nan,nan,nan,0.0,0.0,-1.0,0.27994172818203905,-0.03749308182002591,0.47031794446189973,5520.915606884771,5511.421575854489,5515.761788769525,5508.179670312471,"2,1,0.5,1,15",0
98,41746773,26.16777300000007,0.0003734086414496644,9.808503374765104e-06,0.00020643607209395974,0.2832816,1283.0,1283.0,1283.0,1282.0,0.0,0.0,0.0,0.0,0.0,0.0,0.0,0.0,-0.0015527508363942155,0.0047987622191751475,-0.003864524177129084,0.04761570254204606,0.2060387812908409,-9.58168245206213,6.170788919714352,24.95980745696027,101250.8958098822,0.9996639182230869,-0.01360474593774319,0.0003443061943450065,-0.02206555654085603,nan,nan,nan,0.0,0.0,-1.0,0.2772782507910224,-0.036562269105386534,0.4705826670633416,5512.47129555661,5516.8664742431765,5511.2979914550715,5499.55079667971,"2,1,0.5,1,15",0
99,41796773,26.217773000000072,0.00020679932552576235,-0.0009503090031545741,-0.00012890009153259727,0.283116648785489,1282.0,1283.355152471083,1282.0,1283.0,0.0,0.0,0.0,0.0,0.0,0.0,0.0,0.0,0.00942452977412569,0.011204565138048909,0.0022027591213778595,0.05741085704838286,0.23265741747567711,-9.527222758611623,6.247419706842701,24.959328865465864,101249.98095482837,0.99966481359937,-0.013575867996849567,0.0006293035947230244,-0.02203840268574429,nan,nan,nan,0.0,0.0,-1.0,0.2781169553369468,-0.0359782048687636,0.46849024683453544,5498.938130688492,5514.848121948235,5505.197834008768,5509.61993735352,"2,1,0.5,1,15",0
100,41846773,26.267773000000073,-0.0003199328892469438,0.0006452901619022005,-0.0005369959993007335,0.28300133,1283.0,1281.0,1283.0,1283.0,0.0,0.0,0.0,0.0,0.0,0.0,0.0,0.0,0.012791396866487675,-0.010997434734439834,0.001360251509497193,-0.007336334462777642,0.20868288372467658,-9.732849966560899,6.281947063685121,24.95885911851211,101249.56830795847,0.9996688024667931,-0.013244221487666035,0.0005598687225237192,-0.02206128084629981,nan,nan,nan,0.0,0.0,-1.0,0.2775022951852962,-0.03456657587333933,0.4696425880391569,5512.829128393569,5498.219465722637,5504.680512329098,5507.860929003908,"2,1,0.5,1,15",0
101,41896773,26.317773000000074,-0.00023172624900192864,-0.00019542398531099324,1.5135132152121504e-05,0.2829116306774349,1282.4645953757226,1282.0,1282.0,1283.0,0.0,0.0,0.0,0.0,0.0,0.0,0.0,0.0,0.0021310809931488644,0.004562391483276945,0.0015807940526824551,0.056140881802803286,0.180223029961334,-9.62244024528758,6.3458881753329,24.958382130921407,101248.78366725337,0.999672594512195,-0.013000946935975609,0.00040551401109756096,-0.022037665030487805,nan,nan,nan,0.0,0.0,-1.0,0.27706536386875236,-0.03509227975047692,0.4709428536589088,5504.206314941375,5500.091327954119,5502.462867431649,5509.528867480474,"2,1,0.5,1,15",0
102,41946773,26.367773000000074,0.0013637774530813674,-0.0002202221093675975,-0.0002682814064576312,0.2827375353683197,1281.0,1283.0,1283.0,1281.9236127792458,0.0,0.0,0.0,0.0,0.0,0.0,0.0,0.0,-0.012944879203418393,0.0013889004056571977,-0.0023867070756620123,0.01159480159508907,0.15569513659123738,-9.644657966297546,6.433977036800936,24.9578975130791,101247.71833999804,0.9996700900676938,-0.013327094345938375,0.00046454568149626515,-0.021956514106676005,nan,nan,nan,0.0,0.0,-1.0,0.2778015516262095,-0.03489353930101001,0.4704706471176371,5491.1903208251915,5509.133513598644,5513.207027416989,5495.660858276364,"2,1,0.5,1,15",0
103,41996773,26.417773000000075,-0.00016012238240545852,5.542727036026199e-05,0.00023931100680131003,0.28300909069213975,1283.0,1282.5378572987127,1282.4621427012873,1282.5378572987127,0.0,0.0,0.0,0.0,0.0,0.0,0.0,0.0,0.014835793882969434,0.008150952495196507,-0.0035378474358296946,0.012332159963100437,0.2499108358537118,-9.6350711860262,6.5167128494869315,24.95744615961278,101246.7392534366,0.9996721786134728,-0.013214346744713319,0.00046043482462393724,-0.021927328678875084,nan,nan,nan,0.0,0.0,-1.0,0.2780580776666667,-0.034805886964,0.4703066582166667,5507.49362846681,5504.736762890642,5505.113305175745,5503.050287133812,"2,1,0.5,1,15",0
104,42046773,26.467773000000076,-0.0007941918712156582,-0.000465831261720237,0.0005481374261375471,0.28261158,1283.0,1282.0,1281.0,1282.0,0.0,0.0,0.0,0.0,0.0,0.0,0.0,0.0,0.011680570821942446,0.004986283108938849,-0.0035831517,0.061010143566007195,0.23724762369244604,-9.667594092446043,6.606015888221555,24.9569757883439,101245.66744633522,0.9996768321492645,-0.012772984018299247,0.000622387434711159,-0.021970687855041266,nan,nan,nan,0.0,0.0,-1.0,0.27864983297960916,-0.03430103049787596,0.47143078154120643,5509.810615771462,5499.561354736303,5491.64151342775,5510.422270117184,"2,1,0.5,1,15",0
105,42096773,26.517773000000076,0.0012469152730394963,0.00048407165283342874,0.00038694780669719516,0.28217662987979397,1281.4906524227395,1283.0,1282.5093475772605,1280.0,0.0,0.0,0.0,0.0,0.0,0.0,0.0,0.0,-0.0172595132601564,-0.005713109157905779,-0.002458702226931146,0.04433992796795728,0.14586363097844746,-9.808026314991418,6.650098860082305,24.956526264746227,101245.14840877915,0.9996769887835523,-0.012809712344374643,0.0005895438848277175,-0.021946452521987438,nan,nan,nan,0.0,0.0,-1.0,0.2783615073667373,-0.03477028727378842,0.47101653786736414,5495.377297875962,5501.372358398469,5501.622670336937,5492.983785986268,"2,1,0.5,1,15",0
106,42146773,26.567773000000077,0.0008619593196214393,0.00021659468103073465,-0.0005973339479760121,0.2819864,1280.0,1281.0,1283.0,1281.0,0.0,0.0,0.0,0.0,0.0,0.0,0.0,0.0,-0.0023210283231259368,0.0029641836411919043,0.002148392886450525,0.07143570583976762,0.21087623612443776,-9.589987879310344,6.745992551449988,24.956069684712652,101243.97940637541,0.9996727820409657,-0.013105109029261156,0.0006056088580395025,-0.021963602993782003,nan,nan,nan,0.0,0.0,-1.0,0.27948620629748455,-0.03621751529753103,0.47046629364114007,5482.40356950685,5495.627329956014,5507.227077783199,5485.521802856481,"2,1,0.5,1,15",0
107,42196773,26.617773000000078,-0.0007782262889687235,-0.0006928346254015216,-6.101466267962799e-06,0.2823289532417582,1282.0,1282.0,1281.0,1283.0,0.0,0.0,0.0,0.0,0.0,0.0,0.0,0.0,0.016778496298986485,0.00832513667820946,-0.000708116459966217,0.053734978550675674,0.23516848827702702,-9.669230783783785,6.795763197390683,24.955580134376056,101243.39503778622,0.9996776958904109,-0.012798025658587987,0.0006785595350895679,-0.021916619740779766,nan,nan,nan,0.0,0.0,-1.0,0.2764444025400729,-0.03622348004897803,0.4711404789585277,5496.140637451184,5494.799429394549,5492.610052172833,5502.297197168001,"2,1,0.5,1,15",0
108,42246773,26.66777300000008,-0.00047155923191607795,-0.00015667548563904946,-0.0005447340503318347,0.2825489067801327,1282.0,1281.2570633561643,1282.0,1283.0,0.0,0.0,0.0,0.0,0.0,0.0,0.0,0.0,0.003998208676300578,-0.000256433867052023,-0.0019626798248554914,0.011874825994219653,0.20107317924855492,-9.709736343930636,6.853364604316046,24.955113262327416,101242.70806590091,0.9996808785760241,-0.012432671234184001,0.0008066582039245121,-0.021977625891486167,nan,nan,nan,0.0,0.0,-1.0,0.2777311202774796,-0.03456027259410356,0.4714908931406392,5500.8063521728345,5499.5187468994245,5489.683566259776,5506.476564916975,"2,1,0.5,1,15",0
109,42296773,26.71777300000008,0.0008423337286938167,0.0009121991948845295,-0.00010962856779413956,0.28201166,1281.4325800844301,1281.0,1283.0,1280.0,0.0,0.0,0.0,0.0,0.0,0.0,0.0,0.0,-0.003662840586363636,-0.010608853636363637,0.0029990901636363634,0.05636357886363636,0.19101182272727274,-9.688110954545454,6.918683295443358,24.95465928756805,101241.93244947423,0.9996805321896723,-0.012478402047914597,0.0006515127155635552,-0.02197470618892751,nan,nan,nan,0.0,0.0,-1.0,0.27714159153250906,-0.034675519081167464,0.4702353461334006,5494.8409469726375,5496.291576928681,5503.903308667019,5493.502601635716,"2,1,0.5,1,15",0
110,42346773,26.76777300000008,0.00026187018578203834,0.0003414303157013118,0.00038225762995761856,0.2820567039455096,1282.0,1282.0,1282.0,1281.0,0.0,0.0,0.0,0.0,0.0,0.0,0.0,0.0,0.0006066057728708375,-0.006053344065085772,0.003445114565842583,0.03346479145711402,0.2104375208728557,-9.8348729778002,7.014472829024757,24.954200180295835,101240.77704545012,0.9996801928229665,-0.012510012775119617,0.0004717834995215311,-0.021975116397129187,nan,nan,nan,0.0,0.0,-1.0,0.27827157879352626,-0.03437080193354586,0.47043258490681705,5497.542289783282,5494.828705240897,5499.495847005183,5488.3497652064725,"2,1,0.5,1,15",0
111,42396773,26.81777300000008,-0.0005715078219004719,0.00025576231253539257,0.0003922327262955813,0.28187861258258257,1282.0,1281.0,1281.0,1281.0,0.0,0.0,0.0,0.0,0.0,0.0,0.0,0.0,0.005672819288783841,0.0003645774409260851,-0.003351542923291792,0.030192426293725823,0.1553639668263859,-9.745423412870649,7.0634636972699925,24.953738310152694,101240.18081553174,0.999680428388483,-0.012391628234207133,0.000577183386935969,-0.022026844390846585,nan,nan,nan,0.0,0.0,-1.0,0.2764110504258385,-0.033692018147279505,0.4702631438340373,5497.338473974608,5493.1835462158015,5489.367076586909,5488.065967553711,"2,1,0.5,1,15",0
112,42446773,26.86777300000008,0.00039629648738207543,-0.0004977749616745283,0.0006403738445754717,0.28162447,1281.0,1282.0,1280.0,1281.0,0.0,0.0,0.0,0.0,0.0,0.0,0.0,0.0,-0.00319770391551995,0.008288466072730129,-0.004087955390386428,0.043143486009425074,0.21637941851398051,-9.561329894753376,7.155594088874487,24.953298379749285,101239.06613209007,0.9996811253624783,-0.01227337518540651,0.0007252619729988992,-0.022056197068721497,nan,nan,nan,0.0,0.0,-1.0,0.27727607725389786,-0.03281290522646427,0.47028451329431664,5488.6751868896245,5493.175897167965,5485.029666625999,5494.941466772485,"2,1,0.5,1,15",0
113,42496773,26.917773000000082,7.09706360515173e-05,3.9116271559633026e-05,-0.00023309056934368389,0.2817564,1281.0,1281.0,1282.0,1281.3175723359209,0.0,0.0,0.0,0.0,0.0,0.0,0.0,0.0,-0.005284120328558009,-0.009357616998708315,-0.0043792287480742135,0.008421168653123529,0.22185861626585252,-9.693843524659465,7.261452908435916,24.95286033128168,101237.79140839972,0.9996821495761685,-0.01230125535044805,0.000740991403608622,-0.021995087499152337,nan,nan,nan,0.0,0.0,-1.0,0.2771803466893072,-0.03428663931554434,0.47088205294391616,5488.103007275403,5491.143869995127,5497.353060205087,5490.395274438461,"2,1,0.5,1,15",0
114,42546773,26.967773000000083,-0.00028592863851746385,-0.00011420423944605117,0.0005363904506562848,0.2819009,1282.0,1282.0,1281.0,1281.0,0.0,0.0,0.0,0.0,0.0,0.0,0.0,0.0,-0.0007390912989988877,-0.0007140572618242492,-0.003002145660022247,0.02346944534727475,0.29483715310344827,-9.685066858509455,7.307847033701421,24.95241093057527,101237.24457141747,0.9996810548387097,-0.012340529666666667,0.0007130460679569893,-0.022023512505376344,nan,nan,nan,0.0,0.0,-1.0,0.2769912504775339,-0.033874115185412605,0.4714327799759366,5493.592234179704,5495.50840734861,5489.689034692378,5492.308005493179,"2,1,0.5,1,15",0
115,42596773,27.017773000000084,3.4170126182391446e-05,0.00012881375290565124,-0.00040949129910259523,0.28149301711375213,1281.0,1280.728044638525,1282.0,1281.271955361475,0.0,0.0,0.0,0.0,0.0,0.0,0.0,0.0,-0.007484433329130223,-0.00017792005903790112,-0.001995565850145772,-0.04112566126263363,0.22145017055879496,-9.65710107410107,7.372361900432197,24.951963344514354,101236.47650609091,0.9996837139626304,-0.01228401375831109,0.0006512331109123999,-0.021936333409366657,nan,nan,nan,0.0,0.0,-1.0,0.2774333771030559,-0.034000424379997056,0.47100403003629765,5490.154670214834,5483.918036621108,5490.590336914078,5496.3731963378705,"2,1,0.5,1,15",0
116,42646773,27.067773000000084,0.0007963354220525187,-0.00031635231388352984,-0.00025106919496605933,0.2814722,1280.0,1281.757413361915,1281.242586638085,1281.0,0.0,0.0,0.0,0.0,0.0,0.0,0.0,0.0,-0.008268507919346194,0.0008371429700160771,-0.00553605279949089,-0.012133429979099677,0.2745356461629153,-9.597392344587352,7.453277411095142,24.9515165214142,101235.50423110089,0.9996815509661836,-0.0125177435856146,0.0005929690596349974,-0.02190698905260333,nan,nan,nan,0.0,0.0,-1.0,0.27828941532750223,-0.03461029311798032,0.47031086216479473,5479.561556665062,5490.407134301777,5496.407903637672,5486.458783154291,"2,1,0.5,1,15",0
117,42696773,27.117773000000085,-0.00019295211748143146,-0.0002671450767656989,2.1861585935178902e-05,0.2816726641458474,1281.0,1281.0,1281.0,1281.5252138676271,0.0,0.0,0.0,0.0,0.0,0.0,0.0,0.0,0.0020500132527796534,-0.0033608328134143595,0.004404185678320955,-0.024278823765023633,0.22648238708080126,-9.79052315372496,7.5226423335159955,24.951068506386754,101234.6752340524,0.9996805118969765,-0.012532130228219484,0.0005097883485464726,-0.021945646983202685,nan,nan,nan,0.0,0.0,-1.0,0.2778872358659947,-0.034530111976737624,0.4707322499178768,5486.288596923825,5492.331372363271,5487.087498193356,5490.962236889676,"2,1,0.5,1,15",0
118,42746773,27.167773000000086,-2.8364824500705884e-05,0.0011630242246117646,-0.00012503609227294116,0.28141925,1281.8708235294118,1280.0,1282.0,1280.0,0.0,0.0,0.0,0.0,0.0,0.0,0.0,0.0,0.00017803319534555708,-0.012402638782792666,0.00308923365190409,0.02578026742877292,0.23448205889985896,-9.716213506346968,7.58993130012667,24.95062565960387,101233.87074562414,0.999684,-0.012323755316060963,0.000296532425045721,-0.021912064078546307,nan,nan,nan,0.0,0.0,-1.0,0.2777662808799189,-0.032650656145076846,0.4707707783676744,5494.9976980712845,5479.613928417975,5491.395764721688,5485.374233618151,"2,1,0.5,1,15",0
119,42796773,27.217773000000086,-9.174915642283675e-05,0.00016316988763157893,-0.0004058665190454951,0.28140563,1281.0,1280.4093241133169,1281.0,1281.0,0.0,0.0,0.0,0.0,0.0,0.0,0.0,0.0,0.003316063096946735,-0.0007199627848005349,0.005688561562291063,0.10335006372186316,0.2393166181970136,-9.629974423891243,7.6435427157676665,24.95018569063147,101233.22710024554,0.999682999171726,-0.012441623027753685,0.00023051465691240243,-0.021890142959453598,nan,nan,nan,0.0,0.0,-1.0,0.278566956252881,-0.03520825091023412,0.47075559938296063,5489.552762402337,5482.868462426739,5490.564518310536,5482.11236691897,"2,1,0.5,1,15",0
120,42846773,27.267773000000087,0.0005773360590329325,-0.0005337788899189755,0.0003753681883220073,0.28134057,1280.1987480438186,1282.0,1280.8012519561814,1280.8012519561814,0.0,0.0,0.0,0.0,0.0,0.0,0.0,0.0,-0.007410227769472033,0.008263423899634083,-0.003770921342394145,0.01920308859383168,0.26459651707266074,-9.628635205959228,7.739869629428555,24.949744558022026,101232.0720049758,0.9996842824759979,-0.01246454106821627,0.00044264727647296616,-0.02181567922940879,nan,nan,nan,0.0,0.0,-1.0,0.2778714263461694,-0.03450423895172358,0.470762195501332,5477.477521275119,5490.124559151799,5490.210372000528,5490.331183454229,"2,1,0.5,1,15",0
121,42896773,27.317773000000088,-0.0006076714305491184,-0.00015392947169269523,-0.0005234315911838791,0.28108588,1280.5866498740554,1280.0,1280.4133501259446,1282.0,0.0,0.0,0.0,0.0,0.0,0.0,0.0,0.0,0.008089318792894935,0.0014874112829931971,0.00268632330521542,0.04962777976568405,0.14745352911564624,-9.743264986394559,7.802261645545469,24.949297134559163,101231.32508270502,0.9996840419320755,-0.012504567579622641,0.000675622471864151,-0.021797115941132077,nan,nan,nan,0.0,0.0,-1.0,0.2771767297311875,-0.03414307103634274,0.47165742808073213,5479.288498510771,5486.842313330035,5481.9702625976415,5490.847264697261,"2,1,0.5,1,15",0
122,42946773,27.36777300000009,-0.0004014050167072854,0.00041251934842105267,-6.548263320715582e-05,0.2809014,1281.0,1280.0,1280.0819289603319,1280.0819289603319,0.0,0.0,0.0,0.0,0.0,0.0,0.0,0.0,0.00034739876620850616,0.0016723880484958507,0.002500563311592324,0.04470398006742739,0.1853781044009336,-9.804968937759336,7.852177109955159,24.948856285738923,101230.71992468956,0.9996849262847494,-0.012419091968043649,0.0006160932996882307,-0.021809719179007536,nan,nan,nan,0.0,0.0,-1.0,0.2776375767212026,-0.03437578749024167,0.47036906896437175,5486.037109375,5478.6005859375,5482.515625,5485.02685546875,"2,1,0.5,1,15",0
123,42996773,27.41777300000009,0.000761863054530666,0.0006170502787777533,0.0002349149150054957,0.28077028477907234,1280.47504946142,1280.52495053858,1281.0,1279.0,0.0,0.0,0.0,0.0,0.0,0.0,0.0,0.0,-0.007738794755716799,0.006666524204925243,0.0018177856056728232,-0.004729096784300793,0.19764370140281443,-9.673969419744942,7.922326599029851,24.948421380597015,101229.88144029852,0.99968237,-0.012652607704151109,0.0005607538254227981,-0.02179021056643971,nan,nan,nan,0.0,0.0,-1.0,0.2795321079804235,-0.03455420824450659,0.4704846762405114,5479.42724609375,5477.89501953125,5490.6650390625,5468.4697265625,"2,1,0.5,1,15",0
124,43046773,27.46777300000009,-0.0007234270940442298,-0.0004789051951143874,0.0004021084447407219,0.28082633,1281.0,1281.0,1279.0,1281.0,0.0,0.0,0.0,0.0,0.0,0.0,0.0,0.0,0.013436714952211489,0.014152468460599898,-0.0030585557984748346,0.019399089186578546,0.1565579231316726,-9.613345591764109,8.01991634709052,24.94799053278356,101228.71307595744,0.9996836072385787,-0.012501915468401015,0.0008175302399492386,-0.02181112785279188,nan,nan,nan,0.0,0.0,-1.0,0.2763253916561086,-0.034505031269855636,0.4706712020642103,5481.558261792013,5483.415568847663,5474.4265764159745,5484.820297656274,"2,1,0.5,1,15",0
125,43096773,27.51777300000009,-0.0004294639127169637,-0.0001151180726757695,-3.9432571907197406e-05,0.2808789210645684,1281.0,1280.0,1280.0,1281.0,0.0,0.0,0.0,0.0,0.0,0.0,0.0,0.0,0.007846260686163085,0.011545239444629245,-0.002178967004365905,-0.00864203849110649,0.2326323583021483,-9.722254592515593,8.094618965075396,24.947557366122354,101227.80032268146,0.9996868154884716,-0.012239739719039695,0.0010211374263608272,-0.021807580865700022,nan,nan,nan,0.0,0.0,-1.0,0.278096652607835,-0.03424732903006031,0.4718558168264052,5485.076436303723,5483.281883593754,5476.084717700198,5485.378261352518,"2,1,0.5,1,15",0
126,43146773,27.56777300000009,-0.00023797610310585964,0.0002764058393489269,0.00042103924907161804,0.2805996136930311,1281.0,1280.0,1280.0,1280.0,0.0,0.0,0.0,0.0,0.0,0.0,0.0,0.0,-0.0006642541689775745,0.0065360674229563535,-0.0025289737840366528,0.06213931532674222,0.2316735577164215,-9.754480431999035,8.048864850377747,24.947121115918428,101228.34541656412,0.9996855454866723,-0.012204885145820769,0.001130653052201182,-0.02187905832673984,nan,nan,nan,0.0,0.0,-1.0,0.2758593655957002,-0.034081097124514785,0.4703881928695133,5484.82429909669,5478.482767041001,5476.115206713871,5477.490630102532,"2,1,0.5,1,15",0
127,43196773,27.617773000000092,0.00063570802734375,-0.00013807596458333333,0.00015440198145833333,0.28025884687499997,1279.454117063492,1280.454117063492,1280.0,1279.0,0.0,0.0,0.0,0.0,0.0,0.0,0.0,0.0,-0.00968881305952381,0.004026016056423611,0.0038245750371403778,0.0608039585515873,0.2115259910168651,-9.69579068625992,8.141402689165941,24.946697727805162,101227.2343195129,0.9996808248662041,-0.012428493842418236,0.001242154278691774,-0.02196311643062438,nan,nan,nan,0.0,0.0,-1.0,0.2773623161376446,-0.034831931381192525,0.471390301957876,5474.925647143516,5477.698644653316,5475.632763549809,5468.5421930664215,"2,1,0.5,1,15",0
128,43246773,27.667773000000093,5.4740747437740696e-05,-3.696582562978177e-05,0.00015555896553581515,0.2801265118228498,1279.8788189987163,1280.0,1279.8788189987163,1279.1211810012837,0.0,0.0,0.0,0.0,0.0,0.0,0.0,0.0,-0.0054608786869029275,0.010616860129429893,0.0019199330791987673,-0.05782488203543914,0.21533669875192604,-9.657505841294299,8.233335616584517,24.946268617918236,101226.1615447956,0.9996789721390237,-0.012541976938793765,0.001407129630718119,-0.021968758321492463,nan,nan,nan,0.0,0.0,-1.0,0.2759827705073766,-0.03398768145216701,0.47166914608768334,5472.342998217765,5476.682204736328,5466.753997387683,5473.384514575202,"2,1,0.5,1,15",0
129,43296773,27.717773000000093,0.0003180518399138127,0.00020039100519165344,-0.00034554515559990926,0.27953542040825585,1278.4684807256235,1279.0,1280.0,1279.0,0.0,0.0,0.0,0.0,0.0,0.0,0.0,0.0,-0.009102741683061225,0.0017890098804489796,0.002444657590408163,0.012750528514285722,0.1594825178979592,-9.774056965306123,8.310639989432767,24.945851572177983,101225.22727705023,0.9996772,-0.012658789187599363,0.0015093707618214853,-0.02197915572337043,nan,nan,nan,0.0,0.0,-1.0,0.27619208967514863,-0.0341799155447709,0.47032648812871636,5468.474667619964,5468.941372186554,5466.80706468564,5464.680503766712,"2,1,0.5,1,15",0
130,43346773,27.767773000000094,0.0001815225820245265,0.0002257421865635645,0.0004978423439296907,0.27880391428941276,1278.503541269409,1279.0,1278.0,1277.496458730591,0.0,0.0,0.0,0.0,0.0,0.0,0.0,0.0,-0.0063201091856811675,0.0033108469510159553,3.2307282271921305e-05,0.06794770723851085,0.20185066301513704,-9.682938634392473,8.384902652658031,24.945448568258264,101224.3207785811,0.9996732659978308,-0.012871994118763557,0.0014348558713123643,-0.02203778617516269,nan,nan,nan,0.0,0.0,-1.0,0.27683110671840355,-0.035727387152007885,0.47116415096082775,5462.492772241165,5464.615434594697,5460.349938867197,5448.291553076189,"2,1,0.5,1,15",0
131,43396773,27.817773000000095,-0.00010290107161043634,-6.371678844354476e-05,-3.965020245141701e-05,0.27831533791048135,1278.0,1278.0,1278.0,1278.0,0.0,0.0,0.0,0.0,0.0,0.0,0.0,0.0,0.0007079094429143244,0.006714226495997302,0.0015118313592669215,-0.007004489194738027,0.21594758746345852,-9.556392458511356,8.382774028405796,24.945026530318838,101224.35716452175,0.9996737335443038,-0.012932484553797469,0.0015397109721518986,-0.021975182430379745,nan,nan,nan,0.0,0.0,-1.0,0.2767580272441985,-0.0350536339592039,0.47181720749938066,5447.575966113285,5454.941224511713,5456.991697582991,5455.897846874989,"2,1,0.5,1,15",0
132,43446773,27.867773000000096,-0.0005829601084098599,-0.00011232725398139197,6.0121628481875296e-05,0.27823827,1278.0,1277.11578438482,1277.0,1278.0,0.0,0.0,0.0,0.0,0.0,0.0,0.0,0.0,0.005752405948525858,0.0017275073441034316,0.00016889365370710487,0.003817560143064282,0.231568399320928,-9.586991361285646,8.435306198787998,24.944599787058937,101223.70817583814,0.9996751203524867,-0.012777689985997103,0.0016382365050941574,-0.021994655157894737,nan,nan,nan,0.0,0.0,-1.0,0.2763900689709585,-0.03525388530585866,0.47142971670303846,5454.264207702619,5451.2781043294,5444.53385609944,5454.6163606567625,"2,1,0.5,1,15",0
133,43496773,27.917773000000096,-0.00018676772779084968,4.872236655163399e-06,0.0001268692232888889,0.2783087752601307,1278.0,1278.0,1277.5725490196078,1278.0,0.0,0.0,0.0,0.0,0.0,0.0,0.0,0.0,-0.0033903787893883952,-0.001075844684364872,-0.005633845932592786,0.001801075732618923,0.19993227394145321,-9.614098369315212,8.5233743237003,24.944158926271218,101222.6503077887,0.9996777270201097,-0.012617817641681902,0.0016433850915904937,-0.021967335575868375,nan,nan,nan,0.0,0.0,-1.0,0.27696525425769825,-0.034452154245484264,0.4692588139170824,5452.958551831097,5448.119284497093,5445.455112915034,5457.208313769477,"2,1,0.5,1,15",0
134,43546773,27.967773000000097,0.0015318566772408418,0.0005776846819693427,-0.0003875406167498051,0.2780159,1276.0649688149688,1278.0,1279.0,1276.0,0.0,0.0,0.0,0.0,0.0,0.0,0.0,0.0,-0.022424141786233767,-0.014453915677662337,0.0012335802966805195,-0.012371312570389611,0.1517853824207792,-9.770682881818182,8.616473186181263,24.943761811169352,101221.54824774612,0.9996740941413355,-0.012932032121590024,0.0014099767203949076,-0.021970643210184465,nan,nan,nan,0.0,0.0,-1.0,0.2755148658239894,-0.0356677557893169,0.47176594170218045,5446.414580566393,5448.2559462193485,5461.166311453672,5437.326630929109,"2,1,0.5,1,15",0
135,43596773,28.017773000000098,-0.00026863184901548674,-0.0006544717102013274,-0.00026482743611504423,0.2779563179424779,1277.0,1277.0,1277.0,1278.0,0.0,0.0,0.0,0.0,0.0,0.0,0.0,0.0,0.006039561600665188,0.010438235345232817,0.0014496679457871395,-0.0027725818277161834,0.2214345970465632,-9.630323581152993,8.71274495238003,24.943348071914688,101220.38967837131,0.9996713516759776,-0.013097693832402234,0.0015005292810055864,-0.021988662969273744,nan,nan,nan,0.0,0.0,-1.0,0.2762761783924086,-0.035753983422511064,0.4719531430903871,5443.523445507819,5454.363947753883,5446.277671582001,5446.292964624069,"2,1,0.5,1,15",0
136,43646773,28.0677730000001,-0.0005986106643750001,0.0003561228593923611,-0.0003434798196666667,0.2780216752083333,1278.0,1276.9487847222222,1278.0,1277.9487847222222,0.0,0.0,0.0,0.0,0.0,0.0,0.0,0.0,0.0069298736407407404,-0.005002475255092592,0.0002939647125000001,0.10128985684722222,0.2608013993518518,-9.715686541666667,8.755280220726705,24.94293334964281,101219.87865904145,0.9996757932717678,-0.01276866184630607,0.0016400574951187337,-0.02196803001121372,nan,nan,nan,0.0,0.0,-1.0,0.2785603297595619,-0.034419036355095405,0.47215577744930265,5451.3712180908105,5440.266638122561,5443.001249316413,5451.275269226064,"2,1,0.5,1,15",0
137,43696773,28.1177730000001,0.0005022886114721375,0.00024357368873301912,6.698644993346272e-05,0.277774433545883,1277.0,1277.6138888888888,1278.0,1277.0,0.0,0.0,0.0,0.0,0.0,0.0,0.0,0.0,-0.007891151640586121,7.317219419408381e-06,-0.002997741820984241,0.02654860118744816,0.2494855667901576,-9.621607967929224,8.805331658559913,24.94252043267035,101219.280971249,0.9996761328595317,-0.012752168504180601,0.0015689713268952064,-0.021970152206800448,nan,nan,nan,0.0,0.0,-1.0,0.2771599183935434,-0.03578851661747374,0.47125989440942867,5445.654140893538,5444.780572119174,5448.526781445337,5444.742342749003,"2,1,0.5,1,15",0
138,43746773,28.1677730000001,0.00019673157554423592,-0.00023986936519571045,0.0004255468038176944,0.27759138,1277.0,1278.0,1277.0,1277.0,0.0,0.0,0.0,0.0,0.0,0.0,0.0,0.0,-0.004291084062868633,0.005576898469839142,-0.0020077728556300266,-0.005947464728150134,0.2615429020375335,-9.673764223860589,8.895514202172032,24.942112592176837,101218.19971456031,0.9996732850933333,-0.012940364007733334,0.0016054894273066667,-0.0219831354528,nan,nan,nan,0.0,0.0,-1.0,0.2768755369311335,-0.03487505892660439,0.47051603738525616,5442.775840258818,5450.990699145486,5449.773651074195,5442.364944116211,"2,1,0.5,1,15",0
139,43796773,28.2177730000001,-0.0006906214522040817,-0.0006108375168163265,0.00048062593795918367,0.27755027387755105,1278.0,1277.691236494598,1276.0,1277.691236494598,0.0,0.0,0.0,0.0,0.0,0.0,0.0,0.0,0.007984940587488016,0.006339802361457335,-0.001786302254889741,0.059997047412272284,0.23459216089645252,-9.708704380872485,8.937868111726047,24.94170979315116,101217.69247319267,0.9996741253612824,-0.012823192584463626,0.0016767237015782985,-0.022010259471023426,nan,nan,nan,0.0,0.0,-1.0,0.2777844786151902,-0.034781698847880085,0.47079443491219664,5447.701673461941,5440.332564404288,5436.858591918916,5447.831157299831,"2,1,0.5,1,15",0
140,43846773,28.2677730000001,0.00013167050427826088,0.0003366228124695652,-0.00011793008565217392,0.2775164022956522,1277.0,1277.0,1277.0,1277.0,0.0,0.0,0.0,0.0,0.0,0.0,0.0,0.0,-0.0027138932364874657,-0.00504222095189103,0.001702484638313288,0.03970304507375742,0.24368584978988553,-9.540956684321113,8.958711473909034,24.94130862257014,101217.42913757739,0.9996752,-0.012804481770166642,0.001684965362203215,-0.021973737747529865,nan,nan,nan,0.0,0.0,-1.0,0.275620653403802,-0.03610669721654481,0.4706666499360769,5441.082811244415,5441.5044597284295,5443.136435825901,5446.101539201991,"2,1,0.5,1,15",0
141,43896773,28.317773000000102,0.00041679665277841296,0.0002409524599839927,0.0006410378985021724,0.2776064693574205,1278.0,1278.0,1277.0,1276.0,0.0,0.0,0.0,0.0,0.0,0.0,0.0,0.0,-0.011172494592876775,-0.005617394362643151,-0.003265235526660559,-0.004746000322194228,0.21824153192166743,-9.67412775263399,9.012175210176991,24.94090685714563,101216.77923924857,0.9996716301731026,-0.013053359721704395,0.0016545809059920107,-0.021990131488681758,nan,nan,nan,0.0,0.0,-1.0,0.2768499724665552,-0.03514513935284281,0.4709209079180602,5439.592582324239,5449.773614477557,5446.571496508769,5438.691553833007,"2,1,0.5,1,15",0
142,43946773,28.367773000000103,-0.000351883856840287,6.381252559659846e-05,-0.000988210923539729,0.27774695,1276.9226475279106,1276.0,1278.0,1278.0,0.0,0.0,0.0,0.0,0.0,0.0,0.0,0.0,-0.0024595485811004787,-0.0008599027846889952,0.008309678353588517,-0.020500331818181818,0.17233316610047847,-9.643688873205742,9.11195760045445,24.940515990949876,101215.59831776428,0.9996732022121536,-0.013116352898987207,0.0015464752223880596,-0.021889313666311302,nan,nan,nan,0.0,0.0,-1.0,0.2765634091024581,-0.03615699701927344,0.4709098701762019,5440.57366340332,5436.709346630893,5451.114645117163,5449.16694208986,"2,1,0.5,1,15",0
143,43996773,28.417773000000103,-0.00036557529073982125,-0.0003559600142899702,-0.0002576539711618669,0.27791582070506454,1277.0,1277.0,1277.0,1278.0,0.0,0.0,0.0,0.0,0.0,0.0,0.0,0.0,-0.001594944782998262,0.0007653381051774634,0.004538872103747828,0.06405861696798212,0.2666695408066518,-9.815619667535367,9.190351918579573,24.940130687259284,101214.66089547065,0.9996758585505088,-0.012981680965251924,0.0015793715566393646,-0.02184589412186647,nan,nan,nan,0.0,0.0,-1.0,0.27679106154541205,-0.03616652321981617,0.4730739625720517,5442.515646264628,5442.306657104492,5445.479528930676,5453.327371777346,"2,1,0.5,1,15",0
144,44046773,28.467773000000104,0.00018360102807066212,0.0004312950750091599,0.00012368387657157813,0.27794432555352,1278.0,1277.0,1277.872284742214,1277.0,0.0,0.0,0.0,0.0,0.0,0.0,0.0,0.0,0.0017751234658728082,-0.008099294011253599,-0.006412549097932478,-0.007248744157079299,0.20344815092645904,-9.63263078827532,9.220933439651791,24.93974070381648,101214.28039089499,0.9996766369118032,-0.013005803426459043,0.0014726698416906569,-0.02180469127610573,nan,nan,nan,0.0,0.0,-1.0,0.277340545616739,-0.034525346980398025,0.47026072265948426,5449.879747192396,5442.746186816423,5449.210664941415,5447.194875585919,"2,1,0.5,1,15",0
145,44096773,28.517773000000105,0.0008910634074402125,0.000584182636935341,0.00029307267035872455,0.27801320500442867,1278.0,1278.0,1278.0,1276.0,0.0,0.0,0.0,0.0,0.0,0.0,0.0,0.0,-0.009594364452941175,-0.004190248243343653,0.0021878377594427246,-0.03267326756501548,0.15288211547987615,-9.825960738390092,9.283820095093526,24.939351856331406,101213.52825874058,0.9996743586449127,-0.013193770239066394,0.0013281125915930207,-0.021805761625198275,nan,nan,nan,0.0,0.0,-1.0,0.2774824517934344,-0.035458236469817925,0.4724309166916315,5447.497690820315,5449.63754030764,5455.0887727783,5438.255144995106,"2,1,0.5,1,15",0
146,44146773,28.567773000000106,-0.000138704601201644,-0.00116953429704598,2.3156714132802467e-05,0.27807432,1277.0,1278.0,1277.0,1278.7650540401442,0.0,0.0,0.0,0.0,0.0,0.0,0.0,0.0,0.00038572914636013367,0.010443641580015412,0.0014694157311381968,0.0014766664197277167,0.30550864620601076,-9.624027716670948,9.379223735413056,24.938954332177932,101212.38246793761,0.9996741,-0.013226090106225165,0.0015515453500397351,-0.021784437625430465,nan,nan,nan,0.0,0.0,-1.0,0.27749790920872003,-0.034555431449342616,0.4688596044257541,5441.363822119153,5455.260829321274,5445.730123681609,5454.717658984406,"2,1,0.5,1,15",0
147,44196773,28.617773000000106,-0.001532925896269221,0.0005131043461028485,0.00047751876512225865,0.2783180573380388,1279.744191919192,1277.0,1277.0,1278.0,0.0,0.0,0.0,0.0,0.0,0.0,0.0,0.0,0.013226392995210487,-0.006370489770985631,-0.006908933981598185,0.04781855075623897,0.2212601932316612,-9.785324226619611,9.477164157301651,24.93856017025388,101211.21033262546,0.9996792663141995,-0.012876744376888218,0.0015912094897280965,-0.021751268151057403,nan,nan,nan,0.0,0.0,-1.0,0.27708711290539184,-0.034558916939407346,0.47192748775280446,5459.784425641809,5443.767503929512,5441.076624069936,5460.053231049981,"2,1,0.5,1,15",0
148,44246773,28.667773000000107,0.0016339410710807347,0.0012038573543357541,-0.0003595278673515592,0.278269,1277.0,1278.0,1280.0,1276.0,0.0,0.0,0.0,0.0,0.0,0.0,0.0,0.0,-0.02331417296027339,-0.0065191107933361804,0.0029974454157624944,-0.003138653770525417,0.2313480202819308,-9.792400076890218,9.48677032047063,24.938164610403398,101211.11026132343,0.9996764962299637,-0.01306084262363753,0.0012548863050224407,-0.021789266903184442,nan,nan,nan,0.0,0.0,-1.0,0.2751172598397626,-0.033765178882746924,0.47077246623908436,5456.4316213727225,5450.500363885819,5465.549878557541,5436.045442871045,"2,1,0.5,1,15",0
149,44296773,28.717773000000108,0.0004444406340707547,-0.000929080987259434,0.000284630211495283,0.2785107751698113,1277.5582489997646,1279.0,1277.4417510002354,1278.0,0.0,0.0,0.0,0.0,0.0,0.0,0.0,0.0,-0.0009295113294150943,0.013329118383962264,-0.003725085580566038,0.08148127858490566,0.18452217439622642,-9.695473374528301,9.562554,24.937790890282375,101210.20806387537,0.9996708204746692,-0.013479626266088545,0.0014311068056595162,-0.021784939836147876,nan,nan,nan,0.0,0.0,-1.0,0.27800862652173913,-0.036351111739130436,0.47142741652173914,5441.237057446322,5462.725836694335,5457.167766259702,5450.790803540086,"2,1,0.5,1,15",0
150,44346773,28.76777300000011,-0.0018797815986821296,0.0001621317137308909,-0.0006546945817870321,0.27864587,1279.0,1276.0,1277.8832059056156,1280.0,0.0,0.0,0.0,0.0,0.0,0.0,0.0,0.0,0.029865990059319798,0.00548425260859478,0.0024617499490904296,0.0232341176156077,0.17188831030055365,-9.810153049301345,9.572317927218116,24.937397902668668,101210.07217248152,0.9996773431418028,-0.013073928198471271,0.0016536570738007379,-0.021713787445967317,nan,nan,nan,0.0,0.0,-1.0,0.2765179911245518,-0.03589708154922884,0.47080647886205557,5456.62158203125,5444.33935546875,5447.15087890625,5471.10302734375,"2,1,0.5,1,15",0
151,44396773,28.81777300000011,0.0004135060753300095,0.000505074504788699,-0.0001655425131077873,0.27856,1278.0,1277.6315289648624,1279.0,1277.3684710351376,0.0,0.0,0.0,0.0,0.0,0.0,0.0,0.0,-0.010151491796010449,-0.008491203150795537,-0.005318547590548563,0.023822347881880784,0.191803902524341,-9.75794630301591,9.704767877670774,24.93700976202823,101208.47437811915,0.9996795313144758,-0.01291521518469218,0.0016192323098407416,-0.021710349128595197,nan,nan,nan,0.0,0.0,-1.0,0.2779951745863079,-0.03556337084554121,0.4699552173069781,5456.97575654295,5451.202137353564,5455.964525732474,5451.445724829029,"2,1,0.5,1,15",0
152,44446773,28.86777300000011,0.0006274323782559006,-0.0003825227068198758,0.0001595734158668323,0.2783671506832298,1277.186895011169,1278.813104988831,1277.813104988831,1277.813104988831,0.0,0.0,0.0,0.0,0.0,0.0,0.0,0.0,-0.006477579436842106,0.0016990789578947368,-0.004495518921052631,-0.012332682052631574,0.1975380563157895,-9.910374842105263,9.768404706851985,24.936616852208445,101207.72284175627,0.9996740292954265,-0.013324028253893696,0.0015819339369839308,-0.02172390323906057,nan,nan,nan,0.0,0.0,-1.0,0.2776236836126391,-0.036102697913905586,0.4701725184461217,5446.482429321317,5461.459365063451,5456.9790471679125,5442.838916430662,"2,1,0.5,1,15",0
153,44496773,28.91777300000011,-0.0006208938051975541,-2.6811798888523048e-05,0.0005118146103480714,0.27761874,1278.0,1277.0,1276.0,1277.0,0.0,0.0,0.0,0.0,0.0,0.0,0.0,0.0,0.013864802003526923,-0.0016502447703738536,-0.0032734657080648955,0.042779307598871386,0.1597415593181284,-9.804958368445803,9.736233351065824,24.936212251751396,101208.08810605777,0.9996742004369275,-0.013210926141649048,0.0015796413764622974,-0.021785461037350247,nan,nan,nan,0.0,0.0,-1.0,0.2768374218926737,-0.03489775259215128,0.47218885261840005,5449.177553417991,5444.101116577113,5441.384014501939,5444.494217602528,"2,1,0.5,1,15",0
154,44546773,28.96777300000011,0.0002456891721166667,0.00031664880915,-0.00014452206950555556,0.277581,1277.0,1277.0,1278.0,1277.0,0.0,0.0,0.0,0.0,0.0,0.0,0.0,0.0,0.002723646584944444,0.0033851491031296295,-0.0004483573430333333,0.09793597795092593,0.17542656689074074,-9.658252423518519,9.834873345667853,24.935860502306838,101206.9150759844,0.9996760024236253,-0.013030042266802445,0.0015217766753564154,-0.02181549796130346,nan,nan,nan,0.0,0.0,-1.0,0.27660533093403383,-0.03503359693682762,0.4726767384571762,5444.767780248987,5444.485296972657,5447.140548046891,5440.149506469735,"2,1,0.5,1,15",0
155,44596773,29.017773000000112,-0.00037332842537142854,-0.0006575951584285714,-0.00034393411122857144,0.27809494205714286,1277.0,1277.4204102830433,1277.0,1278.5795897169567,0.0,0.0,0.0,0.0,0.0,0.0,0.0,0.0,0.010917819432018682,0.007964550232771147,0.005402156830046705,-0.02805125934016606,0.23177907622729632,-9.59672187752984,9.896881523414562,24.935470802040516,101206.18804976511,0.9996777895131477,-0.012935746781306951,0.0016776415507159593,-0.021776185843530332,nan,nan,nan,0.0,0.0,-1.0,0.27719311462519935,-0.0358472075223501,0.47167473365058843,5443.7621580810455,5450.982367675786,5447.027296289065,5448.3400631836685,"2,1,0.5,1,15",0
156,44646773,29.067773000000113,-8.361718952496364e-05,-0.00028504301052835674,-0.0001554923997140087,0.2783275639408628,1277.8920491273432,1278.0,1278.0,1278.1079508726568,0.0,0.0,0.0,0.0,0.0,0.0,0.0,0.0,0.009643967982529925,0.002946286572694921,0.0055822331506438045,-0.03685161880879974,0.22673899959236493,-9.662593227110966,9.945051520609859,24.935077442457278,101205.60668302524,0.9996803301061639,-0.01272143381540168,0.0017645347434321027,-0.021778944406591665,nan,nan,nan,0.0,0.0,-1.0,0.27623414285571746,-0.03493744146557574,0.4711216071083616,5450.010016162147,5453.436877905275,5446.789262426764,5456.165199487282,"2,1,0.5,1,15",0
157,44696773,29.117773000000113,-0.0002275868152743561,0.0010458680889585666,-0.0004335304536886898,0.2784349045106383,1278.3521505376343,1277.0,1279.0,1278.0,0.0,0.0,0.0,0.0,0.0,0.0,0.0,0.0,0.006211754975916816,-0.008921953643112702,0.00241825366332737,-0.005649482479092131,0.1625763052169052,-9.784068684257603,10.002859129586488,24.934689538380898,101204.90050815376,0.9996817080947998,-0.012575183905660378,0.0015231463824206166,-0.02181890617073171,nan,nan,nan,0.0,0.0,-1.0,0.27786481855267814,-0.03489101003080254,0.4716228315449885,5459.039171874972,5448.4491198485985,5456.535151367222,5449.924670507834,"2,1,0.5,1,15",0
158,44746773,29.167773000000114,6.103589726069025e-05,0.00014236532611113523,-0.00011085236834382461,0.27818486,1278.0,1277.19296722379,1277.80703277621,1278.0,0.0,0.0,0.0,0.0,0.0,0.0,0.0,0.0,0.004399657631079324,0.008146117986779366,-0.0012186740035413956,0.0021858662757043776,0.19020308531859556,-9.870009913740788,10.09894054482454,24.93430704044767,101203.75668615144,0.9996840223560791,-0.012547121471438098,0.0014618753806623695,-0.02173274318848633,nan,nan,nan,0.0,0.0,-1.0,0.27848703316952833,-0.03432081639826327,0.47373918601934084,5449.102427539064,5444.523452417002,5457.2056721923345,5453.575592919931,"2,1,0.5,1,15",0
159,44796773,29.217773000000115,0.00033789591242328575,-0.0004473988114749337,0.0001730430388256093,0.2778859,1277.0,1278.0,1277.0,1277.0,0.0,0.0,0.0,0.0,0.0,0.0,0.0,0.0,-0.0031391234730774086,0.007593768828248516,-0.00425381306494507,0.05519915370753883,0.16041071371764112,-9.846942198636192,10.122923621425434,24.933927265277273,101203.45860444327,0.9996843072606076,-0.012477889318420714,0.0016185554343930266,-0.02174782503640559,nan,nan,nan,0.0,0.0,-1.0,0.27640978789614606,-0.03477048784944254,0.47082237954086564,5444.678003515611,5450.453172216816,5443.963199536123,5445.812047582973,"2,1,0.5,1,15",0
160,44846773,29.267773000000116,0.0005078215266360931,-0.0007208985475210709,0.00022665209490704016,0.27761605,1276.0,1278.0,1277.0,1277.0,0.0,0.0,0.0,0.0,0.0,0.0,0.0,0.0,0.0009588002197421274,0.007767402327547732,0.004351244799328044,-0.0023307539739647913,0.24125093955864121,-9.924583490949665,10.166955819566823,24.93355002311788,101202.93509878157,0.9996822067112432,-0.012558319350916294,0.0018118358719663198,-0.02178322046854879,nan,nan,nan,0.0,0.0,-1.0,0.2762657885943083,-0.03542929632006899,0.4722770152654922,5433.864350830104,5455.317483422798,5439.9124551757905,5441.830340478534,"2,1,0.5,1,15",0
161,44896773,29.317773000000116,-0.00120788030708278,0.00047550908850376274,-0.00022994175006640105,0.27743051785745904,1278.0,1275.297698096503,1277.0,1278.0,0.0,0.0,0.0,0.0,0.0,0.0,0.0,0.0,0.01990696895683931,-0.006091436127135901,-0.0006827778131695437,0.019330075533200534,0.22521993571934484,-9.71852754603807,10.24275535399125,24.933169839319397,101202.02825017014,0.9996865427603013,-0.012293105878599912,0.001679247598958795,-0.02174538945059814,nan,nan,nan,0.0,0.0,-1.0,0.2779172684330023,-0.03457546661686863,0.4709355571184216,5448.56281953128,5434.584554687478,5439.983695751922,5446.03657092288,"2,1,0.5,1,15",0
162,44946773,29.367773000000117,-0.0003475011809430347,0.0006685799960564475,3.4832789441740035e-05,0.2773711,1277.9613288346743,1276.0386711653257,1277.0,1276.9613288346743,0.0,0.0,0.0,0.0,0.0,0.0,0.0,0.0,-0.00447394488791095,-0.005940132644628527,0.0003182639808102511,0.025217846774009837,0.23650835094745018,-9.68625175148848,10.330911652889222,24.93278524753218,101200.97734601397,0.9996888024759673,-0.012086155326611957,0.0015202075089800705,-0.021771106623915595,nan,nan,nan,0.0,0.0,-1.0,0.2752869304066287,-0.03453592672187365,0.4721009789836678,5451.930297479504,5432.702449125779,5440.55019863749,5440.652445544959,"2,1,0.5,1,15",0
163,44996773,29.417773000000118,0.0012419788613073275,-0.0004444472731892462,0.0006198987108276226,0.2771824,1276.0,1278.2435424354244,1276.7564575645756,1275.7564575645756,0.0,0.0,0.0,0.0,0.0,0.0,0.0,0.0,-0.011686543619926198,0.005132114906167633,-0.006390653254085398,0.058005549412756985,0.22649870812335265,-9.676846955719558,10.371160885759481,24.932410356302327,101200.48942590378,0.9996834262700711,-0.012422020675440905,0.001534607363042906,-0.021825687861016057,nan,nan,nan,0.0,0.0,-1.0,0.27608256621191835,-0.0336425573277536,0.47130885682875795,5435.8215411865085,5450.121687329156,5441.884877319291,5428.812521972637,"2,1,0.5,1,15",0
164,45046773,29.46777300000012,-0.0005675142706430408,-0.0008954494727064875,-0.0008654870228693912,0.27706784,1275.1646184624178,1276.0,1276.1646184624178,1278.8353815375822,0.0,0.0,0.0,0.0,0.0,0.0,0.0,0.0,0.0014471637027491408,0.002720655885910653,0.007730894772164948,-0.003296542347010309,0.20733638127147766,-9.7780750790378,10.406698320006893,24.932034246079613,101200.05528778219,0.9996840328018224,-0.012421832712984054,0.0018452811328018223,-0.021775490774487472,nan,nan,nan,0.0,0.0,-1.0,0.2772968957291718,-0.03413829410086254,0.47301210846188363,5431.73934298272,5437.823652413477,5435.7520833565795,5453.821043038482,"2,1,0.5,1,15",0
165,45096773,29.51777300000012,2.3419593001293663e-05,0.00021049076019404917,-0.0005337050055627425,0.2768152,1276.0,1275.5464539771503,1277.0,1276.4535460228497,0.0,0.0,0.0,0.0,0.0,0.0,0.0,0.0,-0.0023991369671336206,-0.011395876497284484,-0.0026705222310775857,0.007559338004094831,0.2271749666875,-9.751364015732758,10.474515589381467,24.931651174986783,101199.2465825844,0.9996869887052222,-0.012389492250323694,0.0017406726094950367,-0.021667472354769096,nan,nan,nan,0.0,0.0,-1.0,0.27605388125464375,-0.0342658294616506,0.47237953613355277,5436.07552148439,5428.16203808595,5436.235235839833,5440.503550292917,"2,1,0.5,1,15",0
166,45146773,29.56777300000012,0.0004860393867039106,0.00017698265145251396,-3.7624508324022344e-05,0.2764752,1276.0,1276.1076262083782,1276.8923737916218,1275.8923737916218,0.0,0.0,0.0,0.0,0.0,0.0,0.0,0.0,-0.009417082382036958,-0.0034231521633003867,-0.005850068585088096,0.09491235090244951,0.22367590055221315,-9.704588667597765,10.512620096470028,24.931280393962204,101198.78956618201,0.9996851470904016,-0.012594757328108223,0.0015636370082456517,-0.021647871298260683,nan,nan,nan,0.0,0.0,-1.0,0.2751194784809914,-0.035479342286284396,0.47186606748120147,5428.208153832997,5433.982439599631,5437.100488208006,5426.089956811484,"2,1,0.5,1,15",0
167,45196773,29.61777300000012,0.000489690060435785,0.0004123556691537929,0.0005458698023126585,0.27637076932902926,1276.0,1276.6682038275305,1276.0,1275.0,0.0,0.0,0.0,0.0,0.0,0.0,0.0,0.0,0.0021432595337016573,-0.0006766005464088397,-0.004537264833701657,-0.03623757525966851,0.17383971856353592,-9.665309966850828,10.596189082729433,24.930912666821264,101197.79220592498,0.9996816,-0.012729122370125266,0.0015061489659418577,-0.02173636444788466,nan,nan,nan,0.0,0.0,-1.0,0.2763374999420695,-0.03449825286096684,0.4715817361685977,5430.609094531252,5433.485171166987,5432.462007226568,5421.733819848634,"2,1,0.5,1,15",0
168,45246773,29.66777300000012,-0.0008053169617286858,-0.00041535708844795104,0.0006840605062882713,0.2765505,1277.0,1276.7833883907504,1274.2166116092496,1276.2166116092496,0.0,0.0,0.0,0.0,0.0,0.0,0.0,0.0,0.018841547545690063,0.008058315809797456,0.0009033745915567596,0.05054589325412153,0.24051182510362695,-9.816217917333962,10.72426948838074,24.930542080777098,101196.24803588027,0.9996842446632628,-0.01247626572599076,0.001505693262582057,-0.02175885981157306,nan,nan,nan,0.0,0.0,-1.0,0.27706443545562326,-0.03434515123253342,0.4722527993234128,5437.894948730447,5430.559174462852,5420.8120108154235,5433.09168408207,"2,1,0.5,1,15",0
169,45296773,29.717773000000122,0.00021628260897065362,-0.0004069726625967096,1.7723753107047576e-05,0.27631107,1275.2802845076683,1276.0,1276.0,1276.0,0.0,0.0,0.0,0.0,0.0,0.0,0.0,0.0,-0.0046293484500444446,0.007148111026177778,0.00017041849371555556,0.09313839595777777,0.20323871214222222,-9.678007540444444,10.779746585767507,24.930173406763494,101195.58813329013,0.9996852121355327,-0.012338865654480606,0.0016248502716451182,-0.021785156082924653,nan,nan,nan,0.0,0.0,-1.0,0.27545384494204517,-0.034539120293208554,0.4717152641847686,5434.2246054687175,5432.140868652352,5425.240983398483,5430.971051269502,"2,1,0.5,1,15",0
170,45346773,29.767773000000123,0.0010167488305024772,3.8218790451521585e-05,0.0007208196381033263,0.2762865470063694,1275.956347333648,1277.0,1276.0,1274.043652666352,0.0,0.0,0.0,0.0,0.0,0.0,0.0,0.0,-0.013262977654871432,0.0004209731281481482,0.0010176483066666668,0.05603869452158528,0.1740368264920972,-9.881095728473698,10.818852520119396,24.929782032145113,101195.13096205729,0.9996804707575757,-0.012637924039393938,0.0016091547663131312,-0.02183588171010101,nan,nan,nan,0.0,0.0,-1.0,0.2767759620827299,-0.0353377651878168,0.4729396580521361,5426.1259259277285,5436.804592919957,5432.980613549784,5418.214710375948,"2,1,0.5,1,15",0
171,45396773,29.817773000000123,2.020055146399567e-05,-0.00035322991126150515,0.0008512002646995127,0.2757478452896589,1276.0,1276.0,1274.0,1275.0,0.0,0.0,0.0,0.0,0.0,0.0,0.0,0.0,0.007542089455357143,0.005689290854761905,-0.006467228636904762,0.05625743313095238,0.26269794029761906,-9.731664407738096,10.862894441056092,24.92944233316039,101194.59358621087,0.9996786480831533,-0.012679220072894168,0.001706359719384449,-0.02188501371976242,nan,nan,nan,0.0,0.0,-1.0,0.2770221779127323,-0.035495626938624396,0.4705472796739886,5425.072642480504,5428.612803540004,5419.506611572229,5419.276342578126,"2,1,0.5,1,15",0
172,45446773,29.867773000000124,-0.00035983181553263054,-3.456378580245984e-05,-0.0008905327600702811,0.27543396601405623,1274.0,1274.0,1275.8715826435916,1276.0,0.0,0.0,0.0,0.0,0.0,0.0,0.0,0.0,0.003410621901055807,0.002702033166817496,0.003212130453393665,0.009122330188657615,0.28704280521870285,-9.674597025641026,10.895764502788655,24.929074765515605,101194.19039713619,0.9996840688036117,-0.012401612168296966,0.0016870928435665914,-0.02179846594582393,nan,nan,nan,0.0,0.0,-1.0,0.2772761586301007,-0.03621747521701113,0.47316702556615436,5419.606423388655,5407.348106518572,5423.173038085922,5426.592633471687,"2,1,0.5,1,15",0
173,45496773,29.917773000000125,0.0006579884369429804,-0.00048813447401533305,0.0003332602672927648,0.27540969707714424,1274.3629611883086,1276.0,1274.6370388116914,1274.6370388116914,0.0,0.0,0.0,0.0,0.0,0.0,0.0,0.0,-0.008735698918562875,0.011262597179161678,0.0025818177174850303,0.016500023329101797,0.22941791589221558,-9.711798312574851,10.965855944918184,24.928698622032726,101193.34740032266,0.999684211507177,-0.012357268869856459,0.0018455342798564594,-0.02180362132535885,nan,nan,nan,0.0,0.0,-1.0,0.277268291362089,-0.03510002387391735,0.4721486877347352,5412.934811791937,5422.671696215855,5416.107860864267,5421.669209130867,"2,1,0.5,1,15",0
174,45546773,29.967773000000125,0.00020439873642296992,0.0003067593233468252,3.010270774045029e-05,0.2751352937490513,1275.0,1274.8472046546926,1275.0,1274.0,0.0,0.0,0.0,0.0,0.0,0.0,0.0,0.0,0.001777933683059833,-0.006852905115122444,0.000105462220512497,0.06407513555263822,0.2064417567634436,-9.587345318858873,10.971128434704829,24.928335654740607,101193.28745974954,0.9996832689158454,-0.0125135351104372,0.0019198820646702047,-0.021753395853171594,nan,nan,nan,0.0,0.0,-1.0,0.2766322187994242,-0.03404842557735125,0.47075647865451054,5407.659035205117,5420.258801757798,5418.780546630847,5414.964089208965,"2,1,0.5,1,15",0
175,45596773,30.017773000000126,-0.00026089036819687214,0.00025426224018399265,0.0006325033830036798,0.2750011770055198,1275.6872125114996,1275.0,1274.0,1274.0,0.0,0.0,0.0,0.0,0.0,0.0,0.0,0.0,0.009325686800827966,-0.007197028297493101,-0.0001976427593376271,0.012378788985280591,0.198396838824747,-9.667946972861087,11.028956813648993,24.927977872987476,101192.61186122635,0.999684352268431,-0.012437175364484876,0.0018169880071361058,-0.02175566244730624,nan,nan,nan,0.0,0.0,-1.0,0.27771679567832375,-0.03575006895057477,0.472493617655333,5416.429439453175,5410.612925927723,5413.303550683575,5412.296066992159,"2,1,0.5,1,15",0
176,45646773,30.067773000000127,-0.0004037873689416149,-0.0002018335913217391,4.0567725112795023e-05,0.2752650421118012,1275.0,1275.0,1274.0,1275.0,0.0,0.0,0.0,0.0,0.0,0.0,0.0,0.0,-0.00037346945917351255,-0.00031655497747074945,-0.0034407730252676125,-0.006370811352252925,0.2767906562160816,-9.641857808314663,11.16066406812558,24.92761562128828,101191.0234932725,0.9996884806304138,-0.012185743908325313,0.0015855241254331088,-0.021724236397256978,nan,nan,nan,0.0,0.0,-1.0,0.27544271522900193,-0.035349941429111346,0.47078730630513704,5423.211202612233,5408.9669578369585,5414.949132910172,5419.197285424839,"2,1,0.5,1,15",0
177,45696773,30.117773000000128,0.0006916061097034401,-0.0002689875071648873,0.00037225232078291813,0.27566130832740215,1275.0,1276.0,1275.0,1274.4951294844382,0.0,0.0,0.0,0.0,0.0,0.0,0.0,0.0,-0.016997110770359848,0.007486030759114583,0.0015572726337594696,0.06074633050307765,0.17590879977509472,-9.795242872869318,11.2018093074825,24.927253220049973,101190.52219058156,0.9996854987781036,-0.012447107050830889,0.0016921146993157381,-0.021706200715542523,nan,nan,nan,0.0,0.0,-1.0,0.27655455582308774,-0.03473579733022527,0.47081498439598973,5412.893150512737,5424.788610864314,5423.392031127921,5416.222366308556,"2,1,0.5,1,15",0
178,45746773,30.16777300000013,-0.00020497609049553782,-0.0005021895851737905,-3.838711623696571e-05,0.27592214549788635,1275.0,1276.0,1275.0,1276.0,0.0,0.0,0.0,0.0,0.0,0.0,0.0,0.0,0.003669401470353411,0.004779837478971469,0.00019090540198426695,0.010895517776036163,0.20867071909827403,-9.727052117059998,11.183415073217745,24.926889444918597,101190.73119692676,0.999684603789214,-0.01256993151697803,0.0017254919104335565,-0.021674285592879802,nan,nan,nan,0.0,0.0,-1.0,0.27896718298550727,-0.033748269576811596,0.47082317811594204,5418.4706719727055,5427.204082885726,5422.389467016568,5427.125737670914,"2,1,0.5,1,15",0
179,45796773,30.21777300000013,-0.0001961610803570656,0.0004545102902055832,0.0005545277322743994,0.2761579,1277.0,1276.0,1275.0,1275.0,0.0,0.0,0.0,0.0,0.0,0.0,0.0,0.0,-0.0008128837356478477,-0.011676231073329007,-0.0025398895689041747,0.07197445367510275,0.23197688350854426,-9.802902429158555,11.226648489798263,24.926532670268408,101190.23060233347,0.999685025449037,-0.012432018703527375,0.0015772279947197578,-0.021745971406189137,nan,nan,nan,0.0,0.0,-1.0,0.27711412639487387,-0.03456309802731278,0.47051708265438524,5434.29150390625,5422.962890625,5420.443359375,5425.11279296875,"2,1,0.5,1,15",0
180,45846773,30.26777300000013,0.000495704378941836,0.00026645222035972903,6.096414236113058e-05,0.2760740481429573,1275.8714953271028,1276.0,1276.1285046728972,1275.0,0.0,0.0,0.0,0.0,0.0,0.0,0.0,0.0,-0.018915109910747664,-0.005526700635514019,0.0024981543011682243,0.041362931145794396,0.2459989210186916,-9.670142519158878,11.332125545733579,24.92617791052793,101188.96757596685,0.9996815791812049,-0.012646731374738311,0.0014687237325657129,-0.02178805592602931,nan,nan,nan,0.0,0.0,-1.0,0.2752795810273701,-0.0352883776902023,0.472359974311781,5425.833983154259,5431.931521215805,5430.374709155324,5422.21335263673,"2,1,0.5,1,15",0
181,45896773,30.31777300000013,-3.0138896542438083e-05,0.00012447117912286608,0.00018329519298821833,0.2763201745611926,1276.0,1276.0,1276.0,1275.6375661375662,0.0,0.0,0.0,0.0,0.0,0.0,0.0,0.0,0.0038909809437259624,0.0034424763556971153,0.0008445390832884616,0.010059567077043273,0.2280006440625,-9.740030507451923,11.389798613311429,24.925819690508323,101188.26450507539,0.9996807934056399,-0.012805559381778742,0.0015174472193058568,-0.021730049698481562,nan,nan,nan,0.0,0.0,-1.0,0.27752879187925555,-0.034886298642759876,0.472422444802542,5427.745180004936,5429.000035400402,5431.124550512661,5427.45362421876,"2,1,0.5,1,15",0
182,45946773,30.36777300000013,-0.0007777672772303777,-8.363949257428068e-05,5.228913290859268e-05,0.2766082,1276.8270397182548,1276.0,1275.1729602817452,1277.0,0.0,0.0,0.0,0.0,0.0,0.0,0.0,0.0,0.005291388158471761,0.0018129951714285714,-0.0007496399764119603,0.10103755527242525,0.18616647083056478,-9.757366355481727,11.471238622904382,24.925462617585847,101187.28593074343,0.9996835987987989,-0.012544238591591593,0.0015955092468468467,-0.021745607696696697,nan,nan,nan,0.0,0.0,-1.0,0.27659221694054775,-0.033881705091182365,0.47057476750167004,5438.011928027302,5424.799718408229,5423.558823095756,5439.293328125002,"2,1,0.5,1,15",0
183,45996773,30.417773000000132,0.0005535641738598348,0.0005144456591319077,-8.084537628689391e-05,0.276658319737455,1276.0,1276.0,1277.0,1275.351906779661,0.0,0.0,0.0,0.0,0.0,0.0,0.0,0.0,-0.015085324818777755,-0.0028238043912455065,0.0018826644396278283,0.04087366106618735,0.16675316484669064,-9.887731639670122,11.495364597821325,24.925110192290845,101186.99362585462,0.9996824675068842,-0.012678469184282991,0.001637700846324931,-0.02171650056767634,nan,nan,nan,0.0,0.0,-1.0,0.2770203115879201,-0.03412173910764734,0.47374174423770093,5433.485252880842,5432.911130566442,5434.656435131836,5427.3308317870715,"2,1,0.5,1,15",0
184,46046773,30.467773000000133,0.00124521458557904,3.582886322765302e-05,8.51989891785557e-05,0.2764031,1275.0,1277.0,1277.0,1275.0,0.0,0.0,0.0,0.0,0.0,0.0,0.0,0.0,-0.010965018497582949,0.0006226993434849484,0.0006291787165282356,0.0016461739442540102,0.21056328324544057,-9.794564624038673,11.525851337349398,24.92475235482023,101186.6299953793,0.9996769109876231,-0.013060076359939379,0.0017235923126799697,-0.021738796649659005,nan,nan,nan,0.0,0.0,-1.0,0.27651003283944564,-0.03639806270305409,0.4712014615577088,5420.687697614384,5440.734935337618,5438.337422991072,5418.009781040715,"2,1,0.5,1,15",0
185,46096773,30.517773000000133,-0.0009838163083339805,-0.0005005208577165049,0.00011193032895145629,0.27655527,1276.765337820347,1275.765337820347,1275.0,1277.0,0.0,0.0,0.0,0.0,0.0,0.0,0.0,0.0,0.02053468307484138,0.0054269675577754755,-0.006712131127126764,0.007351450915706333,0.2402533189990936,-9.833704217143596,11.612464808478851,24.92440342112922,101185.59140376406,0.9996819181575264,-0.012702864966407941,0.0019093032936633159,-0.021703679389998728,nan,nan,nan,0.0,0.0,-1.0,0.27671349302497394,-0.03377864389099397,0.4705490324924081,5432.851852794882,5426.038931012856,5418.501348935034,5443.681855887267,"2,1,0.5,1,15",0
186,46146773,30.567773000000134,0.00023626015316023028,-0.00020033253965819143,2.8920969501079397e-05,0.27619472,1275.0,1276.0,1276.0,1276.0,0.0,0.0,0.0,0.0,0.0,0.0,0.0,0.0,-0.0047360257216358835,-0.0041395824904653395,0.003549446426471816,0.07612670734372752,0.2388112066898537,-9.76282015423363,11.670124780523311,24.924062873766403,101184.90136159111,0.9996828342348754,-0.01258594067412303,0.0018290294703101168,-0.021740310525673615,nan,nan,nan,0.0,0.0,-1.0,0.276070375084857,-0.03464600493220815,0.4725187036511955,5428.540902483219,5426.32371595983,5428.526633091571,5431.968307965912,"2,1,0.5,1,15",0
187,46196773,30.617773000000135,0.0008387464936654983,0.0005931964301577366,-3.913623525413117e-05,0.27570108,1275.0,1275.0,1276.0,1274.0,0.0,0.0,0.0,0.0,0.0,0.0,0.0,0.0,-0.010371575044578012,-0.0068055965320560985,-0.0036246017393939396,0.02605345932388179,0.24490332684698224,-9.750328956173302,11.734204475787735,24.92370757497738,101184.1365676016,0.9996795270107742,-0.01293113880581308,0.0016512056500626409,-0.021700901721122524,nan,nan,nan,0.0,0.0,-1.0,0.2774747148311013,-0.03500170312657406,0.4721166372726364,5420.243091210932,5423.932366284151,5437.013673583947,5414.642602148397,"2,1,0.5,1,15",0
188,46246773,30.667773000000135,-0.0006283451912364131,-0.0003547086271286232,8.001645557518115e-05,0.27572802492753623,1275.8496376811595,1275.0,1274.1503623188405,1276.0,0.0,0.0,0.0,0.0,0.0,0.0,0.0,0.0,0.0066624590121802125,0.0065574879211908535,0.004394146094815486,0.06783419313900838,0.2958554348743491,-9.76653588182024,11.796544881944834,24.923351074707806,101183.38359345488,0.9996792084235453,-0.01290095051285521,0.0016222190325439782,-0.021734626109607576,nan,nan,nan,0.0,0.0,-1.0,0.27734025685747243,-0.03348681775663312,0.4705767136353872,5424.113502221636,5421.944915209917,5418.437037084924,5424.061147314515,"2,1,0.5,1,15",0
189,46296773,30.717773000000136,-0.0010198136587723317,-0.00011456867138341732,-0.0003605737349885479,0.2754364134425103,1275.0,1274.0,1274.6147503435639,1276.0,0.0,0.0,0.0,0.0,0.0,0.0,0.0,0.0,0.002106846085180944,0.0037071521694686214,0.0047759943037104895,0.045531565966788826,0.1793363203252405,-9.828139658039396,11.781228942075543,24.923002475407547,101183.56992118442,0.999685340586892,-0.012588498245147293,0.0017949666717743777,-0.02162432825713633,nan,nan,nan,0.0,0.0,-1.0,0.27736290913187855,-0.036327729476043645,0.47119186457542694,5413.83264692378,5411.656289648448,5416.838347094781,5436.2777412597325,"2,1,0.5,1,15",0
190,46346773,30.767773000000137,0.0011265902718021019,0.0005009411004998719,0.00032237458056395797,0.2752132370212766,1275.0,1275.9492437836452,1275.0507562163548,1273.0,0.0,0.0,0.0,0.0,0.0,0.0,0.0,0.0,-0.01726604979953858,-0.015962679459625737,0.0009705489480645988,0.05136781710217893,0.13854058199436042,-9.735198598051781,11.837079436516442,24.922642541974543,101182.90145317465,0.9996812105268246,-0.012904310492508458,0.0017060116526341229,-0.02163516261913968,nan,nan,nan,0.0,0.0,-1.0,0.27630129853291385,-0.034970776947552865,0.47009299325235954,5416.809358520538,5422.907103442412,5424.322564355474,5403.775868261636,"2,1,0.5,1,15",0
191,46396773,30.817773000000138,-0.0012256451082840237,0.00010814614096770216,0.0003458972715902367,0.27541628,1276.0,1274.0,1274.0,1275.4678175092479,0.0,0.0,0.0,0.0,0.0,0.0,0.0,0.0,0.014919083025407006,0.00930249800123335,-0.0024053236470892945,0.05927121796250617,0.23262962925752342,-9.801974797730637,11.936235252519518,24.92229775202271,101181.70956352023,0.9996788209748892,-0.0129636423028065,0.0015793181116691285,-0.021720919672082718,nan,nan,nan,0.0,0.0,-1.0,0.27816209451246066,-0.03535098160416163,0.47120352870796034,5428.289131744402,5418.645695281952,5411.6626391906075,5413.561935485954,"2,1,0.5,1,15",0
192,46446773,30.86777300000014,-0.0005918787028485577,-0.00040314161532331735,-9.827451850985577e-05,0.27538916384615386,1275.0,1275.0,1274.0,1276.0,0.0,0.0,0.0,0.0,0.0,0.0,0.0,0.0,-0.0010133195891767817,0.0076485723539959135,0.002312486975303449,0.0027924672975603894,0.22001893397668548,-9.764644124624445,11.939542634504171,24.92197248422278,101181.68602600426,0.9996808535230187,-0.012767111144584198,0.0017023977681523996,-0.021734158877518624,nan,nan,nan,0.0,0.0,-1.0,0.27633098263772954,-0.034802916079924875,0.4727940786206177,5421.7035124511485,5416.2823278076585,5408.442496118189,5427.906659106434,"2,1,0.5,1,15",0
193,46496773,30.91777300000014,0.000986831685142857,0.00022765782899591833,0.00029962839881632656,0.27539067318367344,1274.4634991843393,1276.0,1275.5365008156607,1274.0,0.0,0.0,0.0,0.0,0.0,0.0,0.0,0.0,-0.022098220201183433,-0.007550219523668638,8.581455857988165e-05,0.03721028310059171,0.18109135846153845,-9.767240183431953,12.057705717518038,24.921619764675324,101180.23664531024,0.9996771028507432,-0.013002683642231724,0.00178546252533089,-0.021758889553451434,nan,nan,nan,0.0,0.0,-1.0,0.2759618587459777,-0.03457343195665342,0.4718772782349044,5414.640413330055,5426.1609757812785,5420.091085620181,5413.593969360301,"2,1,0.5,1,15",0
194,46546773,30.96777300000014,0.0003231289072934888,0.0008870336666618076,-0.0005251341153061224,0.27552545,1275.0,1274.0,1276.0,1275.0,0.0,0.0,0.0,0.0,0.0,0.0,0.0,0.0,0.0007675617053491115,-0.011336349344378698,0.002280596306863906,0.03654631536804734,0.22816647271005916,-9.72188750414201,12.132472059991779,24.92125103394739,101179.35136088483,0.9996743777287066,-0.013275956369813153,0.0016295852705168648,-0.021734262325163796,nan,nan,nan,0.0,0.0,-1.0,0.2769307588489066,-0.037111261903976143,0.472376149055169,5417.823180737312,5416.351875219686,5429.539416235332,5413.158495361358,"2,1,0.5,1,15",0
195,46596773,31.01777300000014,-0.0010006699013014422,-0.0006190541620189941,-0.00020124922173408373,0.275724,1275.0,1275.0,1274.0,1276.399084184572,0.0,0.0,0.0,0.0,0.0,0.0,0.0,0.0,0.01760673471277719,0.011740481449841605,0.002766050248363252,0.0654872824498416,0.25688740316789865,-9.834206240760295,12.15474092938053,24.92092872466077,101179.08914867256,0.9996793309982487,-0.013030876297723292,0.0016482620374781085,-0.02165182279334501,nan,nan,nan,0.0,0.0,-1.0,0.2757651551093917,-0.034103352124466385,0.47317968398345783,5419.282364916993,5412.5065590088325,5418.1982293700685,5429.6243089600075,"2,1,0.5,1,15",0
196,46646773,31.06777300000014,-0.00026328277116279073,-7.26695861627907e-05,7.600867395348838e-05,0.27570283,1275.0,1275.0,1275.0,1275.0,0.0,0.0,0.0,0.0,0.0,0.0,0.0,0.0,-0.006656128680054442,0.0009516161347191288,-0.0019792515097253154,0.06716721428161346,0.19151162630536997,-9.829238185845087,12.245676032625369,24.920575725644053,101177.99770324484,0.9996803397690641,-0.01293513713399086,0.001738750741400048,-0.02165174677146981,nan,nan,nan,0.0,0.0,-1.0,0.27677395478934647,-0.03495680722524389,0.4731221289100406,5422.418435522466,5419.16565539556,5418.309161791997,5425.091341674767,"2,1,0.5,1,15",0
197,46696773,31.117773000000142,0.00020626720930120484,-0.00022242259530120482,-0.0008227022581927711,0.27572882,1274.0,1275.0,1276.0,1276.0,0.0,0.0,0.0,0.0,0.0,0.0,0.0,0.0,-0.006026722937891078,0.004612490790683661,0.006803779365260719,0.03545580947300116,0.18136561269756662,-9.676961762456548,12.254644791834853,24.920231521892898,101177.89490773843,0.9996775569120702,-0.013195861198015232,0.0017970020115393491,-0.021620505982921763,nan,nan,nan,0.0,0.0,-1.0,0.2760885562881105,-0.03335056724400592,0.4726434984736063,5416.817996655265,5423.617369067354,5428.6804387939455,5419.941058789118,"2,1,0.5,1,15",0
198,46746773,31.167773000000143,-2.5224900034482762e-05,-0.0006328569671034482,-0.00043253180270689655,0.27590092625862067,1274.1836985964048,1275.1836985964048,1275.0,1276.0,0.0,0.0,0.0,0.0,0.0,0.0,0.0,0.0,-0.0009600368657142857,0.0044924410359285715,-0.0024064351785714286,0.0157627084,0.16334405607142857,-9.723581442857142,12.259924529953917,24.919884612903225,101177.83497695853,0.9996767781997049,-0.013255636811362518,0.001876177922085588,-0.021612143177570094,nan,nan,nan,0.0,0.0,-1.0,0.2766319853246862,-0.03469131518075314,0.4718791619732218,5419.223306176767,5424.7103782226495,5420.833131787138,5424.481987597668,"2,1,0.5,1,15",0
199,46796773,31.217773000000143,-4.776274632171124e-05,0.00032328772081283424,-1.1631791358288751e-05,0.27612966,1276.0,1275.365561497326,1276.0,1275.634438502674,0.0,0.0,0.0,0.0,0.0,0.0,0.0,0.0,0.003164823019062901,-0.0005065792999764655,0.005303358838960205,0.08187870436884895,0.20708719672015405,-9.847723624625587,12.283864613839242,24.91953747072094,101177.53648554036,0.9996772896868842,-0.013222943670790454,0.0018338122800744471,-0.021616862670899933,nan,nan,nan,0.0,0.0,-1.0,0.2760451532708525,-0.034844497815103945,0.47060670082491446,5428.210439453143,5426.606057299786,5426.114885034195,5421.8298350341765,"2,1,0.5,1,15",0
200,46846773,31.267773000000144,-0.00045093625627354176,-0.0001552812443463156,-6.176952561894313e-05,0.2758555,1275.1998171846435,1275.1998171846435,1275.0,1275.8001828153565,0.0,0.0,0.0,0.0,0.0,0.0,0.0,0.0,-0.002326393599926954,0.0010284595963476987,-0.001603160420098612,-0.022323757309349893,0.19402875953981008,-9.80521938422206,12.356874051591976,24.919193388387946,101176.6700189222,0.9996780270159079,-0.013189320643444871,0.001778918816236972,-0.021607835676906197,nan,nan,nan,0.0,0.0,-1.0,0.27731830639890337,-0.03474938540360978,0.4695966090253598,5423.635853283097,5422.683511765252,5424.835505440825,5426.218484189006,"2,1,0.5,1,15",0
201,46896773,31.317773000000145,-0.00015092491713705584,-0.0003057437996548223,0.0006826060897563452,0.2759774,1276.0,1276.0,1274.0,1275.0,0.0,0.0,0.0,0.0,0.0,0.0,0.0,0.0,0.002110633748769348,0.006899414332402943,-0.004778602533367166,0.03830870337173306,0.2362308194569906,-9.817362427302715,12.449467376437651,24.918858849878937,101175.55667145885,0.9996770920070958,-0.013107141571971617,0.00182346902823112,-0.021692578388494678,nan,nan,nan,0.0,0.0,-1.0,0.27769510264637104,-0.03520239560925209,0.4724682944517199,5424.994140625,5424.8544921875,5416.8505859375,5431.1259765625,"2,1,0.5,1,15",0
202,46946773,31.367773000000145,0.0004724817054800817,3.6832948888917265e-05,-5.917920787538304e-05,0.275565418907048,1274.944345162114,1275.0,1275.055654837886,1275.0,0.0,0.0,0.0,0.0,0.0,0.0,0.0,0.0,-0.01221835037027579,-0.003213068974821246,-0.0001708542920633298,0.022593296527834525,0.30140820861848827,-9.85184830771195,12.514970360417102,24.918516810648295,101174.76909329629,0.9996763501529442,-0.01320306055238338,0.0017679720597501912,-0.021676093779760385,nan,nan,nan,0.0,0.0,-1.0,0.2762319290246701,-0.03490928731108106,0.4714911076010163,5414.686795851939,5419.4367061709445,5426.05524469866,5419.884449055967,"2,1,0.5,1,15",0
203,46996773,31.417773000000146,-0.0003468885681433225,0.0007792391526151699,-0.0003809634293624942,0.27538383,1275.0,1274.0,1275.4754594091648,1275.0,0.0,0.0,0.0,0.0,0.0,0.0,0.0,0.0,0.007426918733689839,-0.005388719337247151,0.004584220003394559,-0.009140097602883049,0.2552221039339688,-9.711399261567077,12.600390872857142,24.918166916734695,101173.73895510205,0.9996771115368421,-0.013241101547368421,0.001557214937122807,-0.021632262239298247,nan,nan,nan,0.0,0.0,-1.0,0.2778271749982854,-0.035551977421937,0.47084579307941016,5420.0716602050925,5412.696291430669,5421.499097680612,5417.955003979485,"2,1,0.5,1,15",0
204,47046773,31.467773000000147,0.0003678773279773463,0.00016222509079126215,-0.0001662181613279396,0.27481710751887806,1274.0,1274.0,1275.0,1274.0,0.0,0.0,0.0,0.0,0.0,0.0,0.0,0.0,0.0017266697479374495,0.0007035912091264492,-0.0003428921680911297,0.05941598601132381,0.24178751224319223,-9.811098197627393,12.620419134086246,24.917823286541523,101173.49204398597,0.99967784,-0.013188584745098039,0.0015257442292250234,-0.021635938088702147,nan,nan,nan,0.0,0.0,-1.0,0.27746589435138536,-0.036176644489924435,0.47113030160327457,5412.692001879848,5411.670319189458,5414.733898706058,5411.771904638629,"2,1,0.5,1,15",0
205,47096773,31.517773000000147,0.0005870366526439024,-6.512893080526829e-05,-0.0002459287808907317,0.27484813,1274.0,1274.4003901487442,1275.0,1274.0,0.0,0.0,0.0,0.0,0.0,0.0,0.0,0.0,-0.0013585577832398148,-0.0008804334591973652,0.004491793740375701,-0.0013377099758477666,0.2361828244693828,-9.70163782020005,12.694802482225779,24.9174802489952,101172.61484020759,0.9996753374332848,-0.01331475074284328,0.0015861120342066958,-0.021665884004852014,nan,nan,nan,0.0,0.0,-1.0,0.27693533377575114,-0.0344271278171973,0.47124315881850015,5411.4926709228275,5418.341727490167,5412.796186401412,5409.92185942385,"2,1,0.5,1,15",0
206,47146773,31.567773000000148,-0.0007276891423785628,9.072170242874348e-05,0.00012812236427338418,0.27482164,1275.0,1274.0,1274.0,1274.8807707747892,0.0,0.0,0.0,0.0,0.0,0.0,0.0,0.0,0.008192022930979133,-0.002788836493579454,-0.007702447545144462,0.03563695404093098,0.16654603858346712,-9.693479802969502,12.71810165117876,24.917141474479287,101172.34529526207,0.999677183914962,-0.013152109753108704,0.0016007987129963899,-0.021681612755515445,nan,nan,nan,0.0,0.0,-1.0,0.2772186933166217,-0.03541239083069803,0.472568013089086,5414.03243698732,5411.825794335926,5408.559599267552,5414.816696069358,"2,1,0.5,1,15",0
207,47196773,31.61777300000015,-0.000539024309255205,0.00034762541066323243,9.035403285254348e-05,0.27531496259497745,1275.5593474994635,1274.0,1275.0,1275.0,0.0,0.0,0.0,0.0,0.0,0.0,0.0,0.0,0.008948592579742488,-0.005975630129828326,-0.004853003855515021,0.10921756628969956,0.22996154916738198,-9.750519845064378,12.755811051735504,24.91681805836727,101171.881478185,0.9996783449228792,-0.01298742030173522,0.0016504000531919452,-0.021724304011353897,nan,nan,nan,0.0,0.0,-1.0,0.2765220246394738,-0.03517650292519511,0.47271420227261574,5418.9518077393295,5416.79134552002,5412.14196246339,5412.710489959723,"2,1,0.5,1,15",0
208,47246773,31.66777300000015,-5.043176672692308e-05,-2.31171177e-05,0.00024222522642307692,0.27534467,1275.0,1275.0,1274.9717223650387,1275.0,0.0,0.0,0.0,0.0,0.0,0.0,0.0,0.0,0.007951653690000001,0.007202589444230769,-0.004867976427051282,0.02899578682948718,0.25967421975641025,-9.827157555128206,12.832749248470103,24.916480509326846,101170.95809407948,0.99968,-0.012875612679347826,0.001644394205615942,-0.02171651840942029,nan,nan,nan,0.0,0.0,-1.0,0.27591502700826936,-0.034899769166420555,0.47278377796367393,5421.16064453125,5415.25244140625,5420.7431640625,5414.1044921875,"2,1,0.5,1,15",0
209,47296773,31.71777300000015,-3.2296161503921074e-05,-0.0004250176970908171,2.3055026751834026e-05,0.27553356,1275.0,1275.0,1275.0,1275.4409309385278,0.0,0.0,0.0,0.0,0.0,0.0,0.0,0.0,0.004486773901138088,0.008084504768588772,0.003228073997647952,0.06676780809939302,0.20518914823216994,-9.750751904400607,12.898133505861331,24.916143310856715,101170.1706907927,0.9996808147317814,-0.012811933796811741,0.0017565762391194332,-0.021705805736082995,nan,nan,nan,0.0,0.0,-1.0,0.27781119653438624,-0.035024656573570574,0.4708106305407837,5416.946393890354,5419.267222351075,5418.308622619637,5421.008204742463,"2,1,0.5,1,15",0
210,47346773,31.76777300000015,-9.228994928125e-05,-0.00075768671634375,0.00019713323034374999,0.27572346,1275.0,1276.0,1274.0,1275.925686230752,0.0,0.0,0.0,0.0,0.0,0.0,0.0,0.0,0.002442045703503682,0.002297214776032136,-0.007717661075742022,-0.0021676166525329173,0.22040471832849812,-9.87972782927918,12.955036285697563,24.915813549524945,101169.47940105741,0.9996814970949721,-0.012744518386592178,0.0018937137183240224,-0.021701941448044694,nan,nan,nan,0.0,0.0,-1.0,0.27638227651554936,-0.03458903099335357,0.4726374421145483,5415.833325079089,5427.181972400445,5413.173168340821,5427.270294108073,"2,1,0.5,1,15",0
211,47396773,31.81777300000015,0.00012593707955102523,0.0005966122872778694,-2.301246777441433e-05,0.2755707732052793,1275.0,1275.0,1276.0,1275.0,0.0,0.0,0.0,0.0,0.0,0.0,0.0,0.0,-0.0019203727639019793,-0.012422138672950047,0.0008589663971724786,0.035606491762488215,0.23166378377002828,-9.671755864278982,12.991499241395458,24.915468464528214,101169.04466401311,0.9996822076310862,-0.01277190430559457,0.001634265492485955,-0.02167159253792135,nan,nan,nan,0.0,0.0,-1.0,0.27727245834386244,-0.034871021218272694,0.47284913330827666,5419.560346362304,5417.493923535132,5428.0752091308805,5416.892874340825,"2,1,0.5,1,15",0
212,47446773,31.867773000000152,-0.0001435173477814648,0.0008622465678573121,-0.0005509425647783835,0.27536178,1275.0,1274.0,1276.0,1275.0,0.0,0.0,0.0,0.0,0.0,0.0,0.0,0.0,0.003506960035602837,-0.0056065712085579195,0.004760844252884161,0.0490883420283688,0.23007285646335698,-9.739831948463358,13.00860178649342,24.91513153961721,101168.84475092744,0.9996829880814684,-0.012766329753834548,0.0013634419686949961,-0.02165776872919286,nan,nan,nan,0.0,0.0,-1.0,0.2767174186413466,-0.034593941935088475,0.47122947682347865,5425.634716699199,5413.30661423341,5423.852010522431,5415.362685791037,"2,1,0.5,1,15",0
213,47496773,31.917773000000153,0.0003798843884366406,-0.00029337861643114025,0.0003564767581256611,0.2752715666024963,1275.0,1276.0,1274.0,1274.0,0.0,0.0,0.0,0.0,0.0,0.0,0.0,0.0,0.0004721161408629441,0.008248539014382402,-0.00019540552791878166,0.04420629017089678,0.22509800076142134,-9.81600272250423,13.055590268624712,24.91480252056735,101168.28548029823,0.9996826345358426,-0.012781430276802707,0.0014242791762740536,-0.02166445015711567,nan,nan,nan,0.0,0.0,-1.0,0.2763266890374736,-0.034485842501573015,0.47178373804746926,5414.917763061517,5424.716030053759,5415.3390717040475,5414.670971044911,"2,1,0.5,1,15",0
214,47546773,31.967773000000154,-0.0005170126616577911,-0.0005070501738041214,0.00032489811554989583,0.27516162784440845,1275.1023567467653,1275.0,1274.0,1275.0,0.0,0.0,0.0,0.0,0.0,0.0,0.0,0.0,0.007738463121815655,0.0013398813491106993,-0.00613359926864289,0.022023052473830476,0.2753904490504863,-9.72957612459472,13.145139276301766,24.91446083266477,101167.19948685153,0.9996820140197398,-0.01274517210991476,0.0017298870784656797,-0.021688758479587258,nan,nan,nan,0.0,0.0,-1.0,0.2769285944888889,-0.03430775095151061,0.47122275229563043,5415.752974438515,5423.951055859295,5408.98549113773,5421.044888207999,"2,1,0.5,1,15",0
215,47596773,32.017773000000155,0.00017431734837925852,0.000688646032001503,-0.00018576023176177355,0.2751831,1275.0,1274.0,1275.6049073610416,1274.0,0.0,0.0,0.0,0.0,0.0,0.0,0.0,0.0,9.305129282167037e-05,-0.018478403988713317,0.0030631411037923247,-0.001861748519187358,0.268885391986456,-9.774012115124153,13.220143431389978,24.914122940153433,101166.30489014281,0.9996841777736132,-0.01264122984257871,0.0015382902329085458,-0.021665290016491756,nan,nan,nan,0.0,0.0,-1.0,0.276562091533254,-0.03631665540311,0.4710070115783859,5421.61476938479,5407.805424658204,5419.515129907258,5414.314569360303,"2,1,0.5,1,15",0
216,47646773,32.06777300000016,0.0004218836882414307,-0.0005139670845007451,5.7810945453055144e-05,0.27551726,1274.0,1276.0,1275.0,1275.0,0.0,0.0,0.0,0.0,0.0,0.0,0.0,0.0,-0.006960110881385497,0.000973602175928233,0.000223855826563668,0.0223440283509843,0.1954650800473461,-9.720811103663095,13.242685100869766,24.913783030865147,101166.02821524785,0.9996827574246914,-0.012725285888395062,0.0013603051230864198,-0.021697811017283953,nan,nan,nan,0.0,0.0,-1.0,0.2769640090061109,-0.0346043551947423,0.4716183001890926,5414.678847190122,5422.761029918377,5420.386541104413,5418.052277476937,"2,1,0.5,1,15",0
217,47696773,32.117773000000156,-5.110889699629538e-05,0.0003108027188565078,-0.0009223279580439615,0.27555005248209435,1274.5874074074075,1274.0,1276.0,1276.0,0.0,0.0,0.0,0.0,0.0,0.0,0.0,0.0,0.006518807166501977,-0.013441092979743084,0.0025821413124999994,0.016784891286287056,0.23598528363636365,-9.780686131422925,13.265071286681716,24.91343903160271,101165.7653809255,0.9996832277104875,-0.01273303279271295,0.0013035492980305267,-0.02167168449630724,nan,nan,nan,0.0,0.0,-1.0,0.2768658783337427,-0.03501633072456649,0.47175526835781306,5416.8076345215395,5421.379839038083,5422.73186477051,5422.159836328094,"2,1,0.5,1,15",0
218,47746773,32.16777300000015,-0.0005839847142857142,0.0003139271451190476,0.0005187177071428571,0.27538547,1276.0,1275.0,1274.0,1275.0,0.0,0.0,0.0,0.0,0.0,0.0,0.0,0.0,0.009497814853448276,-0.002435617577586207,-0.002438483726724138,0.04697722538793104,0.22568791862068965,-9.703045896551725,13.365651512577498,24.913113329147414,101164.57093946215,0.9996836070096331,-0.0125589121276901,0.0010600965083828653,-0.021767094916991185,nan,nan,nan,0.0,0.0,-1.0,0.27687634927452753,-0.03494193878078736,0.4710536440819727,5428.195612329136,5419.2013101562525,5411.256855151325,5416.249996240201,"2,1,0.5,1,15",0
219,47796773,32.21777300000016,0.00030582077685967777,3.87649023067943e-05,-0.000217360374186318,0.27551547,1275.0,1275.0,1275.3723155929038,1275.0,0.0,0.0,0.0,0.0,0.0,0.0,0.0,0.0,-0.0066483533726699375,-0.0033124819733006314,0.0019123628854239663,0.02017020868675543,0.20253212100911003,-9.80396133216538,13.3584271658685,24.91279517092043,101164.64812252333,0.9996839418262494,-0.012588307850537132,0.0009538776626015881,-0.021741224194535263,nan,nan,nan,0.0,0.0,-1.0,0.2751684970219392,-0.03478207496650153,0.4710300142561925,5415.57312667407,5415.930637904603,5425.803413992773,5418.433671735499,"2,1,0.5,1,15",0
220,47846773,32.26777300000016,-2.8922359506072876e-05,-0.00046841176840334005,0.00044592969906022265,0.27576299482287453,1275.0,1276.0,1274.0728560586897,1275.0728560586897,0.0,0.0,0.0,0.0,0.0,0.0,0.0,0.0,0.0019330114608453557,0.001024332291065553,0.002953997889167299,0.08277223595292331,0.23204232691470514,-9.889228802581625,13.396253946264391,24.9124617062698,101164.1785658271,0.999683746141016,-0.012661511305534496,0.0009402068028961334,-0.021708359560272932,nan,nan,nan,0.0,0.0,-1.0,0.2776414269266033,-0.03390145539313806,0.47102473623075813,5418.119881225647,5423.851563305611,5419.911647094752,5421.578127587917,"2,1,0.5,1,15",0
221,47896773,32.31777300000016,-0.00043630325061134296,-0.00031110555315737786,-0.00018256848533022342,0.2758013,1275.0,1275.0,1275.0,1276.0,0.0,0.0,0.0,0.0,0.0,0.0,0.0,0.0,0.008121234834683359,-0.0014019105564639176,-0.0003654957223858616,0.03256761426215022,0.22184278535346097,-9.823789078792341,13.514409277118496,24.912126530910715,101162.76144385962,0.999687655836815,-0.01243496626935365,0.0008958739319759155,-0.021663651310641435,nan,nan,nan,0.0,0.0,-1.0,0.27757768036858005,-0.034230574960725076,0.4699902666223565,5425.073616284197,5417.7353171631,5421.547453540022,5427.286947290025,"2,1,0.5,1,15",0
222,47946773,32.367773000000156,0.0006785785221932114,2.708629870926893e-05,0.00012178077246736293,0.2757849,1275.0,1276.0,1276.0,1275.0,0.0,0.0,0.0,0.0,0.0,0.0,0.0,0.0,-0.008721015037859008,-0.008229391174281984,5.1855357506527404e-05,0.09211059833942559,0.19974569506527415,-9.682948746736292,13.570860420125468,24.911789552644354,101162.10108299182,0.9996874133359396,-0.012449778216314829,0.0008346673045973417,-0.02166675271774824,nan,nan,nan,0.0,0.0,-1.0,0.2780111351630785,-0.035841700536676555,0.47169032802887717,5423.004648120098,5426.475453735362,5427.71782309572,5419.263976879866,"2,1,0.5,1,15",0
223,47996773,32.41777300000016,-0.0002126137591312788,0.0002453594071584567,-0.00016784492037369571,0.27609262,1275.6456310679612,1275.0,1276.0,1276.0,0.0,0.0,0.0,0.0,0.0,0.0,0.0,0.0,0.005976437371116505,-0.0014600271833737865,-0.00464321145973301,-0.03440106022815534,0.2672303457645631,-9.811051578883495,13.555880051539912,24.911459084642782,101162.2616300021,0.9996880401599613,-0.012484536613669413,0.0008389923414202617,-0.021618257234367427,nan,nan,nan,0.0,0.0,-1.0,0.2779319838260159,-0.03374120860322647,0.4703991723553196,5423.594260498093,5421.2148089843595,5426.268212475534,5428.784902148455,"2,1,0.5,1,15",0
224,48046773,32.467773000000165,-0.00020859785684749748,-8.83023872841787e-06,0.00036312083648807524,0.2757896,1276.0,1275.0417925478348,1274.9582074521652,1275.0,0.0,0.0,0.0,0.0,0.0,0.0,0.0,0.0,-0.0008649858236775818,8.733671563895885e-05,-0.008488004737363561,0.06642288453232577,0.2157826044366079,-9.767991744920236,13.585516561210197,24.91112764151648,101161.93350359511,0.9996886987567204,-0.012338687826612902,0.0008928714346270161,-0.021670699197916667,nan,nan,nan,0.0,0.0,-1.0,0.2755351561695562,-0.03315471474432579,0.4710088578886678,5423.967403320276,5419.944478930662,5418.506882739345,5428.404965478468,"2,1,0.5,1,15",0
225,48096773,32.51777300000016,0.00018784556532679738,-0.0001819362589019608,0.0005451631369281045,0.2757743571568627,1275.4753645047763,1276.0,1275.0,1274.5246354952237,0.0,0.0,0.0,0.0,0.0,0.0,0.0,0.0,-0.002850645888531187,0.004127901753093561,-0.008332801937625754,0.029278921915995976,0.25714971574698187,-9.723042759305836,13.700535883884363,24.910776070236384,101160.55869509662,0.9996875255065195,-0.012476636668004012,0.0008853048102808425,-0.02164385745887663,nan,nan,nan,0.0,0.0,-1.0,0.27827933565170837,-0.03459424420626886,0.4706414843541322,5419.571313403405,5424.416203051808,5425.512496997023,5421.861914672788,"2,1,0.5,1,15",0
226,48146773,32.56777300000016,0.000688533051068331,0.00031312290592764967,0.0002879656086312672,0.27591944,1275.0638883012482,1276.0,1276.0,1274.0,0.0,0.0,0.0,0.0,0.0,0.0,0.0,0.0,-0.006023760023820605,-0.008610039767928918,-0.007797922553395388,0.026956385903744447,0.2557236982335519,-9.752372094245823,13.773684400893163,24.910442058513684,101159.66812435589,0.9996834929681528,-0.01265483627983015,0.0008144986239660298,-0.0217283864895966,nan,nan,nan,0.0,0.0,-1.0,0.2773443300808926,-0.036094302049000465,0.4708090370469549,5426.3665950151035,5432.641149036752,5426.068990123443,5414.513372003695,"2,1,0.5,1,15",0
227,48196773,32.61777300000016,-0.00018276380186766985,-0.0003072433785284355,-0.0002944951346293428,0.2763156777826953,1275.0,1275.5857805255023,1276.0,1276.5857805255023,0.0,0.0,0.0,0.0,0.0,0.0,0.0,0.0,0.00538592984222173,-8.367666901969422e-05,0.0002113199222682009,0.006167057333923434,0.23632262461606549,-9.839509635760123,13.810589878905564,24.910115250073183,101159.21502254055,0.999685205470929,-0.01258195858914396,0.0007394679752156189,-0.02169732462218408,nan,nan,nan,0.0,0.0,-1.0,0.27833472790438607,-0.03452303161874313,0.4712077188340493,5427.584338208007,5426.621887133793,5426.851251245085,5428.236029809593,"2,1,0.5,1,15",0
228,48246773,32.66777300000017,-0.00132134968113879,6.935386711581089e-05,6.148379407117437e-05,0.2764881944789019,1277.0,1275.0,1275.0,1276.871038806982,0.0,0.0,0.0,0.0,0.0,0.0,0.0,0.0,0.006249162809152543,-0.012452937525423728,0.0009754125439322035,0.07148554169491525,0.1829164490576271,-9.776929392542373,13.869771149699735,24.9097774768449,101158.51877791893,0.9996894732903883,-0.01227683529598237,0.0006278505458213256,-0.02167834198779454,nan,nan,nan,0.0,0.0,-1.0,0.2766432073274496,-0.033972922406577656,0.4706039510843328,5437.039100512725,5422.131453588866,5422.569073388717,5438.222415063407,"2,1,0.5,1,15",0
229,48296773,32.717773000000165,0.0009669405652360417,0.0007188104744008171,3.060539601225604e-05,0.27635667,1276.0,1276.0,1277.0,1275.0,0.0,0.0,0.0,0.0,0.0,0.0,0.0,0.0,-0.015200984513268314,-0.006669991848809254,-0.004285530200884555,0.00766820468632343,0.2098663860444545,-9.862521379677931,13.941944412171694,24.909439420018167,101157.64518377364,0.999687372411283,-0.012431515010919016,0.0004163564359963603,-0.021692664119199272,nan,nan,nan,0.0,0.0,-1.0,0.27919889545498666,-0.03297784548730891,0.47067113352099005,5434.529229858368,5428.500131665119,5434.5105098388685,5420.116747778252,"2,1,0.5,1,15",0
230,48346773,32.76777300000016,-1.427231524332419e-05,-0.0012536312053905666,-0.00018341008661342645,0.2760391261741951,1274.0,1276.0,1275.032193661093,1277.0,0.0,0.0,0.0,0.0,0.0,0.0,0.0,0.0,0.003624136617215569,0.015564574221556887,-0.006296059548949601,0.0013733130849800448,0.29351407983532934,-9.75530946506986,13.93477956792684,24.909107477703404,101157.72985914962,0.9996845163468726,-0.012691592177672566,0.0006001023953899825,-0.021668267533516073,nan,nan,nan,0.0,0.0,-1.0,0.27836016213453796,-0.0350269624111073,0.4707507821983386,5414.1592488525675,5434.688915234356,5428.792699194283,5430.651951708998,"2,1,0.5,1,15",0
231,48396773,32.817773000000166,-0.0006909394763636364,-5.604279694460227e-05,7.303965712855113e-05,0.27580568,1276.0,1275.0,1275.0,1276.0,0.0,0.0,0.0,0.0,0.0,0.0,0.0,0.0,0.008984796571969697,-0.0025429547502367426,-0.0015299599753314393,0.044797875856297346,0.24937251277462122,-9.886068462831439,13.994240255000001,24.90877267,101157.0253,0.9996865,-0.012538865226584674,0.0007481154723036897,-0.02166420462015137,nan,nan,nan,0.0,0.0,-1.0,0.2779410700458458,-0.034480288502853666,0.47064180461686006,5425.258449172293,5420.51881821981,5420.228904436377,5431.170428222654,"2,1,0.5,1,15",0
232,48446773,32.86777300000017,-5.98292318473086e-05,0.00020445581760669096,-0.00035710291370791335,0.27553144,1275.0,1274.0834048027443,1275.0834048027443,1275.0,0.0,0.0,0.0,0.0,0.0,0.0,0.0,0.0,-0.0026633231236605232,-0.004373651286840977,0.00543593464462066,0.08112990494213458,0.2236851756193742,-9.759537044149164,14.041429104892286,24.90843317067317,101156.45005836949,0.9996880945415595,-0.012410606822622107,0.0005862500691516709,-0.021665247149957153,nan,nan,nan,0.0,0.0,-1.0,0.27768880894633474,-0.03475669506972062,0.47177055407080076,5427.574363061517,5414.990232495195,5422.823527368156,5420.150819360265,"2,1,0.5,1,15",0
233,48496773,32.91777300000017,0.0008700885314989837,0.0002797861939176829,-0.00034238672615599593,0.27568379725863823,1274.436737804878,1275.0,1276.0,1275.0,0.0,0.0,0.0,0.0,0.0,0.0,0.0,0.0,-0.006822903598170732,0.005991165682520325,0.003807650089227642,-0.004239272558130081,0.20917619156504064,-9.854173158536586,14.066242202781577,24.90809513828906,101156.15665883305,0.9996842126078133,-0.012667137989852867,0.0005604375358701166,-0.02169776329223744,nan,nan,nan,0.0,0.0,-1.0,0.27707007576789233,-0.03413064175095384,0.47263548098318725,5418.311940820252,5422.998737280267,5429.38168779294,5414.528579589881,"2,1,0.5,1,15",0
234,48546773,32.967773000000165,-0.00020199398113547194,0.00016620091537502884,0.00015861724275098083,0.2755103151742442,1275.0,1274.8719132240942,1275.0,1275.0,0.0,0.0,0.0,0.0,0.0,0.0,0.0,0.0,0.0017066221191312388,0.004891096002495379,0.004615134420448244,0.026230378939463957,0.23705449335027726,-9.749243952865065,14.148434751717538,24.907756496679742,101155.17556157307,0.9996843441536697,-0.012704413466513761,0.0007151683174655963,-0.02166587747614679,nan,nan,nan,0.0,0.0,-1.0,0.2785803088888889,-0.03617978240940402,0.47079543767894577,5417.766299455984,5419.971747721377,5421.007422549226,5418.924056663853,"2,1,0.5,1,15",0
235,48596773,33.01777300000017,-0.0007017807499178348,-0.000595853815853069,0.00037796859711938135,0.27573685070082166,1276.0,1275.577192558589,1274.0,1276.0,0.0,0.0,0.0,0.0,0.0,0.0,0.0,0.0,0.004176718924033817,0.01745772314009662,8.618911231884083e-05,0.03069101189045894,0.2768381666304348,-9.697769631642512,14.252569804734767,24.907416393926383,101153.91872819002,0.9996853764069263,-0.01245788406060606,0.000988398960865801,-0.02175177215151515,nan,nan,nan,0.0,0.0,-1.0,0.27849228210303645,-0.03480613914371337,0.4710788240800317,5426.244394946285,5421.350982128918,5411.590759863312,5426.266769824254,"2,1,0.5,1,15",0
236,48646773,33.06777300000017,0.00044878505639889195,0.00023691155407202217,-3.234975958448754e-05,0.27570814,1275.0,1275.0,1276.0,1275.0,0.0,0.0,0.0,0.0,0.0,0.0,0.0,0.0,-0.007310598353009318,0.007363532021153362,0.0017661311828506671,0.0642845599833795,0.22177203681692267,-9.78201442709645,14.302468983303292,24.907093860677357,101153.32654321223,0.9996850317322239,-0.012479286257186082,0.0011672777444024205,-0.021742840488653555,nan,nan,nan,0.0,0.0,-1.0,0.27662865591020097,-0.03441272767683476,0.4707284207643203,5420.559311181624,5424.323751611349,5424.867701123085,5419.8120180419355,"2,1,0.5,1,15",0
237,48696773,33.11777300000017,-0.00046987818127059946,-0.0002587859629806544,7.105794497253395e-06,0.27570963,1275.0,1275.0,1275.0,1276.0,0.0,0.0,0.0,0.0,0.0,0.0,0.0,0.0,0.0020539618307545368,0.004120046456446992,0.00425402815530086,0.06931885329512893,0.2284080565329513,-9.835743964660937,14.325536944787725,24.90676687048691,101153.0521636215,0.9996830944393976,-0.012531238881424815,0.001401971377551996,-0.02178776626105666,nan,nan,nan,0.0,0.0,-1.0,0.2784745312688006,-0.03462291893945237,0.47068231689934437,5418.529590425022,5425.55249467532,5422.713996326299,5425.767852911128,"2,1,0.5,1,15",0
238,48746773,33.16777300000017,-0.00032617776553664626,8.56058039028817e-06,0.0006918839445427728,0.2754472,1276.0,1275.0,1274.0,1274.04062641852,0.0,0.0,0.0,0.0,0.0,0.0,0.0,0.0,0.0034778287881552074,-0.005050390142069435,-0.0034468844236215115,-0.04357450284955752,0.22910042557522123,-9.76783033560245,14.370652208844879,24.906419584359618,101152.49591216411,0.9996846359489633,-0.012455522037366142,0.0014241164746867168,-0.02176094166210982,nan,nan,nan,0.0,0.0,-1.0,0.2780675636774942,-0.03500816613341067,0.47110627605568445,5418.8203125,5418.2763671875,5422.36474609375,5423.58154296875,"2,1,0.5,1,15",0
239,48796773,33.21777300000017,-0.00015177483234439835,0.00037477027310373447,-0.0005111891027717842,0.2754439,1275.0,1274.0,1276.0,1275.0,0.0,0.0,0.0,0.0,0.0,0.0,0.0,0.0,-0.005024163943983403,-0.0027809265995850617,0.004401529997399723,0.014301165504287689,0.29117670837344395,-9.794176381742739,14.427731105639786,24.906086326057814,101151.81481732531,0.9996864705780846,-0.012360688243313201,0.0013545821049180328,-0.02173484293874029,nan,nan,nan,0.0,0.0,-1.0,0.27844202897151155,-0.033268704467646175,0.47060982915047195,5419.580087919296,5411.555680491697,5421.202333438729,5421.075939826506,"2,1,0.5,1,15",0
240,48846773,33.267773000000176,0.00048700213898143855,1.1884139156032483e-05,0.0004932772627842227,0.27532917,1275.0,1276.0,1274.9587102760381,1274.0,0.0,0.0,0.0,0.0,0.0,0.0,0.0,0.0,-0.00602262682575406,-0.001197349175336427,-0.008197410823341068,0.060825842293967515,0.2544379767285383,-9.781329544779583,14.479698566574257,24.905755982435643,101151.19745049505,0.9996844718430034,-0.012577225444254835,0.001421144929920364,-0.021697367985210467,nan,nan,nan,0.0,0.0,-1.0,0.27493210400115,-0.0348870699420897,0.4722058450131428,5413.312719580121,5420.6607302245575,5420.557628344699,5416.381948193371,"2,1,0.5,1,15",0
241,48896773,33.31777300000017,-0.00021933889401908933,-7.31561603377533e-05,-0.00033152840859644735,0.27503709752314237,1274.0,1274.0,1275.0,1275.0,0.0,0.0,0.0,0.0,0.0,0.0,0.0,0.0,0.005971390006406407,0.005572583071321321,0.001584110385985986,-0.002619676981731732,0.22065699616116116,-9.76034789914915,14.511516763473574,24.905433535292072,101150.79788143255,0.9996863105605606,-0.012521266025025025,0.001481303755005005,-0.021642203117867867,nan,nan,nan,0.0,0.0,-1.0,0.275805007511764,-0.03252726347616514,0.47139837856131594,5418.111610498042,5409.649251342758,5415.984194238243,5416.3415355713,"2,1,0.5,1,15",0
242,48946773,33.36777300000017,0.0008841713316700382,-0.0005468802353382783,0.0003783337088604181,0.27490675,1273.8559226792538,1275.8559226792538,1274.1440773207462,1274.0,0.0,0.0,0.0,0.0,0.0,0.0,0.0,0.0,-0.011466712073544617,0.010688741806922903,0.004445863421443021,-0.05228751883164756,0.18115505806248597,-9.842194443919983,14.563286675843337,24.905098594004663,101150.18427661009,0.9996866831293706,-0.012561893481971153,0.0016901534902753496,-0.021583158945148603,nan,nan,nan,0.0,0.0,-1.0,0.27766997653835435,-0.034619164028900126,0.4703565287142232,5405.324868188427,5417.803516577204,5413.104121752935,5418.0259274413565,"2,1,0.5,1,15",0
243,48996773,33.417773000000174,0.00027663083650947555,0.00027221920963420006,-7.167846392243279e-05,0.27461407,1274.0,1274.0,1275.0,1274.0,0.0,0.0,0.0,0.0,0.0,0.0,0.0,0.0,-0.0007845329956435642,-0.01030520814750275,0.000532836485719692,0.036472592371177115,0.2508132697139714,-9.831263012541253,14.587877084955753,24.90476549557522,101149.89273274336,0.999684,-0.012807501434070896,0.001747984234341838,-0.021562524214269588,nan,nan,nan,0.0,0.0,-1.0,0.2779414995280407,-0.03433119292391618,0.4709214435091127,5400.771840600653,5416.602356420835,5413.214804541006,5409.07925559081,"2,1,0.5,1,15",0
244,49046773,33.46777300000018,-0.0003969382869771242,0.00026893318681372547,0.00019525851937908495,0.27463812,1275.0,1274.0,1274.0,1274.0,0.0,0.0,0.0,0.0,0.0,0.0,0.0,0.0,0.009352985943977592,-0.010923364324229691,-0.0004436512478641457,-0.030752521133053223,0.15643716158963586,-9.564420759803921,14.716521455139507,24.904435652652154,101148.36224532424,0.9996861645813282,-0.012599713101780558,0.0015316415311838307,-0.02159634981713186,nan,nan,nan,0.0,0.0,-1.0,0.27660484844064387,-0.03446712739185111,0.47209795561368206,5413.3291282552445,5406.507727887843,5408.140924386129,5409.273841099378,"2,1,0.5,1,15",0
245,49096773,33.517773000000176,-0.0008679590833992095,0.0005196203420948617,0.0003198791080632411,0.27501081256917,1276.0,1274.0,1274.0,1274.457902835788,0.0,0.0,0.0,0.0,0.0,0.0,0.0,0.0,0.0022920577052816127,-0.010266194779750165,0.0012392746303221565,0.03478318936598729,0.26654550926145076,-9.639758091825554,14.733205968033799,24.904096624546646,101148.15940948376,0.9996902721768555,-0.012269116280397022,0.0013587392646289196,-0.021611714480261675,nan,nan,nan,0.0,0.0,-1.0,0.2758680682318969,-0.03393602190256183,0.46985516673330374,5422.413101269538,5405.069377124049,5408.231725463929,5419.2221656738,"2,1,0.5,1,15",0
246,49146773,33.56777300000017,0.0010316255154015133,0.00029686468086331466,-0.0005276967494020014,0.27535562170612643,1274.0,1275.0,1276.0,1274.0749328777154,0.0,0.0,0.0,0.0,0.0,0.0,0.0,0.0,-0.013903147495972663,-0.0018805639952160116,0.005402452914168904,0.038428663375030515,0.1996317295777398,-9.725491594337319,14.8093157348843,24.90375918636477,101147.2473117691,0.9996870899610137,-0.012573048136452242,0.0011325297366228072,-0.02159925336208577,nan,nan,nan,0.0,0.0,-1.0,0.27610221848633776,-0.03447544180455082,0.4726262127236092,5414.105521856332,5416.970249628013,5426.313835612048,5410.407204613107,"2,1,0.5,1,15",0
247,49196773,33.61777300000018,0.000837034008970297,-0.0004868281824554456,0.00038371878299009904,0.2756798,1274.4472772277227,1276.5527227722773,1275.0,1275.0,0.0,0.0,0.0,0.0,0.0,0.0,0.0,0.0,-0.00212906904060411,-0.0007967030450359001,-0.002002929395191879,-0.011448760841792527,0.20130354382520427,-9.774753548898241,14.87956608051434,24.903424231901578,101146.40588441967,0.9996822601140307,-0.012882248771938522,0.001214256804164601,-0.021635008491571642,nan,nan,nan,0.0,0.0,-1.0,0.2772984398508044,-0.03614885002023872,0.4711274223975091,5415.725394775418,5431.849372656182,5422.842329443352,5415.614708520559,"2,1,0.5,1,15",0
248,49246773,33.66777300000018,-0.0008440949750453015,9.410158958011907e-05,0.0005132488004400725,0.2757999,1276.0,1275.0,1274.0,1275.0,0.0,0.0,0.0,0.0,0.0,0.0,0.0,0.0,0.017634360666666668,-0.0025210917565891473,-0.001280624803875969,0.035146293100775196,0.2302484911627907,-9.762799426356588,14.91820448251087,24.903088877342118,101145.93404835345,0.9996850796968905,-0.012650696847661354,0.0012264133913509276,-0.021640823617454924,nan,nan,nan,0.0,0.0,-1.0,0.2781609563701462,-0.03371479949081454,0.4710512813938025,5427.6388903077,5422.753226342775,5412.541693334891,5422.231255468712,"2,1,0.5,1,15",0
249,49296773,33.71777300000018,0.00042391921965963936,0.0007586810242824485,-0.0005773887620650241,0.27596200131064264,1275.0,1275.0,1277.0,1275.0,0.0,0.0,0.0,0.0,0.0,0.0,0.0,0.0,-0.002116046158699518,-0.008830462532893065,0.002837412837993396,-0.03443539194081788,0.23601346013462027,-9.812433390652782,14.948836874597575,24.902757265899407,101145.55730726967,0.9996869794259589,-0.012456301016256032,0.0010002957462026923,-0.021676068762255526,nan,nan,nan,0.0,0.0,-1.0,0.27904862177161155,-0.03375966413686232,0.4719309811632871,5429.729431372049,5420.263734668025,5426.180085986335,5418.4513282714925,"2,1,0.5,1,15",0
250,49346773,33.767773000000176,0.00024773854285427136,-0.0006750819211859296,-0.0001314759202110553,0.2761939,1275.0,1276.0,1275.8394875659383,1276.0,0.0,0.0,0.0,0.0,0.0,0.0,0.0,0.0,-0.003637867790201005,0.004731037798743718,-0.0020575690238693466,0.05904457947487437,0.20822788952261306,-9.800584067839196,15.03844992453197,24.902422090787148,101144.51072688037,0.9996858722711268,-0.01246685297887324,0.0011086014117957746,-0.02171475495422535,nan,nan,nan,0.0,0.0,-1.0,0.2765003160906394,-0.03598105118308466,0.4709497832652535,5429.98779296875,5428.13427734375,5422.04833984375,5421.89013671875,"2,1,0.5,1,15",0
251,49396773,33.81777300000018,-7.733034322438754e-05,0.00019393404373756497,7.345556531440237e-05,0.27625542937268005,1276.0,1276.0,1275.6800296956199,1276.0,0.0,0.0,0.0,0.0,0.0,0.0,0.0,0.0,-0.002331301534937523,-0.0032440335502041326,-0.001197324109414821,-0.0290758068217246,0.22461127784733392,-9.747958975875294,15.095695572627998,24.90210632851772,101143.82132894738,0.9996840226631983,-0.012486011582373344,0.001235552221107395,-0.021782545618233617,nan,nan,nan,0.0,0.0,-1.0,0.27743240334645175,-0.034530090608247854,0.47195447699392923,5429.616704833996,5434.507932678191,5422.265367919994,5428.799634796106,"2,1,0.5,1,15",0
252,49446773,33.867773000000184,0.00027063333146964855,0.0006563013631888978,-0.00010417279651357827,0.2763001,1276.0,1275.0,1277.0,1275.0,0.0,0.0,0.0,0.0,0.0,0.0,0.0,0.0,-0.0055427012066773295,-0.011870176787085166,0.006863264174930028,0.09562560286785286,0.3069133250839664,-9.836065966813276,15.083848458442496,24.90178139782435,101143.97110661806,0.999685189012149,-0.012511246165903206,0.0010206419895040827,-0.02172429946265684,nan,nan,nan,0.0,0.0,-1.0,0.2773988264156437,-0.034519887793682376,0.47064694847396765,5428.299658789018,5423.723124877891,5435.8925344238805,5424.554024536161,"2,1,0.5,1,15",0
253,49496773,33.91777300000018,-0.00017596650869077305,0.00011469580791770573,7.675113750997508e-05,0.27611583,1276.0,1275.6008476689105,1275.3991523310895,1276.0,0.0,0.0,0.0,0.0,0.0,0.0,0.0,0.0,0.01013728479930192,0.004601735642931938,-0.001674635017801047,0.0006505654694589913,0.22311363668411868,-9.922901003490402,15.138193533367822,24.901451625107775,101143.29964706558,0.9996869062347371,-0.012456562877398455,0.0009881913101918763,-0.02167845327959133,nan,nan,nan,0.0,0.0,-1.0,0.2781448528838983,-0.03404288174516949,0.4724615903610169,5427.37219201659,5424.662158935587,5429.569410318937,5428.6455034383325,"2,1,0.5,1,15",0
254,49546773,33.96777300000018,-0.0001052177285267857,-0.0006587254716889881,0.0002514136359747024,0.27581435,1275.0,1276.0,1274.973837569746,1276.0,0.0,0.0,0.0,0.0,0.0,0.0,0.0,0.0,0.0032727956380037195,0.005414728525356479,0.0009442073497954121,0.002495867685120893,0.20620802191940485,-9.69715946100434,15.216877092059983,24.901115233279246,101142.35739546742,0.9996882563176807,-0.012268084825424358,0.0012061076668814273,-0.02171699744133317,nan,nan,nan,0.0,0.0,-1.0,0.278709819583028,-0.03440176697728272,0.4711527143265426,5422.083958520476,5428.412711523437,5416.64335146483,5430.70115083008,"2,1,0.5,1,15",0
255,49596773,34.01777300000018,0.000693726825575411,0.0006885735134143436,0.0006008899788610912,0.27564,1275.5421227986674,1276.0,1276.0,1273.4578772013326,0.0,0.0,0.0,0.0,0.0,0.0,0.0,0.0,-0.00444573532374582,-0.01176791685451505,-0.004442338355518395,0.036771447219063544,0.232793576270903,-9.86491697658863,15.250325759021983,24.900775691662975,101141.9516277143,0.9996877924814127,-0.012310236969563198,0.001146769401510223,-0.021716029690055764,nan,nan,nan,0.0,0.0,-1.0,0.2785513112588914,-0.03422531980773602,0.473221545758239,5419.8677217774375,5421.481657592785,5425.918793334937,5419.141285082905,"2,1,0.5,1,15",0
256,49646773,34.06777300000019,-0.0005167032326511853,0.00013035130933720368,-0.0005488170281277213,0.2756745607595549,1275.0,1274.0,1275.8420798065297,1276.0,0.0,0.0,0.0,0.0,0.0,0.0,0.0,0.0,0.011685204090205563,0.00488265391961306,0.006453576007037485,0.05888534058307134,0.17962653399274486,-9.96947847859734,15.276834007356072,24.900437939602774,101141.63667660381,0.9996902499154181,-0.012231732591710972,0.0010242344363218946,-0.02165103923078782,nan,nan,nan,0.0,0.0,-1.0,0.27803215871764236,-0.03469344014934289,0.47205786612504974,5420.182099097838,5410.331863537015,5426.049488443971,5425.630383603035,"2,1,0.5,1,15",0
257,49696773,34.117773000000184,-0.00042481473002063745,-0.0004566935372506306,-0.0005574936968355882,0.27536055,1274.0,1274.0,1275.0,1276.0,0.0,0.0,0.0,0.0,0.0,0.0,0.0,0.0,0.005591556097477064,0.009918252961009174,0.004894426991972477,0.004808926600917432,0.1654180569495413,-9.940416474770643,15.301766565474763,24.90010409087273,101141.34375409967,0.9996926758541619,-0.012105129986241686,0.0011332753283879843,-0.021605483570740654,nan,nan,nan,0.0,0.0,-1.0,0.27825415781411583,-0.03463488577042399,0.47103377210444675,5415.170785034122,5412.374436572273,5417.67958068849,5423.985913500968,"2,1,0.5,1,15",0
258,49746773,34.16777300000018,0.0007143690832103591,-0.00038526920034204735,-0.00033530166837527487,0.24788841418519422,1246.5005500550055,1248.0,1248.0,1247.4994499449945,0.0,0.0,0.0,0.0,0.0,0.0,0.0,0.0,-0.008851231273126677,0.010006485477910667,0.002873145595069563,0.007880666352941178,0.1909108155479619,-9.443925841835489,15.379719959744888,24.899776852424168,101140.39578429559,0.999690675618103,-0.012242106860012399,0.0012937761956726597,-0.021612529150650962,nan,nan,nan,0.0,0.0,-0.8882114575839029,0.27668006449909244,-0.033546936028005875,0.47124317374708274,5146.72998046875,5160.8095703125,5155.30126953125,5151.689453125,"2,1,0.5,1,15",0
259,49796773,34.217773000000186,-0.0005198132326628749,0.0005500141916623578,-0.0006908677337125129,0.2509035,1250.5060676478183,1249.0,1251.0,1251.0,0.0,0.0,0.0,0.0,0.0,0.0,0.0,0.0,0.012366053566649377,-0.007739629666001037,0.004411475383584025,-0.0019910776836099594,0.2064046679719917,-8.719427042531121,15.458627928498975,24.89946572094314,101139.45070302961,0.9996926427177177,-0.01218695040915916,0.0012780925013513513,-0.02155285825975976,nan,nan,nan,0.0,0.0,-0.7601933535587577,0.27654914822889715,-0.033850832327778996,0.4725285354983556,5138.109698169128,5127.707815429708,5141.201087500088,5138.69068547377,"2,1,0.5,1,15",0
260,49846773,34.26777300000019,-0.00015330188808156104,8.379168664327999e-05,-0.00013062342956478843,0.23919596,1239.0,1238.0,1239.0,1239.0,0.0,0.0,0.0,0.0,0.0,0.0,0.0,0.0,-0.0019208377608787546,0.006651925792589344,-0.0022183026071037047,-0.014663820434115325,0.216165297985091,-8.903321142951107,15.46080961169686,24.899163769616123,101139.42877497525,0.9996955524775466,-0.011952141863964951,0.0012036306494414022,-0.021555569125082146,nan,nan,nan,0.0,0.0,-0.6901091153833633,0.2775879671593514,-0.034232548040640236,0.47185840763161185,5104.3766835931865,5090.954668944901,5094.30577070262,5101.454700976067,"2,1,0.5,1,15",0
261,49896773,34.31777300000019,0.0005905236130296128,-0.0007997871256127562,-0.0006828004668701594,0.24390827,1242.0,1244.0,1244.0,1244.0,0.0,0.0,0.0,0.0,0.0,0.0,0.0,0.0,-0.011319081512317518,0.009854250634580293,0.00548894446259124,-0.007778746525091241,0.24765767226277371,-8.594973015282847,15.506786864066079,24.898868317002997,101138.87447495645,0.9996924796111356,-0.012172127611577552,0.0014165789990278391,-0.021562038093680954,nan,nan,nan,0.0,0.0,-0.6200248772079688,0.27708860405637437,-0.03468775967048782,0.47257301542156716,5043.985162768653,5063.969537353668,5052.509201831262,5054.502481689641,"2,1,0.5,1,15",0
262,49946773,34.367773000000184,1.834043596921831e-05,0.00045084417119481575,-0.00023382585948967193,0.25085175,1250.134008097166,1250.0,1251.0,1250.0,0.0,0.0,0.0,0.0,0.0,0.0,0.0,0.0,-0.00088948536732132,-0.0012139939824559627,0.0018896141224134441,0.05419245022899372,0.288217666596477,-8.689265260376594,15.579116,24.898597866171006,101138.0098566118,0.999689482521281,-0.0124116363867045,0.0015076646185245238,-0.021555147311511955,nan,nan,nan,0.0,0.0,-0.566613210145631,0.2774186923672634,-0.03347593295570365,0.47112475853129493,5110.060404906834,5113.428713427236,5118.220341747537,5108.781236107929,"2,1,0.5,1,15",0
263,49996773,34.41777300000019,-0.0011197345106430652,0.00010615659619090297,0.00035453158734035403,0.24530423,1246.0,1244.0,1244.0,1245.0,0.0,0.0,0.0,0.0,0.0,0.0,0.0,0.0,0.010549562259076647,0.003967048918422232,-0.0004106238245629763,0.014837452965710443,0.1832503871335724,-8.640565043702376,15.596709908598575,24.898350769596203,101137.79025938243,0.9996892286812948,-0.012288030344340646,0.0014397165853573756,-0.021644521882467956,nan,nan,nan,0.0,0.0,-0.5158049577184466,0.2767741320769608,-0.036056734359999995,0.472402217152451,5081.035341870253,5066.161634423961,5063.830893359527,5068.744348242398,"2,1,0.5,1,15",0
264,50046773,34.46777300000019,-0.00014977008795774647,7.93391247887324e-05,-0.0007046667591549296,0.2505271,1249.0,1249.0,1251.0,1251.0,0.0,0.0,0.0,0.0,0.0,0.0,0.0,0.0,-0.002558811425083154,0.004055005264253571,0.004552638874212482,0.007782583774603795,0.24275618166699275,-8.927376366073174,15.649732841794442,24.898115673077964,101137.16017716855,0.9996885905930676,-0.012309136684431978,0.0014955271195351632,-0.021655228195551997,nan,nan,nan,0.0,0.0,-0.458277777857093,0.2770541099450765,-0.033877257565319736,0.4713023899568458,5123.298043872244,5118.000964184813,5126.427400415239,5123.725251172058,"2,1,0.5,1,15",0
265,50096773,34.51777300000019,0.0003730009287131051,-0.0010311923964580873,-0.0003571266180448642,0.24219191473435656,1240.0146849834202,1242.50734249171,1241.50734249171,1242.50734249171,0.0,0.0,0.0,0.0,0.0,0.0,0.0,0.0,-0.008970141185447674,0.01213428665792582,-0.004179319033947555,0.03483325757476966,0.22799791653673518,-8.952359456413891,15.69659041508147,24.897890301629403,101136.60443577112,0.9996846230056111,-0.012603383312027323,0.001734017941815077,-0.02165421005635521,nan,nan,nan,0.0,0.0,-0.4003905619111767,0.2756806997839077,-0.03436220091331751,0.47166682056233117,5059.285419726437,5078.105512597486,5068.1202957761025,5068.82259472639,"2,1,0.5,1,15",0
266,50146773,34.56777300000019,-0.0006986907171133212,0.00029203227058099973,-0.00022083196029704265,0.24710486277937713,1247.4095138251867,1245.4095138251867,1246.4095138251867,1247.4095138251867,0.0,0.0,0.0,0.0,0.0,0.0,0.0,0.0,0.004588639902237927,-0.005542081902591284,0.0029911369647232042,0.017051581968197883,0.2161425668786808,-8.79603291401649,15.69602335804475,24.89768491611691,101136.59804886165,0.9996843032163896,-0.012644263532137713,0.001750091539599424,-0.02164211234677314,nan,nan,nan,0.0,0.0,-0.35486665329637346,0.27612130941182245,-0.03421104077224077,0.4714658946789081,5087.705048805083,5076.228042364431,5080.235076730032,5087.880537109521,"2,1,0.5,1,15",0
267,50196773,34.61777300000019,0.0008955194062562813,-6.42049998241206e-05,0.0006434976188944724,0.24257417,1242.0,1243.0,1242.0,1241.0,0.0,0.0,0.0,0.0,0.0,0.0,0.0,0.0,-0.00997597794469866,-0.0014649459478794642,-0.0063325159671875,0.01576227748046875,0.17919537374441966,-9.012475664620535,15.737629560783628,24.897499865838725,101136.09364351933,0.9996813566239554,-0.012734754153760445,0.0017483172959888579,-0.021726659144846797,nan,nan,nan,0.0,0.0,-0.31116697,0.2759357745723569,-0.033791077674431395,0.46987280433741563,5081.164962475306,5084.142319848386,5074.918384985108,5072.350373290686,"2,1,0.5,1,15",0
268,50246773,34.667773000000196,0.00020879383577057358,2.2867374777805486e-05,0.0002795098935735661,0.24756548,1247.0,1247.0,1247.0,1247.0,0.0,0.0,0.0,0.0,0.0,0.0,0.0,0.0,-0.007439664007107233,-0.0009727624550723192,0.0006749306785112218,0.026884999971072323,0.2216800045062344,-8.840422165336658,15.763020270150104,24.897323727569827,101135.79042827284,0.999676990666334,-0.012959857945096081,0.0016910968963563763,-0.02179837997005241,nan,nan,nan,0.0,0.0,-0.31116697,0.2777043901137583,-0.03448191746014166,0.4721458364528869,5083.029825415273,5090.455213720881,5088.035925634985,5078.933426123343,"2,1,0.5,1,15",0
269,50296773,34.71777300000019,-0.0009456003352180304,-0.000427070692822146,0.0005343103835374816,0.25255574767270944,1253.0544918998528,1252.0,1250.5272459499263,1252.5272459499263,0.0,0.0,0.0,0.0,0.0,0.0,0.0,0.0,0.009586629302234227,-0.002618115604957034,-0.0003629783733366072,-0.016845946474834277,0.28607844832555857,-9.030126423275227,15.814239286966174,24.897166298358357,101135.18896301922,0.9996771341211226,-0.012875799458887248,0.001640277658197932,-0.021843789419990153,nan,nan,nan,0.0,0.0,-0.31116697,0.27682485768515647,-0.03495221258165479,0.47034531211651687,5148.3475018313175,5140.294830298032,5136.003313550022,5144.8625869387515,"1,1,5",0
270,50346773,34.76777300000019,0.00011688038893381651,0.0003535492403166126,-0.00020856584261300782,0.24977969,1249.0,1249.0,1250.0,1249.0,0.0,0.0,0.0,0.0,0.0,0.0,0.0,0.0,-0.0085093797661198,-0.006255929125143075,0.005087071778710416,-0.0008785942929225485,0.21168819983212514,-9.15954712666921,15.896308169705737,24.897017390783812,101134.20861738171,0.9996781919918246,-0.012858925822649572,0.0015646298760497955,-0.021812719911371237,nan,nan,nan,0.0,0.0,-0.28321449859493303,0.27772494726077074,-0.034536679114259464,0.47010492106087715,5125.287262573299,5120.932858667136,5126.986269238361,5126.4537577880965,"1,1,5",0
271,50396773,34.817773000000194,0.0006921041167174024,-0.0008003701345256216,3.673748263647894e-05,0.2533773926966007,1251.6575272911907,1253.6575272911907,1252.6575272911907,1252.6575272911907,0.0,0.0,0.0,0.0,0.0,0.0,0.0,0.0,-0.0075970171315936155,0.0018312645805624527,-0.0013442666489232324,0.0464284105771472,0.18214698355713202,-8.980782388649608,15.921455681982565,24.896883202196506,101133.90407590696,0.9996743046766421,-0.01314236349835151,0.001577249259548567,-0.02181946288612731,nan,nan,nan,0.0,0.0,-0.25361762488663286,0.2778877465718722,-0.033139348450192035,0.47109776411620496,5144.799140380979,5162.219366601711,5157.337243554822,5151.2010005861075,"1,1,5",0
272,50446773,34.8677730000002,-0.0008915277758620691,0.0006126212426645768,-0.00018443707728526643,0.25002193,1250.0,1248.064158224795,1249.935841775205,1250.0,0.0,0.0,0.0,0.0,0.0,0.0,0.0,0.0,0.014317615400482509,-0.011448521183353436,-0.0008686900144752718,0.07438165831121833,0.24497275793727383,-9.269488032569361,15.83893445071438,24.8967584629338,101134.88534941085,0.9996745311250603,-0.0130864398952197,0.001451273129744085,-0.02185066505552873,nan,nan,nan,0.0,0.0,-0.224072930656424,0.2758503060372459,-0.034609463373392296,0.4719813700758713,5151.780983793699,5146.634419293949,5146.421445521702,5149.122077171661,"1,1,5",0
273,50496773,34.917773000000196,0.0004032237629475869,0.0005388112570316554,-0.00015362681419304618,0.252855747026466,1252.4314997405293,1252.4314997405293,1253.4314997405293,1252.0,0.0,0.0,0.0,0.0,0.0,0.0,0.0,0.0,-0.003823570895613807,-0.0035052526701271733,0.0013280271403322084,0.023281925299766415,0.2994363423046977,-9.160698658188425,15.894903444316876,24.89663920103524,101134.22840082507,0.9996787359110996,-0.012892504824538601,0.0012463317852612426,-0.02179024317832077,nan,nan,nan,0.0,0.0,-0.19483082426668283,0.2779276831817691,-0.03616690819181337,0.4710266432714116,5156.189924438564,5147.8415400148115,5160.457802807769,5153.826248437523,"1,1,5",0
274,50546773,34.96777300000019,-0.00019341659115484943,-0.00031909791101968223,0.0009189864292245672,0.25274488,1253.0,1253.0,1251.0,1252.0,0.0,0.0,0.0,0.0,0.0,0.0,0.0,0.0,0.008964686915779512,0.010682088175538207,-0.009137531610011828,0.002283184286444287,0.2110974349704282,-9.273697339720842,15.877591462124556,24.896532798138374,101134.4379514442,0.9996772095770468,-0.012915864079149146,0.0012082271840712343,-0.02184865893445461,nan,nan,nan,0.0,0.0,-0.17958174085482922,0.2772626169685645,-0.03557790432556606,0.4705026397779732,5172.11672028456,5171.482834054101,5162.880355468583,5161.960255371036,"1,1,5",0
275,50596773,35.0177730000002,0.00029298258592646,-0.0004704999733237203,0.0002495701440158616,0.2554250909300649,1254.5658337337818,1255.5658337337818,1254.5658337337818,1254.5658337337818,0.0,0.0,0.0,0.0,0.0,0.0,0.0,0.0,0.0068224090168949765,0.007943774430761837,-0.001205126090843547,0.05260682865104542,0.22643256705839943,-9.267382957942802,15.90430566931058,24.89643855783962,101134.12985901289,0.9996772506293706,-0.012892516157342658,0.0014067802668531468,-0.021844314681118884,nan,nan,nan,0.0,0.0,-0.16433265744297562,0.2766680443891685,-0.03458673992542535,0.4720660755878265,5168.46533203125,5181.43212890625,5174.3359375,5179.546875,"1,1,5",0
276,50646773,35.0677730000002,-0.0005629251140204678,0.00020201826319444445,-0.00021107362385550682,0.25834846,1258.0,1257.0,1258.0,1258.0,0.0,0.0,0.0,0.0,0.0,0.0,0.0,0.0,0.011225493249695493,-0.009577074489890378,0.00022608490989037744,-0.01859031979707674,0.2421114634031669,-9.39948051912302,15.932050105335003,24.896350359003527,101133.77884626323,0.9996787069082949,-0.012788441149112137,0.0014145256028946728,-0.02184312595864753,nan,nan,nan,0.0,0.0,-0.149254963759671,0.27708612447504305,-0.03469969460826162,0.47166893919449226,5214.331434887649,5209.941036303619,5210.804807104339,5209.481423071218,"1,1,5",0
277,50696773,35.1177730000002,-0.00010315318367744202,0.00019002259866479268,0.0006687478859451863,0.25699428185523543,1257.0,1257.0,1255.6176194939083,1255.6176194939083,0.0,0.0,0.0,0.0,0.0,0.0,0.0,0.0,0.003268165216299766,-0.0036825530725526933,0.0006128917980562061,0.02982418085316159,0.1729955836533958,-9.365676779391102,15.951842008865386,24.896265834085078,101133.5395852127,0.9996798086075357,-0.012572740514860754,0.0012860274200795694,-0.021921454955300727,nan,nan,nan,0.0,0.0,-0.13420126307530142,0.2778306577127105,-0.03491873406054736,0.47260499049421345,5212.992648803735,5206.680806738375,5195.6639125000465,5201.457801220768,"1,1,5",0
278,50746773,35.167773000000196,0.00021622979442379183,0.0001886866683218269,0.00010090110647477428,0.25911447,1258.8244822092406,1259.0,1259.0,1258.0,0.0,0.0,0.0,0.0,0.0,0.0,0.0,0.0,-0.004965054674860335,-0.006272412125698324,0.0020732932575418996,0.04475837091061453,0.2374378866480447,-9.434914273743017,15.969813143190208,24.896187830386634,101133.327213911,0.9996789,-0.012600629497557213,0.0012143729897402932,-0.021954134890203137,nan,nan,nan,0.0,0.0,-0.12054012129100286,0.2786720071561892,-0.035464763114970835,0.4714622244588464,5226.79750966802,5227.161363012793,5225.596529760878,5220.928634594818,"1,1,5",0
279,50796773,35.2177730000002,0.00035757989686162627,-0.00011420938114360438,-0.00020508426786019972,0.2573857,1256.0,1257.0,1257.0,1257.0,0.0,0.0,0.0,0.0,0.0,0.0,0.0,0.0,0.005927300745363766,0.002300765583452211,0.004024387571897289,0.020567447550641937,0.20266328810271042,-9.491582815977175,16.03202423656321,24.89611664808857,101132.57242429977,0.9996790562901309,-0.012676305695838289,0.0011140746871343638,-0.021908006282282996,nan,nan,nan,0.0,0.0,-0.1069502073706409,0.2765352693866441,-0.034590990350955725,0.47076162986853776,5212.191069384741,5214.848718456993,5221.678720776286,5215.791079052786,"1,1,5",0
280,50846773,35.267773000000204,-0.0006562270955495847,0.000686409074000977,-0.0003530155244357596,0.2589832348143625,1259.0,1257.1387057387058,1259.0,1259.0,0.0,0.0,0.0,0.0,0.0,0.0,0.0,0.0,0.00890759489934066,0.00023144053374847388,0.0014365485817509156,0.07641451688156288,0.22503698077655676,-9.403282231501832,16.01077245929722,24.89605049809663,101132.83207515861,0.9996820337594535,-0.01244150879629178,0.001047627280019517,-0.021910163436203955,nan,nan,nan,0.0,0.0,-0.09761563292679866,0.27926747923599105,-0.035144622946030275,0.47159088138887717,5228.5256912109835,5216.707721142719,5226.9458889893585,5228.56134582525,"1,1,5",0
281,50896773,35.3177730000002,0.00010766457036019076,-0.00043563976240963855,-0.0002590008938980924,0.2585757430898594,1257.0,1258.5883241066936,1258.0,1258.5883241066936,0.0,0.0,0.0,0.0,0.0,0.0,0.0,0.0,-0.002374565577359437,0.005849929924071285,0.0033152421226907633,0.027149791978288148,0.2435207118875502,-9.570324855672691,15.973874868470347,24.8959892314625,101133.28658902948,0.9996826537802419,-0.01241549088407258,0.0011384594334677418,-0.02189105296622984,nan,nan,nan,0.0,0.0,-0.08894575539968415,0.2754002820951963,-0.032700600636016666,0.4715037487168239,5224.516029785045,5225.233123193338,5232.581538012715,5232.003252270534,"1,1,5",0
282,50946773,35.3677730000002,-0.00042627526458806114,-0.0006594062304982733,0.000647488044597928,0.2597737363295511,1260.0,1260.0,1258.0,1259.1746423285645,0.0,0.0,0.0,0.0,0.0,0.0,0.0,0.0,0.0054786241384463625,0.00620538637622688,-0.0035818810587718865,-0.004661120513442663,0.24361629485080147,-9.612868004438964,15.990843212361979,24.89593131939008,101133.07563404801,0.9996810126663381,-0.01245771449383933,0.0012518997938886151,-0.021933702817151308,nan,nan,nan,0.0,0.0,-0.08100618915008553,0.27694095882246117,-0.033909430257013144,0.47165961792258065,5237.74441911617,5242.238568945367,5228.704097827226,5237.327328393659,"1,1,5",0
283,50996773,35.4177730000002,0.000742615945838015,0.0006010248962804306,4.541909592930711e-05,0.25927557676498125,1259.0,1259.0,1259.6412356658086,1257.6412356658086,0.0,0.0,0.0,0.0,0.0,0.0,0.0,0.0,-0.004365652098993681,-0.011338600722911303,0.0026543049587128484,0.06714566593166393,0.17614147719634918,-9.584897733910601,16.016231024154123,24.89587728236268,101132.76142730667,0.9996795214613047,-0.012545854834112696,0.0012242175184942717,-0.0219560808795885,nan,nan,nan,0.0,0.0,-0.07310292994417936,0.27791471627203607,-0.033353552796140024,0.4707292541770407,5233.798695165965,5241.13487263171,5239.318477734443,5229.523170141562,"1,1,5",0
284,51046773,35.46777300000021,-7.867398891053568e-05,0.0005303973093930675,-0.00026037839072749687,0.26052847080421976,1260.0,1259.0,1261.0,1260.0,0.0,0.0,0.0,0.0,0.0,0.0,0.0,0.0,0.01091444783241909,-0.005071860121585298,0.005075847342183215,0.025827306628908392,0.21437483555951728,-9.564820686231487,16.034771450489966,24.89582842161456,101132.54525860943,0.9996814167577538,-0.012458929767044678,0.0010229090492416997,-0.02192735176198934,nan,nan,nan,0.0,0.0,-0.06556924427883326,0.27854478434634283,-0.03506437290082443,0.4708250103257117,5245.7430282715995,5238.976888159199,5253.025307055623,5241.818807031368,"1,1,5",0
285,51096773,35.517773000000204,-0.0010365474285296361,-0.0005660884100228949,0.00039142580532994145,0.2607718293818367,1261.0928516916815,1260.0928516916815,1258.5464258458408,1261.0,0.0,0.0,0.0,0.0,0.0,0.0,0.0,0.0,0.0168251162186626,0.004272509409458429,0.00409111578227816,0.09646100751690821,0.2754231166590389,-9.591547891177218,16.066133335466898,24.895782882824157,101132.16924935208,0.9996855021628499,-0.012028984379898218,0.001082932974427481,-0.021977504651399492,nan,nan,nan,0.0,0.0,-0.058053630650304514,0.2774241093823332,-0.03330379031490949,0.471115519349648,5256.717117675614,5245.757246093667,5244.467096191362,5253.81190478516,"1,1,5",0
286,51146773,35.5677730000002,0.0005280896760697793,-0.00039292559312467933,-0.0006663982567111339,0.26103186758850694,1259.0,1261.0,1261.0,1261.0,0.0,0.0,0.0,0.0,0.0,0.0,0.0,0.0,-0.007607852285039774,0.009743801344367463,0.008231793616730819,0.05314776726943803,0.2102286981344624,-9.478883420323324,16.067680551034353,24.895739400797115,101132.15319574872,0.999685799948652,-0.012084393115789474,0.0012375852341720154,-0.02192681790937099,nan,nan,nan,0.0,0.0,-0.05415629501876494,0.27844600578220996,-0.03407294574063338,0.4735729317102189,5244.339606201152,5254.5781407471195,5253.078752270582,5255.77783034674,"1,1,5",0
287,51196773,35.617773000000206,2.8567839960305723e-05,4.107060135848124e-06,0.000664787615372288,0.2622148051750493,1262.545611439842,1262.545611439842,1261.0,1261.0,0.0,0.0,0.0,0.0,0.0,0.0,0.0,0.0,-0.002347726448558048,0.0010261255134335718,-0.006019309951343358,0.09718263833990633,0.2689387857308356,-9.687483059649988,16.059448865168537,24.89570031126317,101132.24880797791,0.9996830537472283,-0.012194425581916728,0.0012995336873367824,-0.021987349286031042,nan,nan,nan,0.0,0.0,-0.050824532361524066,0.2772207375731804,-0.0338812387492583,0.47003253723991295,5265.320957421926,5267.939943310574,5261.188895922837,5262.147080444312,"1,1,5",0
288,51246773,35.66777300000021,-0.0002880914404738761,-0.00015569628381530983,-9.304959890400972e-05,0.2630333,1263.0,1262.1503521982027,1262.0,1263.0,0.0,0.0,0.0,0.0,0.0,0.0,0.0,0.0,0.0015029016950121657,9.806608664233575e-05,-0.0005489396809610705,0.030979164714111922,0.17939157283454987,-9.774666226277372,16.06963494228678,24.89566383890011,101132.11443265497,0.9996836841921398,-0.012116052815138284,0.0012536988334788937,-0.02200780369723435,nan,nan,nan,0.0,0.0,-0.046254935207509305,0.27772379263589564,-0.034465131870342905,0.47026616444463837,5278.589245092804,5270.765832641646,5268.894463183627,5273.817934716906,"1,1,5",0
289,51296773,35.71777300000021,0.00026560679048179145,9.018579070821081e-05,0.00013459363324361005,0.2635848952680389,1263.0,1263.0,1263.0,1263.0,0.0,0.0,0.0,0.0,0.0,0.0,0.0,0.0,-0.010809367763175752,-0.000294365789667496,-0.0001466637297896404,0.03318652144107668,0.15711332835331374,-9.813651959963808,16.057375,24.89562931651032,101132.266,0.9996825928196147,-0.012171809183012259,0.0012869383760070053,-0.02202396832837128,nan,nan,nan,0.0,0.0,-0.0416077547092301,0.2756229515489771,-0.033580573813849345,0.4717408109644574,5279.190311157208,5278.417336120595,5279.42703082282,5277.653085754354,"1,1,5",0
290,51346773,35.767773000000204,-0.0001031035294696022,-0.0003238627193269952,0.0003133508664898674,0.2629756382737053,1262.9617117117118,1262.9617117117118,1262.0,1262.0382882882882,0.0,0.0,0.0,0.0,0.0,0.0,0.0,0.0,-0.004604061286624968,-0.0025092946821866397,-0.007318637750112584,0.029238205635476605,0.2069917959494621,-9.826041078058543,16.05843724507207,24.895596712972342,101132.25581830932,0.9996809288822205,-0.012280108552888221,0.0013388299328332084,-0.02203753492548137,nan,nan,nan,0.0,0.0,-0.041364986,0.2763302751296858,-0.034012688286511716,0.4707017943939175,5273.7747672363685,5277.560887451153,5276.083572558601,5274.215992895542,"1,1,5",0
291,51396773,35.81777300000021,4.455794779398044e-05,0.000497808670910459,-0.0002186451273062453,0.2635699,1263.0,1262.379984951091,1264.0,1263.0,0.0,0.0,0.0,0.0,0.0,0.0,0.0,0.0,-0.0025385811806322126,-0.0034527688930255894,0.0012744611870446564,0.00045410756999498224,0.20976908887104867,-9.67217134771701,16.061918225229917,24.89556547648794,101132.22950604431,0.9996820657623712,-0.012246966443858327,0.0013488412166289877,-0.02199904625219794,nan,nan,nan,0.0,0.0,-0.04125694698836189,0.2772694711697442,-0.033687533707013384,0.47151928607995935,5279.357973315457,5276.934753759812,5279.912664599686,5281.39943510743,"1,1,5",0
292,51446773,35.86777300000021,2.41833221810089e-05,-0.0006634764126409496,4.5626179268950636e-05,0.2623798,1261.0,1262.0,1261.010077337708,1262.010077337708,0.0,0.0,0.0,0.0,0.0,0.0,0.0,0.0,-0.00368026247293578,0.006235707091284404,-0.007253085592201835,0.06310486633027523,0.21845107036697248,-9.762004777522936,16.033221342580497,24.895533884231153,101132.56564205025,0.9996825726545967,-0.01228236696308488,0.0012601156405125792,-0.021963762529038325,nan,nan,nan,0.0,0.0,-0.035248103182015406,0.27704884339552055,-0.03531355122911159,0.4708794987728837,5269.071026977461,5273.170955712909,5272.944065405146,5275.5553920166185,"1,1,5",0
293,51496773,35.91777300000021,-0.0001452981812760911,8.151915516366225e-05,0.0002120249509203036,0.26260585717267554,1262.507370423205,1262.0,1262.0,1262.0,0.0,0.0,0.0,0.0,0.0,0.0,0.0,0.0,-0.0017082623273624287,-0.0025315730800759013,-0.0011534712139658443,0.08698629028462998,0.18201785760910816,-9.74052703605313,16.029960416882066,24.89550518803287,101132.61951344469,0.9996808331768158,-0.01232814331670335,0.0012364521727561751,-0.022018615884568354,nan,nan,nan,0.0,0.0,-0.029239259375668927,0.2763714575984473,-0.03429846273224067,0.4710684679629071,5272.8234713623915,5273.135419580078,5271.023473071286,5269.119981225579,"1,1,5",0
294,51546773,35.96777300000021,5.244594262011484e-05,0.00043340435598258935,-0.0002317811180274125,0.2620355473976662,1262.0,1261.0,1262.0,1261.0618747684327,0.0,0.0,0.0,0.0,0.0,0.0,0.0,0.0,-0.00048232497386553066,0.0028537169707353216,0.001922289799962956,0.0006849370954436008,0.15830908984441563,-9.813470598073717,16.080930672659232,24.89548011183982,101131.9868218047,0.9996808073442137,-0.012324705315281898,0.001172877381602374,-0.022026136013353115,nan,nan,nan,0.0,0.0,-0.024353680322624124,0.27668445837038685,-0.03442778279048466,0.47196429072521123,5272.5259326904,5262.671914623966,5271.777242724592,5265.417646362292,"1,1,5",0
295,51596773,36.01777300000021,0.0003208274665587815,-0.0006507917427701095,0.0003622935958210376,0.26263181143265113,1262.0,1263.0,1262.0,1262.0,0.0,0.0,0.0,0.0,0.0,0.0,0.0,0.0,-0.006863129585365391,0.012235193583432516,-0.0035495142775767673,-0.030926211297310165,0.2483517514925018,-9.662434004046656,16.08620273394337,24.89545326281461,101131.94198442296,0.9996801331753554,-0.01233196917914692,0.0013907294072985782,-0.02203864416208531,nan,nan,nan,0.0,0.0,-0.01953503821300317,0.27835640437872805,-0.034476701850961945,0.47025720262874904,5270.619619580079,5279.038181909233,5266.435166918914,5271.343152734394,"1,1,5",0
296,51646773,36.067773000000216,0.00030802576214417743,0.00023852358353512013,0.00023846757893022181,0.263077166797597,1262.9410813308687,1262.9410813308687,1262.9410813308687,1261.9410813308687,0.0,0.0,0.0,0.0,0.0,0.0,0.0,0.0,-0.005343972798428472,-0.0074815477360758035,-0.002302686794106771,-0.026710916150219553,0.2900756909174948,-9.69858998544026,16.057821995378088,24.8954321432414,101132.26492877709,0.999680397332716,-0.012308991449872657,0.0014571153537392915,-0.022033101415837,nan,nan,nan,0.0,0.0,-0.015308849293503655,0.27744183581375187,-0.035435374760339894,0.47248110124425563,5273.377849633818,5275.331234912102,5274.156232031271,5274.1470841063965,"1,1,5",0
297,51696773,36.11777300000021,-0.00033582359535630013,0.00025423075912222746,-0.0002980813184992921,0.26246563,1262.0,1261.0,1262.0,1262.0,0.0,0.0,0.0,0.0,0.0,0.0,0.0,0.0,0.0050331202886267105,-0.005277454127182633,0.0022572710453798964,-0.0171367722255781,0.17145190810287872,-9.786757428975932,16.063754238266462,24.895410371915606,101132.2061265529,0.9996816146880151,-0.01229351792041441,0.0012707311313633152,-0.021998909370379092,nan,nan,nan,0.0,0.0,-0.011174001637059497,0.27591208484465585,-0.03431962915564144,0.47164674753976515,5270.309199414043,5265.941444702114,5275.699508593775,5269.630473461948,"1,1,5",0
298,51746773,36.16777300000021,-1.831934478003697e-05,-0.00029840307008714023,-0.0002521484610879324,0.26282275,1262.0,1262.0,1262.0,1263.0,0.0,0.0,0.0,0.0,0.0,0.0,0.0,0.0,-0.0011119455238246167,0.00687819882461701,-0.0031696655936608556,0.10237141165451663,0.26287221892234547,-9.724190459059693,16.095870960668115,24.89539234698492,101131.8121064532,0.9996829769434162,-0.012334800123744051,0.0014076098715494448,-0.021906118791115814,nan,nan,nan,0.0,0.0,-0.006570149841105308,0.27699073843832517,-0.03365080943166101,0.47169265413428896,5266.285014111333,5269.756696728523,5271.545579736183,5275.882151660054,"1,1,5",0
299,51796773,36.217773000000214,-0.00048677623944008957,6.253300172474805e-05,0.0001226554487256439,0.26225582,1262.0,1261.608870967742,1261.0,1262.0,0.0,0.0,0.0,0.0,0.0,0.0,0.0,0.0,0.005767962285008977,-0.003457021079923698,-0.0014424839941337524,0.06796744503590664,0.22494515037701976,-9.667448254263913,16.08983130098273,24.895375135693158,101131.88581776549,0.9996824139364942,-0.012258389550239236,0.001527215476555024,-0.02196972443323184,nan,nan,nan,0.0,0.0,-0.0018864512045670256,0.27726706407014573,-0.03423288146338963,0.47151157892731405,5269.870678271494,5267.836785986282,5259.276354589844,5270.047629956062,"1,1,5",0
300,51846773,36.26777300000022,0.0005125583153383458,0.0003610779952564169,-0.0003029937727015816,0.26307058,1262.0,1262.0469276639876,1263.0,1262.0,0.0,0.0,0.0,0.0,0.0,0.0,0.0,0.0,-0.007036319340508299,-0.001254013984439834,0.003530986835684647,0.017977931008169086,0.2487188912837137,-9.75940690430498,16.098272567432414,24.89535836115018,101131.78884044383,0.9996829649427169,-0.012277635243979425,0.0013643059405190553,-0.021940299465980827,nan,nan,nan,0.0,0.0,0.0029361120165511817,0.2764274020348671,-0.03514247583595313,0.47164622982403137,5274.873051879811,5269.97044523931,5275.312678808606,5271.211457006876,"1,1,5",0
301,51896773,36.317773000000216,0.0008343649328647154,-0.0002163155586702005,-0.00019345371644849044,0.2623717288637935,1261.0,1262.5595950299125,1262.4404049700875,1262.0,0.0,0.0,0.0,0.0,0.0,0.0,0.0,0.0,-0.007617310876414877,0.00032063002857472865,-0.0006871748971887272,0.08317800065257565,0.23924010472164473,-9.60736871055671,16.098019205413767,24.89534449017788,101131.77546017015,0.9996813800335046,-0.012514889259772169,0.0013602943774849228,-0.021879465121286575,nan,nan,nan,0.0,0.0,0.0077693621905352665,0.27548902471170034,-0.034340229377525254,0.47135897825925926,5263.655776367199,5271.4895369384685,5277.659605834986,5269.403035400403,"1,1,5",0
302,51946773,36.36777300000021,-0.00028206900044196214,-1.5862818275327832e-05,-8.129464569208355e-05,0.26305984594463333,1263.0,1262.1602719766877,1262.0,1263.0,0.0,0.0,0.0,0.0,0.0,0.0,0.0,0.0,0.005809458388780961,0.00015491671716245746,-0.0016571181773190869,0.038972445111461876,0.15301695200097135,-9.753886992229239,16.115526330081458,24.89533322480115,101131.5660928414,0.9996814661407767,-0.012552671294902912,0.0012460219038834951,-0.021864238413834954,nan,nan,nan,0.0,0.0,0.009695237177745664,0.27667647022648917,-0.03490448809775257,0.471573882926031,5277.533952636697,5274.956241772513,5274.160777709992,5274.997999072292,"1,1,5",0
303,51996773,36.41777300000022,-0.0003809982100525525,3.314062261448949e-05,4.717443345345346e-05,0.26319851421921925,1263.0,1262.0,1262.4205256570713,1263.0,0.0,0.0,0.0,0.0,0.0,0.0,0.0,0.0,0.009660013546683355,-0.0013514892217146432,-0.0037130259506883605,-0.029246068993992493,0.21366912611514394,-9.621825549436796,16.118163857795896,24.895322152032303,101131.54297005829,0.9996845,-0.012332623498500374,0.0012603848541114721,-0.021845052841289677,nan,nan,nan,0.0,0.0,0.011453852001926782,0.2773163558135796,-0.03505635689714309,0.4716941093515274,5280.563067309588,5275.734603784209,5278.092699194297,5281.436880664015,"1,1,5",0
304,52046773,36.46777300000022,-0.00023413960325381936,7.677288936478156e-05,-0.00035078347457518093,0.26354188,1263.0,1262.1651474530831,1263.0,1263.1651474530831,0.0,0.0,0.0,0.0,0.0,0.0,0.0,0.0,0.0003893748154403867,0.003696179126342642,0.0025618762681525243,0.06745584066595059,0.2637061260445757,-9.641960977712138,16.119995273724314,24.89531330160471,101131.5290481413,0.9996863969622887,-0.012205405651235372,0.0013273515817945384,-0.02182593337243173,nan,nan,nan,0.0,0.0,0.011875491888746289,0.2787582890405904,-0.033847337731130495,0.47203283427373366,5278.642848144624,5279.083671386771,5280.655011369989,5289.890038643853,"1,1,5",0
305,52096773,36.51777300000022,0.0005254609195385371,0.0006122762178105057,-0.0003722059935493373,0.2638624,1263.0,1263.0,1264.5412168792934,1263.0,0.0,0.0,0.0,0.0,0.0,0.0,0.0,0.0,-0.003064091786250921,-0.003275697371028726,0.0036953780597839435,0.060231259912104096,0.1885880817922907,-9.7537854662411,16.108200817423594,24.895306117375988,101131.67751728077,0.999685724612365,-0.012230934774288518,0.0012021150034347398,-0.021849914994111874,nan,nan,nan,0.0,0.0,0.012230664764907575,0.2775346314066857,-0.03361081016520173,0.4711583984051678,5284.872826586886,5283.505247460924,5292.658160986378,5281.376124902353,"1,1,5",0
306,52146773,36.567773000000216,-0.00036780468467575186,0.00017849615760181706,-0.0006184796595003133,0.2638527,1263.0,1262.0,1264.0,1264.0,0.0,0.0,0.0,0.0,0.0,0.0,0.0,0.0,0.0071046766659877796,0.007134070421588595,0.007579072421995927,0.015611594778004074,0.2212069083095723,-9.757487486761711,16.12274913560761,24.89529845398063,101131.50118010266,0.9996885562118126,-0.012086320865580449,0.0011684409859470469,-0.0218049349694501,nan,nan,nan,0.0,0.0,0.012278812,0.2780007273680516,-0.033039962136620894,0.4706173654455315,5287.265562329051,5279.039653686592,5289.36068549806,5289.056082006866,"1,1,5",0
307,52196773,36.61777300000022,0.00013802510996207632,-0.0001419389914505807,0.0008286554617990045,0.2642577645413605,1264.0,1265.0,1263.0,1263.0,0.0,0.0,0.0,0.0,0.0,0.0,0.0,0.0,-0.00037889970284360214,0.0009099126540758293,-0.006097188490995261,-0.009447520146919429,0.2532984134123223,-9.788800369668246,16.144396967940597,24.89529152731383,101131.24260119663,0.9996875818268526,-0.01203688590902421,0.0013446380809244314,-0.0218666682809978,nan,nan,nan,0.0,0.0,0.012278812,0.27699729028811965,-0.0341843677833994,0.47287995506968,5291.4423343797,5298.798966006368,5284.023083310061,5287.900971935417,"1,1,5",0
308,52246773,36.667773000000224,-9.068402134765135e-05,0.00013551772236623964,-0.0009280165712283345,0.2636574,1262.1007284601858,1262.0,1264.0,1264.0,0.0,0.0,0.0,0.0,0.0,0.0,0.0,0.0,0.0032546364657623714,-0.000734036154672193,0.005054618629339362,0.064186957058528,0.1925596177241899,-9.748236646571215,16.118160431311296,24.895286873395435,101131.56611628612,0.99968785,-0.011995664393566223,0.001385718223322443,-0.021874302729328977,nan,nan,nan,0.0,0.0,0.015034993795171347,0.2769746088621337,-0.0335007939494327,0.47025282410905234,5285.238628540074,5285.489635839889,5287.618117700098,5286.989199414029,"1,1,5",0
309,52296773,36.71777300000022,-0.00019163465213078228,-4.060268522886898e-05,-0.00010873797725357228,0.2639783305182853,1263.525066602083,1263.0,1263.474933397917,1264.0,0.0,0.0,0.0,0.0,0.0,0.0,0.0,0.0,0.0003435945996458924,-0.00044267298444995284,0.0022583729986779977,0.06753226382389046,0.17833071302880074,-9.876651288951841,16.11583577437609,24.895283367861733,101131.59606376245,0.999687442794971,-0.01195131669680851,0.0013439485416827854,-0.021920280818181818,nan,nan,nan,0.0,0.0,0.018204986428727057,0.2783874146046055,-0.03445508910505404,0.4726128059187423,5287.482546118151,5285.2923947021145,5285.070742553785,5289.031888916039,"1,1,5",0
310,52346773,36.76777300000022,0.0004984791692813527,0.00021812663873179897,0.0002952591186566463,0.26392453660169096,1263.8477597935725,1264.0,1263.8477597935725,1262.8477597935725,0.0,0.0,0.0,0.0,0.0,0.0,0.0,0.0,0.00016655024523250353,-0.006478809418506341,-0.0030638480220291217,0.06435366659182715,0.17429115919680602,-9.749217196336307,16.095946934625257,24.89527913802621,101131.83059121002,0.9996873681626929,-0.011966866017765311,0.0012403938532959328,-0.021921978355306217,nan,nan,nan,0.0,0.0,0.019789692795241648,0.27762004183829203,-0.033016622680099465,0.4705622965969305,5288.97479843753,5287.801302929651,5291.070750122009,5282.479502441362,"1,1,5",0
311,52396773,36.81777300000022,2.6767421360000002e-05,-0.000592499714784,1.6859404029866667e-05,0.264164672752,1263.0,1264.0,1263.0,1264.0,0.0,0.0,0.0,0.0,0.0,0.0,0.0,0.0,-0.002066503185417222,0.012667820421487603,0.000996165872402026,0.038767033456678215,0.21539615009330845,-9.817400507597975,16.12805793944898,24.895276499952203,101131.43249737109,0.9996871665579032,-0.011957118032361594,0.0011720470019523938,-0.021939111632522063,nan,nan,nan,0.0,0.0,0.021276433924187974,0.27739605395413086,-0.033070784483862484,0.4715187220435011,5288.588600561458,5289.665823486453,5284.4436296386475,5289.175384521532,"1,1,5",0
312,52446773,36.86777300000023,-6.551843922379032e-05,0.0004660396824495968,-0.0001314694275705645,0.2643680171471774,1264.0,1263.0365423387098,1264.0,1264.0,0.0,0.0,0.0,0.0,0.0,0.0,0.0,0.0,0.006150361780407957,-0.004822636870309745,0.001713376164744397,0.06450021399320072,0.2610329625207756,-9.655255371946613,16.12622810663285,24.895274579633245,101131.44458252049,0.9996863829379101,-0.01194975610575467,0.0012627435903079254,-0.02197373787834427,nan,nan,nan,0.0,0.0,0.02179340186089201,0.27722573170696535,-0.03480364128515118,0.4719396878459837,5292.513845772905,5289.013314313556,5287.225443150164,5293.834195591514,"1,1,5",0
313,52496773,36.917773000000224,0.0006753903359182757,0.0004338206798136506,0.0001800590148001796,0.26415212300179614,1263.5352808988764,1264.0,1264.0,1263.0,0.0,0.0,0.0,0.0,0.0,0.0,0.0,0.0,-0.004368491111469534,0.0018863628265232974,-0.001163229076344086,0.06586406296774193,0.17211980161290322,-9.723516935483872,16.10083274778181,24.89527263847776,101131.75480972014,0.9996841189488244,-0.012082201232365145,0.0011305635489626555,-0.02201182469571231,nan,nan,nan,0.0,0.0,0.022174635600309727,0.2775743751862921,-0.03363251486598924,0.4707100800342698,5292.356497143462,5290.132866088907,5294.155398559568,5282.858525610341,"1,1,5",0
314,52546773,36.96777300000022,0.00036522758002715747,-0.00029474061845202173,3.920715370247434e-05,0.264540715006035,1263.6240193120098,1264.6240193120098,1264.0,1264.0,0.0,0.0,0.0,0.0,0.0,0.0,0.0,0.0,0.004485922967440458,0.007497151280675309,0.0050237010578836295,0.045376804918299665,0.23070071084715105,-9.631915368706663,16.114988580103134,24.895271,101131.58455317999,0.9996811100968634,-0.012262058883302583,0.001264706733394834,-0.022042789322416975,nan,nan,nan,0.0,0.0,0.022290349642333427,0.27596453259682446,-0.03483219794420537,0.47080095261463123,5284.414336669919,5299.245547096949,5293.68863358931,5287.334593372742,"1,1,5",0
315,52596773,37.017773000000226,-0.0012125537527121002,0.0005259366987691238,-0.0004497663247913769,0.26496006299026426,1265.0,1263.0,1264.0,1265.5118219749652,0.0,0.0,0.0,0.0,0.0,0.0,0.0,0.0,0.018115997359758922,0.00013387894995363922,0.006151143240449699,0.06181715858344924,0.2263449565206305,-9.840129107093185,16.095938446298955,24.895271,101131.7941509141,0.9996834923893805,-0.012041212607126223,0.0012782334432463903,-0.022055316677689802,nan,nan,nan,0.0,0.0,0.02238912162839056,0.2764626118116541,-0.033840401932024894,0.47222037173723835,5303.818530395552,5292.571076342653,5291.999139355458,5299.795944799896,"1,1,5",0
316,52646773,37.06777300000023,-0.0003834667735688025,-0.0008251706487657562,-0.0004235722429332983,0.26500417523371844,1264.0,1264.1228668941978,1264.0,1266.0,0.0,0.0,0.0,0.0,0.0,0.0,0.0,0.0,-0.000875266436774363,0.00698033478775939,0.0027766411543735225,0.046674810323089046,0.17597649760178619,-9.793489956658787,16.10966957057414,24.895271139414366,101131.65627364647,0.9996872964304462,-0.01175027892230971,0.0013732735254068241,-0.02203086318425197,nan,nan,nan,0.0,0.0,0.022461313121087942,0.27674065678573107,-0.03422994586022466,0.4714814398199934,5302.73373015787,5291.9155331144475,5290.683609130957,5307.06721522097,"1,1,5",0
317,52696773,37.11777300000023,0.0011995360888386805,-0.00024330870516493447,-0.00017818112647085407,0.2646351458427474,1263.0,1265.0,1265.0,1263.4010393131496,0.0,0.0,0.0,0.0,0.0,0.0,0.0,0.0,-0.022231929338079097,-0.0006470855880542373,-0.0024182829440225987,0.019159115744700566,0.25901466335367235,-9.767631015819209,16.10427903387318,24.895273,101131.71582885522,0.9996833085778578,-0.012150063668316832,0.0014452071853735373,-0.02199148713771377,nan,nan,nan,0.0,0.0,0.022531906910007633,0.2779592740747936,-0.033012604470837564,0.4713399414795355,5284.053075219706,5304.697332617192,5303.549665844743,5293.154245703068,"1,1,5",0
318,52746773,37.167773000000224,0.00018071086663106796,-6.26789645631068e-05,-4.000554885436893e-05,0.2647051378640776,1264.0,1264.0565671279437,1264.0,1264.0,0.0,0.0,0.0,0.0,0.0,0.0,0.0,0.0,0.006570023843131068,-0.0058054111249757285,0.0026589635594174757,0.09773925942839806,0.16008690372330095,-9.881941302184465,16.148343815402292,24.895273,101131.17845347071,0.9996804284593023,-0.012390801426356589,0.0013945742484011627,-0.02199059010610465,nan,nan,nan,0.0,0.0,0.02391470322370996,0.2766353540701961,-0.03228547171312,0.47144588994101166,5292.0372901088895,5301.378009835297,5295.418685384089,5293.963009695898,"1,1,5",0
319,52796773,37.21777300000023,-0.00045133271934972246,0.000677934788805181,-0.00014155995074702617,0.26455644,1264.632566745969,1263.0,1264.367433254031,1264.0,0.0,0.0,0.0,0.0,0.0,0.0,0.0,0.0,0.005575883165918097,-0.009641910638837518,0.0040256042822192865,0.022669344962219288,0.24326253676618229,-9.821811351387055,16.137404745963885,24.895274885134214,101131.32966207906,0.9996841662207542,-0.012120793908340215,0.001191090385741811,-0.021984815295348195,nan,nan,nan,0.0,0.0,0.025348824,0.27614413644389263,-0.03374204945386822,0.47090610867619986,5300.015961138514,5285.086795438847,5292.691794806965,5296.2503261718875,"1,1,5",0
320,52846773,37.26777300000023,-8.646066072180451e-05,-6.776214727067668e-05,-0.00036439328830827067,0.2641011,1263.0,1263.0,1264.0,1264.0,0.0,0.0,0.0,0.0,0.0,0.0,0.0,0.0,-0.004691089518553311,-0.0010241366086425551,0.0016040747054485674,0.02569331326773133,0.2876597969704086,-9.809696167214655,16.115322269344357,24.895275,101131.59554046072,0.9996863675991862,-0.012017765515768056,0.0011181361395727364,-0.02194183904781282,nan,nan,nan,0.0,0.0,0.025348824,0.27759775478805204,-0.03462068049615536,0.4693693745169558,5287.912676415971,5282.708917822302,5291.462803906267,5294.026430175778,"1,1,5",0
321,52896773,37.31777300000023,0.00019630598721806522,-0.00020363177236771779,-0.00027727615176910745,0.2638648439417424,1263.0,1263.5780331373596,1264.0,1264.0,0.0,0.0,0.0,0.0,0.0,0.0,0.0,0.0,-0.0070553328914217,0.005368332145911278,0.005610219355291288,0.03220718141368253,0.1614802773757349,-9.743125321753073,16.101329313987424,24.89527674622451,101131.76033239966,0.9996856185046729,-0.012166740057943925,0.0011516265321495328,-0.021894470721495328,nan,nan,nan,0.0,0.0,0.025348824,0.2784590316242419,-0.03461078205915264,0.47019013398180576,5280.801690966753,5288.163035986303,5295.425453784221,5288.515560620111,"1,1,5",0
322,52946773,37.36777300000023,-0.00030788265929639617,0.00019623021308163766,0.00034121002535915666,0.26367736,1264.0,1263.0,1263.0,1263.0,0.0,0.0,0.0,0.0,0.0,0.0,0.0,0.0,0.007242401622205883,-0.003338818071348039,-0.00034919256440196073,0.004259170749019607,0.17449005142892157,-9.702373980392158,16.119837423464713,24.89527954628781,101131.52537121906,0.9996847556331129,-0.012255056003428851,0.0010874617974528534,-0.02189002604653441,nan,nan,nan,0.0,0.0,0.026803351204143424,0.27827510171620073,-0.034160526965693626,0.4710233856583473,5288.576068237343,5285.351806689429,5286.10676694333,5278.785543627956,"1,1,5",0
323,52996773,37.41777300000023,-0.0002527278352844767,-0.00039132656357293376,0.0004129011662140014,0.2640119320674315,1264.0,1264.0,1263.0,1264.0,0.0,0.0,0.0,0.0,0.0,0.0,0.0,0.0,0.0038712349859953165,0.002428219820140515,-0.005309778181498829,0.05489281600702576,0.19872951680093676,-9.701586113114754,16.104435373985893,24.89528399449687,101131.70848522098,0.9996846114312398,-0.01217276884706981,0.0011031366577632501,-0.02194016892014943,nan,nan,nan,0.0,0.0,0.028343478694183265,0.27788840042368046,-0.03390907468730385,0.4707734944536377,5287.274121484383,5290.524936132849,5284.537271557652,5290.548650732458,"1,1,5",0
324,53046773,37.467773000000236,1.1707690959253587e-05,-3.38888633495811e-05,0.00013671686134044176,0.26413021526275704,1264.0,1264.0,1263.0,1263.9791825336379,0.0,0.0,0.0,0.0,0.0,0.0,0.0,0.0,0.009212007689344062,-0.004588905007168983,0.004366440307412826,0.00968934673104121,0.208423169375762,-9.633364231650816,16.079880956966356,24.895288741303933,101131.99347127923,0.9996851406852792,-0.01218000761040609,0.0011779651927664974,-0.02190870446573604,nan,nan,nan,0.0,0.0,0.029109374831055003,0.27809318424788293,-0.03351565614009496,0.47066186505066326,5287.575851841564,5290.533976143984,5286.004502859974,5291.599066336511,"1,1,5",0
325,53096773,37.51777300000023,-0.0003571226216418967,0.0005585754579051663,-1.3703101699929227e-05,0.2641390956829441,1264.0,1263.0,1264.0,1263.485491861288,0.0,0.0,0.0,0.0,0.0,0.0,0.0,0.0,-0.002187295144245283,-0.009658927921226416,0.00016815758681132072,0.11323155109433962,0.2393323092735849,-9.869470379245282,16.10880035108044,24.895294251132484,101131.65197197217,0.9996855413638577,-0.012211811079396005,0.000985369065952265,-0.021882418305893814,nan,nan,nan,0.0,0.0,0.029822703071646833,0.2800038962524928,-0.03390292789052135,0.47045113887509665,5292.125422534196,5286.316138745128,5293.567845312501,5289.672501977459,"1,1,5",0
326,53146773,37.56777300000023,0.00014352726177595064,0.0008715421454450154,-0.0002992148502141829,0.26425445568345324,1264.0,1263.0,1264.7917351973683,1263.0,0.0,0.0,0.0,0.0,0.0,0.0,0.0,0.0,-0.0061052849337032465,-0.0026376523984792434,0.008595266164118372,-0.024074589783806003,0.25437535701191943,-9.782660173653925,16.116305514173014,24.895300046444177,101131.56092888357,0.9996836650461539,-0.012361587567384615,0.0008453912453415385,-0.021889689812923076,nan,nan,nan,0.0,0.0,0.029626989515325306,0.27663751665724184,-0.03336941636107682,0.4719067747361714,5296.1245295061135,5283.455237304672,5297.973156343023,5283.742320312575,"1,1,5",0
327,53196773,37.617773000000234,0.00031738194377386195,-0.0009090416193098385,0.0001050070153010279,0.2644980874596182,1263.0,1265.0,1263.479441997063,1264.0,0.0,0.0,0.0,0.0,0.0,0.0,0.0,0.0,-0.005534078709933302,0.0147442151345879,0.0008288735444378275,0.022641210026202955,0.28591977164125776,-9.664996282396379,16.126539459509548,24.895307175442362,101131.44473672916,0.9996836136708241,-0.012389048108339447,0.0010235021734409393,-0.021870840693568108,nan,nan,nan,0.0,0.0,0.029380055574232736,0.2774525789303744,-0.03414516938721448,0.4716224400924677,5288.1234737792265,5297.373702929778,5291.9532943603535,5294.771228125016,"1,1,5",0
328,53246773,37.66777300000024,0.000158890584302171,-0.00072954729550288,0.00017293813297518832,0.2648853,1264.0,1265.0,1264.0,1265.0,0.0,0.0,0.0,0.0,0.0,0.0,0.0,0.0,-0.005469338754740806,0.008143592633584405,-0.0001832941341603899,0.01179976992711564,0.2824502982698272,-9.651742094594594,16.13723410078381,24.895313056859777,101131.32637454245,0.9996812902724252,-0.012523281354152824,0.0013648634768106311,-0.021878842113621264,nan,nan,nan,0.0,0.0,0.02752839078327464,0.27549505131281343,-0.032438718231438686,0.47172908464745794,5291.121879174917,5304.35144948729,5288.772061279287,5301.822586718704,"1,1,5",0
329,53296773,37.717773000000236,-0.00013520435988587597,0.0006882412246639944,0.0002355510505482198,0.26516348,1265.617924528302,1264.0,1265.0,1264.0,0.0,0.0,0.0,0.0,0.0,0.0,0.0,0.0,-0.004303946247523585,-0.01127306072995283,-0.003994387209316038,-0.011691702566037736,0.263154319870283,-9.86195451768868,16.12405302543211,24.895320765582262,101131.47508467671,0.9996805884096271,-0.01248010928268051,0.001285429052713544,-0.021941787475696084,nan,nan,nan,0.0,0.0,0.025622693654106517,0.27833219160030725,-0.03404530688942944,0.47176212809456747,5307.364727978601,5298.702308203156,5297.591816284268,5299.02999760735,"1,1,5",0
330,53346773,37.76777300000023,0.000379104730950951,0.00047191179076076073,-0.0005154214479479479,0.26520494751751755,1264.1586983729662,1264.0,1266.0,1265.0,0.0,0.0,0.0,0.0,0.0,0.0,0.0,0.0,-0.006805547184831039,-0.005996214870362953,0.003552943290387985,0.05540131127709637,0.2557371421276596,-9.832610752690863,16.096628133013425,24.89532779312328,101131.80110487598,0.99967873,-0.012637622922500001,0.00102653794655,-0.02194768518075,nan,nan,nan,0.0,0.0,0.02484402905960985,0.2768416269362303,-0.033317117115701275,0.4721095394436596,5303.392477612248,5295.367001367249,5309.417016992201,5300.550164477532,"1,1,5",0
331,53396773,37.81777300000024,0.00031356720949077493,7.335220159409593e-05,-0.00012957253071365317,0.2652056,1264.5530135301353,1265.0,1265.0,1264.4469864698647,0.0,0.0,0.0,0.0,0.0,0.0,0.0,0.0,-0.007278538274489545,0.007888627947650675,0.005777968548093481,0.09225484911685117,0.219053753500615,-9.794718165067652,16.100996502121255,24.895334338853154,101131.74848090872,0.9996756,-0.012890721192090395,0.001127787072807664,-0.021940784208302627,nan,nan,nan,0.0,0.0,0.024065364465113176,0.2762702554989512,-0.035293579354210375,0.47076528692837877,5297.861185913054,5300.350154101558,5307.256658496098,5303.196797314457,"1,1,5",0
332,53446773,37.86777300000024,-0.0003563845175982659,-0.0008323093147398844,0.0002661820418169557,0.2651197454720617,1264.9881842295636,1265.0,1264.0,1265.0,0.0,0.0,0.0,0.0,0.0,0.0,0.0,0.0,0.003058550114323891,0.013919713651523249,0.0012189332776055585,-0.04445563049171566,0.1844731987493319,-9.818212176376269,16.106002883125917,24.895342110999458,101131.69076060911,0.9996733982050646,-0.013071981796673288,0.0013761784835650448,-0.021915097436444885,nan,nan,nan,0.0,0.0,0.02420117640006193,0.27527769587915535,-0.03542049722082375,0.4702087744888146,5294.034254809567,5302.833907617191,5304.120316650263,5304.573717846699,"1,1,5",0
333,53496773,37.91777300000024,-0.001136365449616867,-0.00035346197862162775,0.00019257507302199048,0.2649392292042621,1265.0,1264.0,1263.4756069888813,1265.0,0.0,0.0,0.0,0.0,0.0,0.0,0.0,0.0,0.005469857993987342,0.0009709291227396027,0.0018829920904159135,-0.014700102074141049,0.22895875370705243,-9.863100080922242,16.089295885593387,24.895349406887906,101131.89503918035,0.9996747660993238,-0.012924342149918396,0.001571652465796223,-0.021928385034506878,nan,nan,nan,0.0,0.0,0.02439397432648801,0.2771774201136364,-0.03541875715909091,0.4717556704545454,5296.076500976578,5294.64670405266,5293.513585717821,5311.116115405267,"1,1,5",0
334,53546773,37.967773000000236,0.000955096891375,0.0007337710813515626,-0.0005401431695703125,0.26508114,1264.0,1264.0252999478353,1266.0,1264.0,0.0,0.0,0.0,0.0,0.0,0.0,0.0,0.0,-0.013629271298181818,-0.007259628143818181,0.00402535416748052,0.06572606601064936,0.22747866187012988,-9.817909521818182,16.104191178985925,24.89535621160594,101131.72389550801,0.9996744430303031,-0.013027189070707072,0.0013791409606060605,-0.02189891331313131,nan,nan,nan,0.0,0.0,0.024555418343495936,0.27686101838842975,-0.03418384553719008,0.47068177931818184,5298.708005859335,5297.4650596680285,5306.371968628009,5296.52487844234,"1,1,5",0
335,53596773,38.01777300000024,0.00027305183259850133,0.0002677360110756587,0.00046458416897751995,0.2651412290548707,1265.0,1265.0,1264.4281914893618,1264.0,0.0,0.0,0.0,0.0,0.0,0.0,0.0,0.0,-0.0014481392021276594,0.0016973096514506774,-0.005571000159574468,-0.012250213852030949,0.2517797440232108,-9.733040669245648,16.139108178484108,24.895363769712713,101131.30528575795,0.9996692110907778,-0.01331408510546593,0.001196931017023838,-0.021971363355405733,nan,nan,nan,0.0,0.0,0.02471482552506775,0.27850533164199026,-0.03461304310818701,0.4706217300300288,5302.133549707067,5302.395943896452,5305.984076122985,5290.860093188569,"1,1,5",0
336,53646773,38.067773000000244,-0.000972138507757353,0.00014567293197794117,0.00017648961825,0.2653039052132353,1266.0,1264.0,1264.0,1265.0,0.0,0.0,0.0,0.0,0.0,0.0,0.0,0.0,0.008119976007352942,0.003773727827622549,0.0006246464753529412,0.05303749905882353,0.21011028661029413,-9.709421367647058,16.141865924063346,24.895372402549246,101131.2620764774,0.9996729781387935,-0.013077577580431583,0.0012125180526728787,-0.021945048749632174,nan,nan,nan,0.0,0.0,0.02278679459779995,0.27759038899816296,-0.034021320188832395,0.4716506190370402,5309.437945730995,5295.067518136275,5296.901020926313,5308.226081194152,"1,1,5",0
337,53696773,38.11777300000024,9.043155133061029e-05,-6.185630939932723e-05,-0.0005584995238731379,0.2656190302618933,1264.6064392119174,1264.6064392119174,1265.6064392119174,1265.6064392119174,0.0,0.0,0.0,0.0,0.0,0.0,0.0,0.0,-0.010108571132516222,0.008307485356164383,0.0035650010396539294,0.024780040705551547,0.162607056777217,-9.836283186012977,16.094431778792647,24.89538073185708,101131.83636374102,0.9996708880076904,-0.01314786914155251,0.0013988207159577025,-0.021985298191540496,nan,nan,nan,0.0,0.0,0.020553996749759558,0.27708169558792034,-0.03518582717858214,0.47275359308288717,5303.814788818352,5307.513140161144,5303.2973791261065,5303.868614209046,"1,1,5",0
338,53746773,38.16777300000024,0.0009844280990662932,-0.00020559886360722065,0.0007870360168689698,0.2658959353874883,1265.0,1267.0,1265.0,1264.0,0.0,0.0,0.0,0.0,0.0,0.0,0.0,0.0,-0.01283480584842826,0.006185266403361344,-0.0018114261276065986,0.0622917649361967,0.19058460381574852,-9.755067453781512,16.05923082087096,24.89538750026787,101132.25693517526,0.9996670935544139,-0.013383805751985053,0.0015380771794021486,-0.022004852546940682,nan,nan,nan,0.0,0.0,0.020277755,0.27780998512484933,-0.03400161446099535,0.4711936815911831,5305.052900903379,5320.105840551732,5309.29286743162,5300.4951457031575,"1,1,5",0
339,53796773,38.21777300000024,-0.0008472827144608456,-0.00026484014276957716,0.0003500077737127846,0.26563808,1266.0,1265.0,1264.0,1265.5410410410411,0.0,0.0,0.0,0.0,0.0,0.0,0.0,0.0,0.011234299271124999,0.003679743028825,-0.00583627777695,0.04205115494475,0.2593341634125,-9.79493368125,16.132713780946567,24.895393303695084,101131.38696304917,0.999667664556391,-0.013298789992606516,0.0015928267275438597,-0.022027221915789475,nan,nan,nan,0.0,0.0,0.020217229796683504,0.2762847440262593,-0.03681719590534671,0.47024145438570214,5311.310320678772,5310.972033251974,5304.836846703993,5309.867112866177,"1,1,5",0
340,53846773,38.26777300000025,-0.00066471066545193,9.023679090385999e-05,-0.0006928739278350516,0.26625969489810597,1266.0,1265.0,1266.0,1266.9764818814494,0.0,0.0,0.0,0.0,0.0,0.0,0.0,0.0,0.0051077916033245635,-0.007681860009997609,0.0025265806938053097,-0.06067614793133222,0.274894587720641,-9.778037156182732,16.13107369180026,24.895401054402853,101131.38748178263,0.9996699572403561,-0.013145813087784373,0.0015761937453016815,-0.02201511525346192,nan,nan,nan,0.0,0.0,0.017443389131399537,0.27677423442095994,-0.0354260437115808,0.4707696039806253,5316.2519226562945,5309.1161817627235,5310.529505541997,5317.433972900323,"1,1,5",0
341,53896773,38.317773000000244,0.000525431388162097,0.0005367225104248268,-0.000419183175986743,0.2661470495721603,1265.0,1265.0,1267.0,1265.0,0.0,0.0,0.0,0.0,0.0,0.0,0.0,0.0,-0.014135396733754513,-0.001903100613628159,0.006803522277978339,0.00230315410370036,0.21763185107400723,-9.879518883574008,16.115177685516656,24.89540585248839,101131.5803258126,0.999667774170187,-0.013282398823174411,0.0014533628374773686,-0.022043106370549185,nan,nan,nan,0.0,0.0,0.0146748949186826,0.2775511599786239,-0.0376283901909597,0.4696362925994211,5313.656480126808,5314.0866873778905,5318.139479101673,5303.517719433549,"1,1,5",0
342,53946773,38.36777300000024,-4.460114808749e-05,-0.00040820862711122966,0.000528197904142438,0.26619333,1266.0,1266.9376,1265.0,1265.0624,0.0,0.0,0.0,0.0,0.0,0.0,0.0,0.0,0.004218648484529208,0.003029522204721259,0.0017744342972526007,0.02158710714446519,0.18648900471859162,-9.944076864230462,16.134610929978248,24.89541054465283,101131.34991181138,0.9996665021651965,-0.013376806105052125,0.0015155307028869285,-0.02203683388211708,nan,nan,nan,0.0,0.0,0.012731248751384436,0.2768200677715643,-0.03525080614876033,0.4709867859375464,5310.263330541974,5318.059048388604,5311.393247192401,5311.683224633827,"1,1,5",0
343,53996773,38.417773000000246,-0.0008610825471607315,-0.0004547230855149182,-9.317518829643888e-05,0.26608354,1266.0,1265.0,1265.0,1266.4995187680463,0.0,0.0,0.0,0.0,0.0,0.0,0.0,0.0,0.010251510461822265,0.0016524471730830928,-0.0005213198830285532,0.03025322953737568,0.210334573102342,-9.850390267885787,16.103747110389612,24.89541445100354,101131.74127508854,0.9996697605347938,-0.013151053177835052,0.0016630397849871133,-0.02201718706121134,nan,nan,nan,0.0,0.0,0.010804004839200788,0.2775059213866205,-0.03473844885704858,0.4703298077856141,5312.818022558574,5307.711398998992,5308.762016625996,5317.756988525398,"1,1,5",0
344,54046773,38.46777300000025,0.00017476949422291993,-0.0005061469479277865,-0.0006682040372056515,0.26611369861852435,1264.1482727680575,1265.1482727680575,1266.0,1266.8517272319425,0.0,0.0,0.0,0.0,0.0,0.0,0.0,0.0,-0.001134000158021978,0.0028767542934514463,0.0034097907889706217,0.004614143460852209,0.23885684399641174,-9.884752175824177,16.095566270969215,24.895418259141646,101131.81509935539,0.9996710261187214,-0.013134317788649706,0.0017159453586431833,-0.021966478863666015,nan,nan,nan,0.0,0.0,0.009856850477158728,0.2757622426241771,-0.03513249849401556,0.47163928040843806,5306.964025708055,5314.759978564467,5311.276159252895,5314.52677639154,"1,1,5",0
345,54096773,38.51777300000025,-0.00013952218568139718,0.00041720778250198465,-0.000678076255026462,0.2657710910611273,1265.0,1264.0,1266.0,1266.0,0.0,0.0,0.0,0.0,0.0,0.0,0.0,0.0,0.003648123155781953,-0.00742447721227838,0.007748582345858693,0.10381788342378936,0.25193585363191323,-9.811200032415982,16.112274319477734,24.895422031881516,101131.60717334114,0.99967116538358,-0.013137099922745626,0.001664093759434724,-0.02195944489905787,nan,nan,nan,0.0,0.0,0.008909696115116668,0.27718927383101605,-0.03585206312834225,0.4722889228427808,5309.265460704933,5305.704966215426,5309.763551339348,5308.803965122803,"1,1,5",0
346,54146773,38.567773000000244,-9.660037995173456e-05,0.0003809860951231775,8.957932032176972e-05,0.2653243899145299,1265.0,1265.0,1265.0,1265.0,0.0,0.0,0.0,0.0,0.0,0.0,0.0,0.0,0.006464608228552632,-0.004665061090065789,-0.004304604307039474,0.006980090657236843,0.23219618592763158,-9.981832526973683,16.07623027777453,24.895423980629445,101132.04564162526,0.9996725,-0.01305732802562814,0.0015693555742713567,-0.021953739731407036,nan,nan,nan,0.0,0.0,0.009092521054226425,0.2782124284965517,-0.035897211307586205,0.4708546517655172,5309.821967089898,5303.623390771496,5306.97492270502,5301.13125305162,"1,1,5",0
347,54196773,38.61777300000025,-0.0003702193188803916,4.728487614866932e-05,-0.000333179834028755,0.26505652,1264.341194486983,1264.0,1264.658805513017,1265.0,0.0,0.0,0.0,0.0,0.0,0.0,0.0,0.0,0.004600991865341082,0.005259669519302539,-0.0008558386013765679,0.025665778964576322,0.2848593343897216,-9.818211986540227,16.133663219831725,24.895425901840255,101131.37484670944,0.9996723640006141,-0.013007701885784465,0.0016661249384402825,-0.021983963557568313,nan,nan,nan,0.0,0.0,0.009455267550491683,0.2758369839497808,-0.03461746254683141,0.4718616109286568,5303.115579217777,5300.587067685094,5296.085884486519,5303.213765811068,"1,1,5",0
348,54246773,38.66777300000025,0.0002547256540438951,-0.0007457450531079717,5.462322808324924e-05,0.26466662,1263.8332071662883,1265.0,1264.0,1264.0,0.0,0.0,0.0,0.0,0.0,0.0,0.0,0.0,-0.005073115781831945,0.010847394557153672,0.0005252522997728994,0.05725458800529902,0.24260729816048446,-9.886761497350491,16.08341573906666,24.89542783135832,101131.95350503725,0.9996712833870968,-0.012981887402721774,0.001974550830141129,-0.022022881922379032,nan,nan,nan,0.0,0.0,0.009922422599659976,0.27648980252557936,-0.03469777099903804,0.47164086758198515,5294.502003222592,5304.348330737248,5288.781894262797,5299.360459643508,"1,1,5",0
349,54296773,38.71777300000025,0.00022255675586952003,0.0007682700228755455,0.00044409175582588823,0.2643310724828589,1265.0,1264.0,1264.0,1263.0,0.0,0.0,0.0,0.0,0.0,0.0,0.0,0.0,-0.01086631909696529,-0.00921972619787986,-0.0034683961726044484,0.04036466847723966,0.18050289345666182,-9.738633153814176,16.10853381977668,24.895429747878882,101131.66042422385,0.999668087900415,-0.013206556032365147,0.0019212889373029045,-0.02203753767966805,nan,nan,nan,0.0,0.0,0.010389577648828268,0.27766393302680353,-0.03467113375377816,0.47255467549615054,5295.307467529292,5295.18470317381,5297.739560522504,5286.283666845654,"1,1,5",0
350,54346773,38.76777300000025,0.00025872264133358234,0.00014741637890549122,-0.00025992332908853194,0.26408193,1263.0,1263.5181172954801,1264.0,1263.4818827045199,0.0,0.0,0.0,0.0,0.0,0.0,0.0,0.0,0.0004612463060515502,0.0009768383134080437,0.0047554471146806125,0.0481509664313286,0.19773639898891796,-9.79220324256008,16.053161530203155,24.895432510581706,101132.3129628773,0.9996660153028983,-0.013395045819878094,0.0018344517871750217,-0.022028589054111206,nan,nan,nan,0.0,0.0,0.011418966144782446,0.27593862918552037,-0.03546855557466064,0.4717582536199095,5286.8699106201,5291.913420678634,5296.171488574123,5284.393131469819,"1,1,5",0
351,54396773,38.81777300000025,-0.0014086398232348522,-0.0006841335900050075,-0.0002798893976464697,0.26421928,1264.0,1263.0,1263.0,1265.477466199299,0.0,0.0,0.0,0.0,0.0,0.0,0.0,0.0,0.012983284751689613,0.009174904221777221,0.0045549960259324155,-0.00899845196430538,0.2467728956520651,-9.890559485356697,16.096442005042533,24.89543619765965,101131.81046807035,0.9996702998245613,-0.013130993079949875,0.001994368307969925,-0.021979195370927317,nan,nan,nan,0.0,0.0,0.012490220593545565,0.2767826652545268,-0.035934857647078926,0.47124806966860266,5291.6455551758045,5283.095545898427,5282.04542871088,5303.293089355541,"1,1,5",0
352,54446773,38.867773000000255,0.0006583976002587665,-0.00026888708350181374,0.0006202857593180169,0.264270752503023,1263.8544135429263,1265.0,1263.1455864570737,1263.0,0.0,0.0,0.0,0.0,0.0,0.0,0.0,0.0,-0.01572927474746009,-5.042025069956459e-05,-0.003990824664731495,-0.0024620229007256906,0.21008222883889696,-9.864819444121915,16.10208054372409,24.895440081258883,101131.75784406079,0.9996690676856107,-0.013145949871825878,0.0020043325032648124,-0.02202346826916566,nan,nan,nan,0.0,0.0,0.01379602133324054,0.27722772931510486,-0.036575846061056544,0.47270495344305813,5291.027272534102,5298.340602002012,5283.821428369227,5288.69690627431,"1,1,5",0
353,54496773,38.91777300000025,0.0004294511762071713,0.0007726601570199203,-3.9960982223107574e-05,0.26424405,1264.0,1263.6476849387973,1265.0,1263.0,0.0,0.0,0.0,0.0,0.0,0.0,0.0,0.0,-0.0022049210521785335,-0.017158526548352815,-0.001364228081562168,7.471789394261456e-05,0.29068282282678004,-9.791057100425078,16.120166807283006,24.895443822968627,101131.5359328234,0.9996629412851628,-0.013527580990623277,0.0017686227334804193,-0.022088647399889687,nan,nan,nan,0.0,0.0,0.015086048,0.2763498821564397,-0.03478824924288604,0.47213637322184765,5289.922219995158,5295.163938159058,5295.736326684568,5279.7946830810815,"1,1,5",0
354,54546773,38.96777300000025,-0.0007240754218615041,0.00045191951250930757,-0.00025943061733432613,0.2640843882352941,1264.0,1262.0,1264.0,1264.0,0.0,0.0,0.0,0.0,0.0,0.0,0.0,0.0,0.010462481164349552,-0.011915715802879841,0.0028260194396027803,0.04673217514299901,0.2563074619463754,-9.913955176266137,16.112683544707885,24.8954483716949,101131.62555830431,0.9996650001201635,-0.013489650740687335,0.0015173744052631578,-0.02203400197813026,nan,nan,nan,0.0,0.0,0.015086048,0.27639548481238646,-0.036495437774863734,0.4699617923572162,5292.525798688676,5280.46447356303,5292.081672293489,5291.269073590979,"1,1,5",0
355,54596773,39.017773000000254,-0.00011828609493854608,0.00018297135631776168,-0.0006138897791656257,0.2642686018735948,1263.0,1263.0,1264.5469296055917,1264.0,0.0,0.0,0.0,0.0,0.0,0.0,0.0,0.0,-0.0045658278619570645,0.00021953850973539693,0.0060662982109336,0.052464410919121324,0.2789923554892661,-9.785997383674488,16.081363117445903,24.895453823736155,101131.98128863727,0.9996687438570365,-0.013326203841648052,0.0014142874966741126,-0.02197436126880119,nan,nan,nan,0.0,0.0,0.015086048,0.277243811455401,-0.03602576758921864,0.4715152188174351,5290.709273754783,5283.065791357504,5292.220774047892,5293.420223168948,"1,1,5",0
356,54646773,39.06777300000026,0.0005356688427558202,-0.0009356017496643205,-0.00032483333578234975,0.2641542946724418,1262.0,1264.0,1263.9437077131258,1264.0,0.0,0.0,0.0,0.0,0.0,0.0,0.0,0.0,-0.005351462272259811,0.012226636047496617,0.002570411843031123,-0.01895710187036536,0.2563318472503383,-9.620309377537213,16.064796350642844,24.895460766167428,101132.17766167429,0.99966586,-0.013547768,0.0016278303,-0.021956695,nan,nan,nan,0.0,0.0,0.01532241995904151,0.27676357331801665,-0.036262487211245246,0.4719858541459543,5278.549463256864,5295.6995101114735,5293.639703857421,5292.075512532565,"1,1,5",0
357,54696773,39.117773000000255,-0.000706066449943597,-0.00013250992543840533,-2.2125777466991403e-05,0.26462907,1264.6289227616242,1264.0,1263.3710772383758,1265.0,0.0,0.0,0.0,0.0,0.0,0.0,0.0,0.0,0.010527003942827842,-0.00453134498956544,-0.002012790257210614,0.06739092601845917,0.19569605064094348,-9.740116255608255,16.078735847159244,24.895468424646573,101132.02471792478,0.9996677262009741,-0.01350530628909254,0.0016583690692899256,-0.021893621597154574,nan,nan,nan,0.0,0.0,0.015572496090062999,0.27713201918142033,-0.036245146357668595,0.4730259459667794,5289.016485495341,5288.856356158037,5295.317604980448,5298.4496690314845,"1,1,5",0
358,54746773,39.16777300000025,0.0039611074880981,-0.2600973739648954,-0.004133905612647271,0.3766503213993748,1184.9889602053915,1559.022079589217,1198.977920410783,1561.022079589217,0.0,0.0,0.0,0.0,0.0,0.0,0.0,0.0,0.006747173953812846,-0.14286888598989655,0.0010113011925908107,-0.001496244600481116,0.2539032844310801,-10.412582509020929,16.085458375679153,24.895467256112383,101131.94853025807,0.9996716069784173,-0.013200127920863308,0.0011399814413669065,-0.021934654683453236,nan,nan,nan,4.259885045260168,-0.1867963275784749,0.00895485703874966,0.27939212626296583,-0.034921065452010985,0.47276671954573407,4647.853400989162,7785.5885596274675,4761.241756648235,7810.39720594926,"1,1,5",0
359,54796773,39.21777300000026,0.001592257964484877,0.05071356665902647,-0.00343302119907845,0.35857353,1389.6042060491493,1319.8842155009452,1398.6042060491493,1324.3957939508507,0.0,0.0,0.0,0.0,0.0,0.0,0.0,0.0,0.044428565302457465,-4.362878667296786,0.0005259907267485824,-0.017755535442344046,0.1792064284404537,-15.273975342155008,16.099520787069746,24.895428609833786,101131.7835487732,0.9978968822537276,-0.01389585584637008,-0.05950040821755072,-0.02115027722268394,nan,nan,nan,9.309774851865706,-0.4082344322520901,0.0010635855687293385,0.3335550239573244,-0.03402944800834332,0.43100455251594344,5909.992604305838,6746.2526218142875,6032.922340267477,6792.080514856385,"1,1,5",0
360,54846773,39.26777300000026,-9.892931305169038e-07,0.10697355228074473,-0.0019960120645271923,0.3149714,1388.364927749204,1236.7080578006369,1392.2919421993631,1240.635072250796,0.0,0.0,0.0,0.0,0.0,0.0,0.0,0.0,0.06801815016560508,-4.357356858892699,-0.011511615406418423,-0.045198673260166584,0.198054003733464,-13.360627149436551,16.129438865631773,24.895327809925675,101131.42272936668,0.9855044869943751,-0.014625196600635854,-0.16788089080948887,-0.019529982903643925,nan,nan,nan,9.991396962068317,-0.4138412107782841,0.0,0.44078115867572704,-0.033284836828054845,0.3192305142094406,6621.250751467132,5295.4984151802055,6680.372543629909,5339.729620697764,"1,1,5",0
361,54896773,39.31777300000026,-0.0019739592660418695,0.14315814566455698,-6.823187858812074e-05,0.2991395800194742,1401.1090289608178,1195.6364078851302,1398.5453881723047,1198.6364078851302,0.0,0.0,0.0,0.0,0.0,0.0,0.0,0.0,0.06947220850085178,-3.328339366050134,-0.013444298258943782,-0.04639371559552203,0.2252203534631297,-12.11278592917985,16.13041738628907,24.89519465400334,101131.39078196052,0.9626842262806506,-0.014834446733430444,-0.2696090479606701,-0.01786780181039087,nan,nan,nan,9.992550382086714,-0.3858267760429384,0.0,0.5069719369890782,-0.03318347157893842,0.204240878503251,6829.636562276721,4627.495118581212,6831.218549361347,4665.782678737452,"1,1,5",0
362,54946773,39.367773000000255,-0.0009588745286433491,-0.07341225714228934,-0.0006508887449496555,0.2959277231690514,1243.4080063626723,1345.761134676564,1243.661717921527,1348.338282078473,0.0,0.0,0.0,0.0,0.0,0.0,0.0,0.0,0.03229868257551669,0.06382704322734499,-0.0059848283980922104,0.01626790745310016,0.2135827440699523,-10.953121327503975,16.137735663137086,24.895067634169735,101131.30790387928,0.9533513843550955,-0.014044667642515923,-0.30104662993895964,-0.01717403433014862,nan,nan,nan,9.994100614405717,-0.3405939714386911,0.0,0.5220814394016736,-0.03143317653280335,0.16339513433179917,5471.86759594256,5844.61891082027,5467.095289790635,5864.0637684126095,"1,1,5",0
363,54996773,39.41777300000026,0.002476058742713955,-0.040842781995116935,0.0008863289407607299,0.30056208,1270.1092264199435,1331.8907735800565,1272.1092264199435,1326.5294268825494,0.0,0.0,0.0,0.0,0.0,0.0,0.0,0.0,0.02341560024486125,-0.5238847476695787,-0.014320353943216856,-0.12018001937821171,0.2501946870657759,-10.959329051387462,16.137505543009013,24.894962466231018,101131.3272814304,0.9535754266752445,-0.01349696735923829,-0.30035198865156976,-0.01732742339372105,nan,nan,nan,9.995610362399896,-0.2962745401084601,0.0,0.5218667744303797,-0.03162462472682728,0.16416028938015517,5271.25648923712,6122.447176559298,5295.551086063178,6082.515457272324,"1,1,5",0
364,55046773,39.467773000000264,-0.0038188346741458443,0.05809181896481387,0.0001915953815655278,0.306507257654258,1349.9127773527161,1262.043611323642,1343.9127773527161,1267.0,0.0,0.0,0.0,0.0,0.0,0.0,0.0,0.0,0.08231723582865885,-1.5023589489036207,-0.007802507128913819,-0.2652037930953595,0.29104159888322284,-10.646410106068332,16.1506995497634,24.894889010502826,101131.15433886046,0.9436964203784198,-0.012568793433137306,-0.3301491018767579,-0.01673254679647149,nan,nan,nan,9.995566739594812,-0.2977375158266292,0.0,0.5302569873043111,-0.03141986898922232,0.13320148955663566,6087.090823660945,5424.517220919824,6041.324671707402,5456.466554001321,"1,1,5",0
365,55096773,39.51777300000026,-0.0003829537794351954,-0.004561968402145764,0.000831151193094093,0.3145168127155013,1312.0889135528425,1318.0499445061043,1309.316685164632,1316.5944012825255,0.0,0.0,0.0,0.0,0.0,0.0,0.0,0.0,0.0010683716466888642,-0.26761757838081146,-0.0157992739145394,-0.5204756787766679,0.18980411268097178,-10.655320502774694,16.160300869196906,24.894847904783045,101131.04230126142,0.9356492128194701,-0.011831587998151571,-0.35235546000369683,-0.016313766503019102,nan,nan,nan,9.995523116789728,-0.29920049154479833,0.0,0.5372202772094654,-0.03129306909623138,0.10806438662050832,5973.490844465833,5728.218519649513,5938.198292765603,5736.036394706445,"1,1,5",0
366,55146773,39.56777300000026,0.0017948389770045387,-0.060667999309127585,-7.457088832324763e-05,0.32516270501765,1280.0,1368.9414880201766,1282.9707440100883,1365.9414880201766,0.0,0.0,0.0,0.0,0.0,0.0,0.0,0.0,-0.02984694990922844,0.42654038343419065,-0.0023530899040166415,-0.844539708396369,0.27204801684568836,-10.844690241679274,16.154276014568023,24.894840474354016,101131.11037709266,0.9374167322824717,-0.012099040168978562,-0.3475942288776797,-0.016783231322824717,nan,nan,nan,9.995433809944451,-0.3021465785364068,0.0,0.5356898803318726,-0.029365001113559972,0.1099346486648513,5562.768021129057,6349.881361662124,5576.484021772779,6316.105554000563,"1,1,5",0
367,55196773,39.61777300000026,-0.001501487534657123,-0.022610869276148696,0.0006791246379589009,0.33088765,1315.9884259259259,1346.023148148148,1312.482638888889,1347.0115740740741,0.0,0.0,0.0,0.0,0.0,0.0,0.0,0.0,0.015406310918725468,-0.17568699521588546,-0.0029864391053798203,-1.2535509498037405,0.24017460929577467,-10.935477974370816,16.216838386550037,24.89486404907366,101130.36098147318,0.9383999161174784,-0.012100897250716332,-0.3449176986676218,-0.017056042423113656,nan,nan,nan,9.995337052569836,-0.3053345435232719,0.0,0.5346214346187939,-0.030286005800109556,0.1160963014939495,5756.673295217283,6316.589396678032,5745.824401930838,6316.723819798524,"1,1,5",0
368,55246773,39.66777300000027,-0.001809596392851933,-0.014645002613907124,0.0005749976712618527,0.336062731988816,1326.851203501094,1345.2231947483588,1322.925601750547,1346.2231947483588,0.0,0.0,0.0,0.0,0.0,0.0,0.0,0.0,-0.00018402785357838345,-0.1813207067137293,-0.006351291843670886,-1.5926078421129504,0.15066626302093475,-10.771448072297956,16.137051318306675,24.894912752586155,101131.33505172313,0.9355277029359096,-0.011698392219132894,-0.352655354797361,-0.016894996667295006,nan,nan,nan,9.995235503953037,-0.30863326384436657,0.0,0.5346793669913477,-0.030184895340718408,0.10854238542999475,5999.085099657153,6203.474303859183,5962.051613597783,6229.603569215243,"2,4,10,0,0",0
369,55296773,39.717773000000264,0.0017499350150871702,-0.0650854491754582,0.00017183629924228877,0.34136105,1293.9389944134077,1388.5915083798882,1295.9389944134077,1385.0610055865923,0.0,0.0,0.0,0.0,0.0,0.0,0.0,0.0,-0.058227256098346,0.47169812793696914,-0.0068127556219713895,-2.0459319018775144,0.2150825022016093,-10.65114212673223,16.202045393332966,24.894979001658466,101130.5516468572,0.9368803707075892,-0.012311902186383929,-0.3489993797410714,-0.017402852671651786,nan,nan,nan,9.99513320821039,-0.3119492548793527,0.0,0.5340290671333825,-0.028899118121087537,0.11249818274436643,5734.268543186823,6590.65550361548,5737.6585886460225,6561.831530275542,"1,1,5",0
370,55346773,39.76777300000026,-0.0002930795822663395,-0.0745206005041267,-3.8251978454160166e-05,0.3440861865960294,1291.1267825311943,1395.8732174688057,1291.0,1396.8732174688057,0.0,0.0,0.0,0.0,0.0,0.0,0.0,0.0,-0.020827567286097453,0.40947671805990166,-0.009549429007822978,-2.5797582190433617,0.24050326144389808,-10.696449473178365,16.165113436114964,24.89506613201189,101130.98482140733,0.9409019677302346,-0.012797409683318854,-0.3379641512597741,-0.017887423243918333,nan,nan,nan,9.994910258513807,-0.3189244603031157,0.0,0.5323188053901452,-0.028443770469493607,0.1268222503171209,5599.674127124514,6795.439043603176,5602.235541015846,6789.81550136702,"1,1,5",0
371,55396773,39.817773000000265,-0.0019517899601516635,-0.06135345390728963,-0.00020550981762964773,0.3434500651492172,1300.361213010516,1385.0,1298.361213010516,1388.0,0.0,0.0,0.0,0.0,0.0,0.0,0.0,0.0,-0.020897440055175784,0.13714970427001952,-0.00304455558934082,-3.1494281453857425,0.26711523719726565,-10.49730597290039,16.129945352960885,24.89515929904424,101131.41269051138,0.9425519991202346,-0.01279178355718475,-0.33332628875855325,-0.01804835486803519,nan,nan,nan,9.994676782948234,-0.3262188961375896,0.0,0.5308133500781708,-0.03003303460601915,0.1326742727447723,5687.259952734496,6706.547154931402,5662.72904116226,6734.592655883561,"1,1,5",0
372,55446773,39.86777300000027,0.0014707091490367777,-0.08168606258318739,-0.00020450517726795098,0.3424388647460595,1283.0820615461596,1400.9179384538404,1285.0820615461596,1398.9179384538404,0.0,0.0,0.0,0.0,0.0,0.0,0.0,0.0,-0.06580067045822911,0.33523887087043525,-0.00253505675917959,-3.5224590085542773,0.240772652006003,-10.121364417208603,16.13493196216063,24.89525462177656,101131.35610791789,0.9440356841432866,-0.013624869206412826,-0.32904379525300603,-0.01847185681262525,nan,nan,nan,9.994507514443502,-0.33134512130995597,0.0,0.5306980059023577,-0.030071367015338767,0.1379667294995179,5574.227493675329,6801.746940406638,5587.174862498738,6791.793368433638,"1,1,5",0
373,55496773,39.91777300000027,0.0014873849817335814,-0.10467456938314278,-0.0009743117110342993,0.34116575,1264.3344855091732,1414.6655144908268,1268.3344855091732,1414.6655144908268,0.0,0.0,0.0,0.0,0.0,0.0,0.0,0.0,-0.05154802745911448,0.4932642794149714,-0.0010159622515024597,-3.9203630887116074,0.17174123472144662,-9.95825693484909,16.10948088172187,24.895352458184597,101131.65076075212,0.9474595416666667,-0.014763682194444445,-0.3189594863888889,-0.019146459444444444,nan,nan,nan,9.994342901019541,-0.3363141488839113,0.0,0.5280050434161516,-0.02865390305456183,0.14964594786828211,5356.790885765739,6980.434850024868,5389.8574204825645,6964.946269312326,"1,1,5",0
374,55546773,39.967773000000264,-0.002506207896524909,-0.10462444208019442,-0.0008141667602138518,0.33733883844957474,1264.0,1408.074362089915,1262.0371810449574,1413.074362089915,0.0,0.0,0.0,0.0,0.0,0.0,0.0,0.0,-0.007942720951456312,0.3102280641534454,-0.006300995408430026,-4.436826408240588,0.13079461852237745,-9.740459360880891,16.05878186727123,24.895445861500413,101132.26248145095,0.9504111369118718,-0.014847972037144937,-0.31003984793153677,-0.019326225994173343,nan,nan,nan,9.99432,-0.33700544,0.0,0.5239519028520322,-0.03006768044191593,0.16162411428699194,5298.359999804564,6970.847172631517,5284.400285644282,7008.864568945228,"1,1,5",0
375,55596773,40.01777300000027,0.0009853976459040959,-0.10663851098026973,-0.00058909229754995,0.33387133,1256.536963036963,1409.0,1259.0,1408.463036963037,0.0,0.0,0.0,0.0,0.0,0.0,0.0,0.0,-0.05846054871378621,0.225928171510989,-0.008182779326673327,-4.71124293981019,0.17276945448551448,-9.585893690559441,16.04037782565617,24.895534493035182,101132.47152992831,0.9519857811419985,-0.015356360858001503,-0.30512614528925625,-0.01962725541472577,nan,nan,nan,9.99432,-0.33700544,0.0,0.5216777004655688,-0.0312109463505988,0.16609252655838322,5232.191515087181,6948.28074116234,5246.428789477099,6953.103356274394,"1,1,5",0
376,55646773,40.06777300000027,0.0015360901493266833,-0.12196529206583541,-0.0011389337269825436,0.3296667,1240.9556109725686,1415.0443890274314,1244.9556109725686,1415.0887780548628,0.0,0.0,0.0,0.0,0.0,0.0,0.0,0.0,-0.047935952597506236,0.3156206078603491,-0.000938987473915212,-5.169024449326683,0.19596753655860347,-9.133312133665834,16.069586851726733,24.89561468718028,101132.11554512287,0.9538067786483103,-0.016589302979224032,-0.29928523925907385,-0.020142053120650816,nan,nan,nan,9.994200760327066,-0.3404841089463458,0.0,0.5186178564326107,-0.02998283466493874,0.17541190853675778,5076.2075505605435,7011.954929004225,5121.094606639745,7005.275506274916,"1,1,5",0
377,55696773,40.11777300000027,-0.001079369708960726,-0.12834472192683966,-0.0005148678294995037,0.3262629247114703,1235.0,1414.7917493620641,1234.7917493620641,1417.7917493620641,0.0,0.0,0.0,0.0,0.0,0.0,0.0,0.0,-0.020124482438031763,0.25704037292824733,-0.007124727194171866,-5.37929296515882,0.2446596058224617,-9.079263682855927,16.078622753818056,24.89568832444721,101132.01683363774,0.9557952843829787,-0.01694404633829787,-0.29283371677304965,-0.02041457916099291,nan,nan,nan,9.994060603675443,-0.34457300469408403,0.0,0.5148530966231817,-0.0303128405652482,0.18209984343016714,4978.892005663758,7019.251681982318,4989.824989965291,7048.72191938475,"1,1,5",0
378,55746773,40.16777300000027,0.0005122300963274675,-0.12787520466717675,-0.0007858701703136955,0.322427,1230.0,1412.0,1233.0,1413.0564377271858,0.0,0.0,0.0,0.0,0.0,0.0,0.0,0.0,-0.045769573622413795,0.14727090416858238,-0.005490371788131418,-5.631199428946361,0.161875816894636,-8.633279314176246,16.056688569710317,24.8957521163815,101132.29095855216,0.9569493717899579,-0.01735840400459946,-0.28899428535837485,-0.020710859458029897,nan,nan,nan,9.993899087479363,-0.34921153948005623,0.0,0.5127326736747759,-0.0313907595919761,0.18828926958600087,4925.300710351232,6995.366415380788,4943.368677001858,7004.9985778317905,"1,1,5",0
379,55796773,40.21777300000027,0.0011393195511399787,-0.13241946521474018,-0.0005298364479056204,0.31950636918080594,1224.0,1413.0,1226.6328207847296,1412.0,0.0,0.0,0.0,0.0,0.0,0.0,0.0,0.0,-0.04840634053870626,0.11486027987804877,-0.01770808996208908,-5.721591459941676,0.15205235597560976,-8.4853195,16.03416926687528,24.895806725078227,101132.5557934734,0.9576408395555556,-0.01834871631111111,-0.2866021346666667,-0.021133015844444446,nan,nan,nan,9.993734503169394,-0.35392902516173086,0.0,0.5143290419273019,-0.030274227053981424,0.188124705321767,4854.025916308212,6989.744755029323,4888.952817968312,6992.894392163163,"1,1,5",0
380,55846773,40.267773000000275,1.5009232727272964e-06,-0.13552888672727273,-0.0014925182963636365,0.3173663472727273,1219.065601965602,1411.0,1223.0,1414.065601965602,0.0,0.0,0.0,0.0,0.0,0.0,0.0,0.0,-0.03948709713710073,0.07489266058181819,-0.006606532813022113,-5.729805821474201,0.20450882612776414,-8.402421629975429,16.028173508664246,24.89585712040121,101132.61682211161,0.9581441697102873,-0.019032643031426467,-0.284850831834029,-0.02139326691357722,nan,nan,nan,9.993615669087136,-0.35726262451244817,0.0,0.5117833389041792,-0.031253356073167635,0.19222606403353515,4796.104561669667,6986.142302929589,4829.538547240977,7009.77735517586,"1,1,5",0
381,55896773,40.31777300000027,0.0005612807843358704,-0.13592953872329977,-0.001311464155069973,0.31560141406334397,1217.4728300958939,1410.0,1221.0,1412.0,0.0,0.0,0.0,0.0,0.0,0.0,0.0,0.0,-0.045474248908286205,0.010609376716498649,-0.0074986172815343,-5.821285770223752,0.25524518385296285,-8.247270922793215,16.030952,24.895902683105092,101132.58421026311,0.9582668153007611,-0.01959585305106801,-0.2843815257549718,-0.021632054230788116,nan,nan,nan,9.993501256102025,-0.3604624912848833,0.0,0.5111985513259039,-0.031639193572294305,0.19381551155570018,4768.120330718831,6969.210467224036,4803.336455444316,6994.131229064703,"1,1,5",0
382,55946773,40.36777300000027,0.001693800685538684,-0.1351893768835864,-0.0006555181608146541,0.31416872442034227,1216.0,1410.0,1220.0,1409.0,0.0,0.0,0.0,0.0,0.0,0.0,0.0,0.0,-0.04766344586984815,-0.04256247872234273,-0.013716951193058567,-5.862661485900216,0.2576970175704989,-8.086528242950108,16.020411876941022,24.895942594043888,101132.7169282642,0.9579105524224201,-0.020577985443589127,-0.2854812366177532,-0.02200866511907626,nan,nan,nan,9.99343038850601,-0.3624193328315392,0.0,0.5126727467741935,-0.033143056052631584,0.19364329469694397,4746.841861279191,6963.394968090771,4792.970844799759,6961.094904565394,"1,1,5",0
383,55996773,40.417773000000274,0.0004055356404202297,-0.13653944334962131,-0.0007959098483190813,0.31377375,1215.4520146520147,1409.4520146520147,1218.0,1410.0,0.0,0.0,0.0,0.0,0.0,0.0,0.0,0.0,-0.025134211554361106,-0.06262484809675055,-0.01891112677791351,-5.900491706963108,0.20559259451746884,-7.944353741290008,16.009813650820263,24.89598139863489,101132.84401149563,0.9573662961641828,-0.02128324230051307,-0.28722031206938675,-0.022387954318348398,nan,nan,nan,9.993362039699266,-0.36430427426040896,0.0,0.5119793587250434,-0.03220457900032884,0.1918315335218678,4740.471912182729,6959.945275659173,4770.652152343603,6960.137663354535,"1,1,5",0
384,56046773,40.46777300000028,-0.0008056429534283533,-0.13596900394502417,-8.575920700483583e-05,0.31480030875540854,1219.0,1410.0,1218.0,1411.0,0.0,0.0,0.0,0.0,0.0,0.0,0.0,0.0,-0.006086226417216861,-0.10331961724225494,-0.014950785273743017,-5.8891345675723725,0.1852307050050787,-7.772938626409345,16.027572184269665,24.896019179026215,101132.63229692883,0.9565936802650727,-0.021306912448024948,-0.28975683807692304,-0.02270583557432432,nan,nan,nan,9.993162369368283,-0.3696998328554786,0.0,0.5133828513722555,-0.03255205137724551,0.18868224915003326,4768.509686401394,6960.898423242209,4764.2086116701275,6972.894476367204,"1,1,5",0
385,56096773,40.517773000000275,0.0005056564488360451,-0.13431612800500625,-0.0006159200506007509,0.3156624,1219.0,1410.0,1221.0,1410.0,0.0,0.0,0.0,0.0,0.0,0.0,0.0,0.0,-0.03178016248310388,-0.13160604054818523,-0.010964316744931164,-5.818774693291615,0.17164314131414268,-7.7350558123153945,16.01827977004499,24.89605703556294,101132.7534950996,0.955537222398598,-0.021756772957936907,-0.2931587447921883,-0.023091111772658986,nan,nan,nan,9.992937402008637,-0.3757716566980014,0.0,0.5155517656920078,-0.0287949287794272,0.18404573407107513,4777.193455835021,6961.404387304742,4799.029125122215,6967.00315139162,"1,1,5",0
386,56146773,40.56777300000027,0.0006034811759141302,-0.13320368515420278,-0.0001663703159346906,0.3170882055916146,1222.0,1411.127393670631,1223.0,1410.127393670631,0.0,0.0,0.0,0.0,0.0,0.0,0.0,0.0,-0.02643541073467742,-0.1444451786592742,-0.020998920903427417,-5.891128183266129,0.17619752332258065,-7.738704462016129,15.988410885491358,24.896096287012348,101133.11536444444,0.9542698598226165,-0.022373474389437615,-0.2971750055029228,-0.023568505000604718,nan,nan,nan,9.992663493775504,-0.38292748413965244,0.0,0.5148665264115524,-0.030880148401444044,0.1838349511191336,4804.098594866153,6974.57859661012,4821.623426967104,6965.914223074854,"1,1,5",0
387,56196773,40.61777300000028,-0.0006601927397080292,-0.13346405154744526,-8.803252953284672e-06,0.31936377,1225.0,1413.0,1224.0,1414.0,0.0,0.0,0.0,0.0,0.0,0.0,0.0,0.0,-0.012324097364443905,-0.13756394455098564,-0.01995665539717693,-5.829651586176685,0.226911182825505,-7.582648774592358,15.97319446469774,24.896136062067374,101133.298655976,0.9530229740126459,-0.02275167491536965,-0.30108173314445524,-0.024071278178745138,nan,nan,nan,9.992380750440168,-0.3902790024610063,0.0,0.5177224247076468,-0.029308382094031214,0.17893960718688867,4831.3802563478475,6995.255254882844,4831.678803711002,6987.250537109605,"1,1,5",0
388,56246773,40.66777300000028,3.724096672890219e-05,-0.1316578643017177,0.0002546168179985063,0.32208976973114267,1228.9810851169736,1414.9810851169736,1227.9810851169736,1414.0,0.0,0.0,0.0,0.0,0.0,0.0,0.0,0.0,-0.020111193294102363,-0.15734454276955054,-0.01752044439334892,-5.903817000701481,0.1962076609353079,-7.684864103299558,15.975734473325003,24.896177810689224,101133.25733876765,0.9516752600548082,-0.022926917662182363,-0.3052771881016442,-0.024383565997508717,nan,nan,nan,9.99207074440907,-0.398065796802086,0.0,0.5181219340249787,-0.030360172973845342,0.17439156152751306,4872.856324975769,7004.403751196429,4867.703909961182,7013.540968457024,"1,1,5",0
389,56296773,40.71777300000028,0.002157040146830416,-0.1316013135461097,0.0006909854192675394,0.3240299176246507,1230.0,1419.0,1231.140214359125,1414.140214359125,0.0,0.0,0.0,0.0,0.0,0.0,0.0,0.0,-0.04775711205176471,-0.14855805944558825,-0.02157033188617647,-5.840442195294117,0.20920298787794117,-7.589573113661765,15.977258124898126,24.896223403131913,101133.2430536151,0.9502845240732728,-0.02356522895672869,-0.30948394041684696,-0.024975612217077742,nan,nan,nan,9.991758238305435,-0.4058925072847126,0.0,0.5196979075042881,-0.029241468446826756,0.17127667267581476,4899.238430053789,7042.4011245364245,4911.61751396509,7016.883887085032,"1,1,5",0
390,56346773,40.767773000000275,-0.0003266321204204351,-0.13159495372525054,-0.00043190687285260326,0.3267384165387436,1233.0,1419.0,1233.0594686814527,1420.0594686814527,0.0,0.0,0.0,0.0,0.0,0.0,0.0,0.0,-0.016584708493522365,-0.13080399968222928,-0.010953848625274994,-5.926096047543388,0.11869014103397701,-7.6438851720361765,15.963643238168046,24.896274798794582,101133.38967437684,0.9489558684245439,-0.024214848864013268,-0.3134474078606965,-0.025443084927031512,nan,nan,nan,9.991717,-0.40692532,0.0,0.5217969353044319,-0.03028926569695568,0.1677130046131528,4929.500947485565,7065.675620117293,4943.772302417075,7062.377115356624,"1,1,5",0
391,56396773,40.81777300000028,-0.0004511540059432387,-0.13150478679465774,0.0007354109145242069,0.32938375297161937,1236.5572210325959,1422.5572210325959,1235.0,1421.5572210325959,0.0,0.0,0.0,0.0,0.0,0.0,0.0,0.0,-0.006552030148307105,-0.12612300431568907,-0.024127586201239868,-5.903982807439198,0.17820141659990463,-7.582068168049595,15.928410510507414,24.896325469064465,101133.80303710485,0.9477389009017341,-0.02432572477618497,-0.3170663098057803,-0.025849262508901735,nan,nan,nan,9.991717,-0.40692532,0.0,0.5217340224961383,-0.02910704044002839,0.162938452410554,4971.434841601786,7093.053161499217,4961.661454443501,7090.440544726672,"1,1,5",0
392,56446773,40.867773000000284,0.000776201085146771,-0.13098611020792564,0.0003608212235601761,0.3323213,1238.8642035723024,1425.0,1239.1357964276976,1423.1357964276976,0.0,0.0,0.0,0.0,0.0,0.0,0.0,0.0,-0.031058909698801075,-0.11724159570834353,-0.01489103758233423,-5.902662703058478,0.14879151301198923,-7.70004262160509,15.943955730899978,24.896380411876688,101133.63658365548,0.9464939298974109,-0.024739761068392773,-0.3206908689716659,-0.0263534961802638,nan,nan,nan,9.991423232130646,-0.4140056955796227,0.0,0.5231694459536512,-0.028129680957278816,0.1613047068644104,5001.169080517671,7126.392167700323,4998.792433545127,7109.115593554869,"1,1,5",0
393,56496773,40.91777300000028,0.0006293826460194175,-0.13249363,0.0006515617533383121,0.33483693,1241.0,1429.0,1240.3578187250996,1427.0,0.0,0.0,0.0,0.0,0.0,0.0,0.0,0.0,-0.023216951802340055,-0.09090757560119492,-0.02047951985287528,-5.9161887645008715,0.2520049296987802,-7.5652766662683595,15.959246815368767,24.896439674908475,101133.44792335854,0.9453995858826455,-0.025260111201889607,-0.323817953157633,-0.026899701584286426,nan,nan,nan,9.991104459756244,-0.42168872824122117,0.0,0.5246923210856448,-0.029934828671379685,0.1581058238112392,5023.673619116373,7163.053334082336,5021.470168457098,7144.962439087154,"1,1,5",0
394,56546773,40.96777300000028,-0.0003138131887439367,-0.13279649051314782,0.001105167772070462,0.3376224,1244.9425580801633,1432.0,1242.0,1430.0574419198367,0.0,0.0,0.0,0.0,0.0,0.0,0.0,0.0,-0.023596278837120243,-0.09307614027827418,-0.023021151831503703,-6.069634129154966,0.13641524683941794,-7.637635596400306,15.953907134391597,24.896498585247958,101133.5244891687,0.9444213681992337,-0.02556564714942529,-0.32659050965517245,-0.02744858864367816,nan,nan,nan,9.990688355276228,-0.4313215259881944,0.0,0.5247147398810076,-0.029138929206034617,0.15658456163498688,5055.64291894548,7200.340744652193,5040.5539950244765,7187.411958752035,"1,1,5",0
395,56596773,41.01777300000028,0.001011351801468765,-0.13152365370052455,0.0001789989760419647,0.3396175,1246.0,1433.0,1247.0,1431.0,0.0,0.0,0.0,0.0,0.0,0.0,0.0,0.0,-0.030252452025316456,-0.09464454261523765,-0.014631247275615,-6.0495305572008595,0.16078211113685217,-7.654378477668976,15.93085837972811,24.896559075609755,101133.78749680128,0.9434275092080153,-0.026065885335639315,-0.32937144484494274,-0.02792342019250954,nan,nan,nan,9.99026522545274,-0.441095056017995,0.0,0.5250683837827556,-0.029711861309459266,0.15295707722214297,5079.706494018671,7219.33728718283,5084.80829658228,7206.684528759831,"1,1,5",0
396,56646773,41.06777300000029,0.0010651753595102647,-0.13275972552559978,0.000705888376532278,0.34235358,1248.0,1437.0,1248.0,1434.0,0.0,0.0,0.0,0.0,0.0,0.0,0.0,0.0,-0.020393086591772153,-0.07204228914556962,-0.01577441164873418,-6.161967669303798,0.16571226110759493,-7.408078473101266,15.903216297262963,24.89662281291142,101134.11164857374,0.9424263970042089,-0.02666285696929933,-0.3321321530180738,-0.02845874726739292,nan,nan,nan,9.989852541762009,-0.4502932769955735,0.0,0.5258902157621275,-0.028680425565868403,0.151830318109206,5105.316105057795,7259.969202097226,5110.8836082698745,7234.841496171192,"1,1,5",0
397,56696773,41.117773000000284,-0.0004447180436496719,-0.13468246115598181,-8.314086649167087e-05,0.34450588,1249.0,1439.0,1248.4782937910147,1439.4782937910147,0.0,0.0,0.0,0.0,0.0,0.0,0.0,0.0,-0.010003634614869982,-0.051999312370613476,-0.009343452069426912,-6.190095922923504,0.25534467193385507,-7.59031513016915,15.870092446244866,24.896686273919432,101134.50898349474,0.9417257846107179,-0.02687835166430738,-0.3340583979322548,-0.02889702381926188,nan,nan,nan,9.989441866195707,-0.45938090277121074,0.0,0.5261090956273347,-0.027914313377719182,0.14903223797495055,5126.993157275483,7288.4773645021305,5112.237184668089,7286.553174853704,"1,1,5",0
398,56746773,41.16777300000028,0.0014335327822822823,-0.13383646154654655,1.5495214165165165e-05,0.346440666996997,1250.062062062062,1442.0,1252.062062062062,1440.0,0.0,0.0,0.0,0.0,0.0,0.0,0.0,0.0,-0.03350293769662078,-0.056862108523153945,-0.013180181937421778,-6.148884865481852,0.2302230244505632,-7.521219899674594,15.895002394915254,24.896750711943238,101134.21726890028,0.9409659876311844,-0.027344851445277363,-0.33611310137931033,-0.029381600532233883,nan,nan,nan,9.988985059492391,-0.4691356508674017,0.0,0.5269254798717241,-0.02777873749810984,0.1474099111103088,5141.416119116246,7317.562662060753,5149.647671313637,7303.204587988339,"1,1,5",0
399,56796773,41.217773000000285,0.000484183716516129,-0.13419761996774193,0.0008733573572580646,0.3486069271129032,1253.558241252302,1444.0,1253.0,1442.0,0.0,0.0,0.0,0.0,0.0,0.0,0.0,0.0,-0.016905584517424417,-0.05762158305331179,-0.019665668131779366,-6.2294809442187855,0.21106196316178166,-7.638029200692361,15.898292718260263,24.89681625012576,101134.1877946059,0.9402348174027716,-0.027897208982565935,-0.33806360627626286,-0.029887076939651317,nan,nan,nan,9.98851928091716,-0.47902014508298474,0.0,0.5260715731510459,-0.028959481233075277,0.14629644786031956,5164.2254810060585,7341.209272436682,5168.308793408196,7325.992919629073,"1,1,5",0
400,56846773,41.26777300000029,-0.0010456960418052256,-0.13628965095011877,-0.0006278985605463182,0.35046658,1254.0,1445.0,1253.8838743731856,1448.0,0.0,0.0,0.0,0.0,0.0,0.0,0.0,0.0,-0.001726464894699367,-0.029350552431962024,-0.009856470015559072,-6.295680483913502,0.1945541974841772,-7.675128372020042,15.846110539033049,24.89687858595323,101134.812018446,0.9396269527315915,-0.028026168961995248,-0.3397157659857482,-0.030147631964370546,nan,nan,nan,9.988189380700575,-0.48582178810367144,0.0,0.5271726398760581,-0.02769285260431771,0.1452554959006035,5175.816782959019,7360.456633667236,5171.288288208075,7374.221195776416,"1,1,5",0
401,56896773,41.31777300000029,0.0011063614728002856,-0.13554069252900233,-1.462057328038553e-05,0.35223696,1255.0,1448.528109941103,1256.471890058897,1447.0,0.0,0.0,0.0,0.0,0.0,0.0,0.0,0.0,-0.028820962888492417,-0.05094855952363961,-0.006723377903657448,-6.3253258590544155,0.15307394859946474,-7.569517982247993,15.812858274419982,24.89694373600553,101135.21156343173,0.9390684554715636,-0.02847315070921733,-0.34118437740773755,-0.03054533224852915,nan,nan,nan,9.987871302415186,-0.49235521140867544,0.0,0.5267430025604742,-0.02876644636638302,0.14559476072855915,5184.2317896973545,7396.595645532342,5199.376210791185,7382.012913916075,"1,1,5",0
402,56946773,41.367773000000284,0.0008603910164088398,-0.1359008723304872,0.001120196193771974,0.3538191294023104,1257.9259166248116,1451.0,1257.0,1448.0,0.0,0.0,0.0,0.0,0.0,0.0,0.0,0.0,-0.019358037977152902,-0.041111248819231734,-0.019488113604820487,-6.379433532186794,0.15275260125031384,-7.5202352405222195,15.825109676590943,24.89700862291571,101135.06688542145,0.93841687169053,-0.028976769983672445,-0.34288554418487815,-0.03104263119969857,nan,nan,nan,9.987475082772871,-0.5002754635322072,0.0,0.5292528422614841,-0.029009940233720343,0.1427474886698637,5212.005851977743,7422.3584345460295,5215.289813403366,7393.447985498143,"1,1,5",0
403,56996773,41.41777300000029,-5.281216649421564e-05,-0.13697192256362795,9.111538486348913e-05,0.35490552,1257.5845869011803,1451.0,1257.4154130988197,1451.4154130988197,0.0,0.0,0.0,0.0,0.0,0.0,0.0,0.0,0.004770188567199074,-0.03188525094097222,-0.005652680882245371,-6.403193743055556,0.17731611063425926,-7.542087723703704,15.84692603005271,24.897071622728348,101134.80698656676,0.9379079290076335,-0.029031869138561185,-0.3442458985912561,-0.03131666149248207,nan,nan,nan,9.987072685954853,-0.5083053462740844,0.0,0.5290781930547723,-0.028371462329317268,0.14183577685892507,5223.27312858084,7428.276682245106,5213.518679408473,7429.491531273536,"1,1,5",0
404,57046773,41.46777300000029,0.0006978138726557299,-0.1369644101402758,0.0003970404522586781,0.35660875,1259.0,1454.0,1259.0,1452.0,0.0,0.0,0.0,0.0,0.0,0.0,0.0,0.0,-0.016624271615445232,-0.03867772382138167,-0.014899578408983451,-6.433043694825321,0.23181184268452848,-7.345487070133964,15.818275542886848,24.89713543077456,101135.14551724138,0.937396991052114,-0.02894937194690265,-0.34562618591445426,-0.03148533259365782,nan,nan,nan,9.987069,-0.5083789,0.0,0.5296202837037645,-0.026226814091937996,0.14092088671696876,5236.888311279351,7454.028611084262,5230.16771254899,7448.1651866699685,"1,1,5",0
405,57096773,41.51777300000029,0.0014924878531535869,-0.13706405036591238,0.0007667588893692826,0.3585969117236399,1261.0,1457.0,1261.5357056984851,1453.0,0.0,0.0,0.0,0.0,0.0,0.0,0.0,0.0,-0.027292638225705327,-0.03929842526380516,-0.015061183440800579,-6.471401974680492,0.26465637093320477,-7.467976144924041,15.808331077419105,24.897197245540198,101135.26507220636,0.9368640050292397,-0.02952885929239766,-0.3469740754152047,-0.03198320914736842,nan,nan,nan,9.987069,-0.5083789,0.0,0.5289851872502106,-0.026639403451152285,0.13985796003713347,5248.277287280423,7491.238825463999,5262.808285717862,7458.473429321421,"1,1,5",0
406,57146773,41.56777300000029,-0.0016143997324645633,-0.13758633839048925,0.00046853351908459083,0.35964207530864195,1263.0,1455.8906142955013,1260.1093857044987,1457.1093857044987,0.0,0.0,0.0,0.0,0.0,0.0,0.0,0.0,0.016417095884994272,-0.03871695494616266,-0.0060730718849942725,-6.515263611729668,0.2220299904513173,-7.31949884045819,15.850143391404806,24.89725723440388,101134.7690318854,0.9363070898468369,-0.02959378839245283,-0.3484429625971143,-0.032260928873695895,nan,nan,nan,9.98674558338242,-0.5146525055749569,0.0,0.5293964849432913,-0.027617463829274557,0.1391413381904558,5275.325172729637,7488.801332958932,5259.640570434671,7493.987631250222,"1,1,5",0
407,57196773,41.61777300000029,0.0014329927428714606,-0.13686114655474818,0.00018655500414432473,0.36100888,1263.0,1458.4616541353384,1264.5383458646616,1456.0,0.0,0.0,0.0,0.0,0.0,0.0,0.0,0.0,-0.03029188266858862,-0.036635087548759084,-0.012479599225119077,-6.587448747480572,0.23470470057909248,-7.410349971797443,15.83167686838971,24.897314484079722,101134.97605327933,0.9357768378828829,-0.029639371777777777,-0.3498396658008008,-0.03248712697597597,nan,nan,nan,9.986394367349284,-0.5214627580817417,0.0,0.5298854449843182,-0.026474586233832826,0.13702764794095684,5290.4853515625,7501.828125,5273.978515625,7496.908203125,"1,1,5",0
408,57246773,41.667773000000295,0.00097931621002737,-0.13799887600895747,0.00035746560707389897,0.3624618,1264.0,1460.8357391737184,1265.0,1458.1642608262816,0.0,0.0,0.0,0.0,0.0,0.0,0.0,0.0,-0.01751596145757651,-0.029556730722070167,-0.00898377421746703,-6.596227171858671,0.21689810320228914,-7.384713544911669,15.816039960311551,24.897370343813833,101135.17005669778,0.9352831071357534,-0.030262273667329687,-0.3510638063998011,-0.03292435494530085,nan,nan,nan,9.986078281450547,-0.5274480600874504,0.0,0.5296331920791824,-0.025550327734111988,0.13816342110958435,5281.577301049971,7539.992067968793,5300.952437768485,7510.379898364475,"1,1,5",0
409,57296773,41.71777300000029,-0.0013651858311320756,-0.13865589469125214,0.0007934611725128645,0.36377814,1267.0,1461.0,1263.6153681506848,1461.6153681506848,0.0,0.0,0.0,0.0,0.0,0.0,0.0,0.0,0.010603879830188678,-0.02658926474528302,-0.01760655645283019,-6.560466613207547,0.12491847594339624,-7.268335481132075,15.786986713358974,24.897428033756245,101135.52569263447,0.9348978459110351,-0.030120640451668092,-0.35208251505560306,-0.03311799699315654,nan,nan,nan,9.985762195551809,-0.5334333620931591,0.0,0.5299685764555304,-0.025242529945350638,0.13534295664563242,5313.649079248244,7548.170353295982,5289.566936840773,7539.972381152492,"1,1,5",0
410,57346773,41.76777300000029,0.00028311425889491045,-0.13851760230914234,-5.943434433788877e-05,0.36540058,1267.0,1463.0,1267.0,1462.5456473082813,0.0,0.0,0.0,0.0,0.0,0.0,0.0,0.0,-0.01464878351743638,-0.036592106927426954,-0.009435510950989632,-6.578386566446748,0.15627002063147974,-7.233560723845429,15.761968628108148,24.89748513424955,101135.81916154883,0.9344656110879388,-0.02996319726416406,-0.3532346477893639,-0.033188931814737574,nan,nan,nan,9.985460054136368,-0.5390290557617484,0.0,0.5314422125356809,-0.026518983057289582,0.13579979585000665,5324.867707124331,7560.499125279158,5318.075529552981,7563.360303013422,"1,1,5",0
411,57396773,41.817773000000294,0.0016564847192087583,-0.13844836868624036,5.276380426499129e-05,0.3672841167952227,1267.4175578214374,1466.0,1270.0,1463.4175578214374,0.0,0.0,0.0,0.0,0.0,0.0,0.0,0.0,-0.025139569453731345,-0.03521424928656716,-0.007969719991343284,-6.627601815223881,0.18622622925373133,-7.211329543283582,15.778165455645851,24.897543221228325,101135.61647888397,0.9339194702008928,-0.030560060860863096,-0.35459762311011905,-0.03348340158209326,nan,nan,nan,9.985158965853513,-0.5445953249455858,0.0,0.5295894250935854,-0.024270739031553863,0.13511303335024405,5336.250219970856,7592.816725195559,5357.691773730458,7569.613768286256,"1,1,5",0
412,57446773,41.8677730000003,-0.0002678708640945455,-0.13874192348363637,0.0009171537602690908,0.3690230693381818,1271.9500484966052,1466.9500484966052,1269.0499515033948,1466.0,0.0,0.0,0.0,0.0,0.0,0.0,0.0,0.0,-0.002319301876964113,-0.020141987313530552,-0.01729091146168768,-6.620577513094084,0.25776750686469446,-7.440702816973811,15.798181009150634,24.89759726313937,101135.37818688409,0.9334593182667635,-0.030716219458242554,-0.3557716790486565,-0.03371547833091261,nan,nan,nan,9.984963402545425,-0.5481631490850877,0.0,0.5303886369525818,-0.025227841859051633,0.1324073270832455,5365.489890259024,7609.412979638785,5359.259741503856,7599.208943725705,"1,1,5",0
413,57496773,41.917773000000295,-0.0005623551123482274,-0.1383302310441962,0.00024042364875959205,0.36989325,1272.0,1467.0,1271.0,1467.46204220228,0.0,0.0,0.0,0.0,0.0,0.0,0.0,0.0,0.0013124398333820308,-0.0321436971577794,-0.012924222414170928,-6.645301970489408,0.2640088228195763,-7.324401035062089,15.74530466431011,24.897649476146753,101136.01210621028,0.9330246788458815,-0.030573601221147037,-0.35690708030682083,-0.0338760556750059,nan,nan,nan,9.98477779860722,-0.5515423614440087,0.0,0.5305061293946188,-0.023970231997550242,0.1326825798604883,5382.933649597201,7616.909177764958,5369.89172036749,7617.895392089935,"1,1,5",0
414,57546773,41.96777300000029,0.0010008745131330264,-0.13847772573782408,-0.00021124038241337534,0.37104183,1272.0,1469.0,1274.0,1468.0,0.0,0.0,0.0,0.0,0.0,0.0,0.0,0.0,-0.014222162505574407,-0.03334122335724673,-0.0075123770082404255,-6.716353708773631,0.15267292926320894,-7.311599664566166,15.74294,24.897697349248435,101136.03,0.9325698366682832,-0.030795809751697382,-0.3580644143161979,-0.03398565300048497,nan,nan,nan,9.98459434116313,-0.5548542226891301,0.0,0.5306763404152383,-0.02522088944763652,0.13096008967601758,5380.941758370668,7631.175614397462,5396.200384765685,7625.7167276785785,"1,1,5",0
415,57596773,42.0177730000003,0.0008691263022177923,-0.13816981157488165,0.0005131659661549963,0.37227883219536506,1274.4146523797658,1471.0,1274.0,1468.4146523797658,0.0,0.0,0.0,0.0,0.0,0.0,0.0,0.0,-0.005638783274968867,-0.033485266487671236,-0.011537406272727273,-6.769826654545454,0.21536409698132003,-7.258449743287671,15.742768818681851,24.897750101330544,101136.03237541881,0.932099363347405,-0.03109781550136578,-0.35923770593493914,-0.034234477672709214,nan,nan,nan,9.984411083427831,-0.558159817618662,0.0,0.5317553387599094,-0.025300230570824984,0.13217412860266575,5401.383735742391,7652.13644240735,5409.020133666978,7629.669869677825,"1,1,5",0
416,57646773,42.0677730000003,-0.00028646653338125933,-0.1382517372830937,-0.00033989221855233015,0.3735105,1275.0,1470.0270203272187,1275.0,1471.0,0.0,0.0,0.0,0.0,0.0,0.0,0.0,0.0,0.009561033131284084,-0.02713495641298959,-0.0007349479152702033,-6.712451393653941,0.18517473650470997,-7.1053572374814085,15.735092526388163,24.897799488350472,101136.1388964422,0.9316293886600496,-0.031057670796774194,-0.3604541482853598,-0.03427828869205956,nan,nan,nan,9.984349305345189,-0.5592571968952641,0.0,0.5319115453284076,-0.02499545596202586,0.1283224986331028,5418.985005719932,7654.418415643721,5417.813859003025,7655.121652971734,"1,1,5",0
417,57696773,42.1177730000003,9.925013602795425e-05,-0.13877085388818297,5.1356870638373564e-05,0.37478977789072426,1276.0,1472.5451070336392,1276.0,1472.0,0.0,0.0,0.0,0.0,0.0,0.0,0.0,0.0,-0.005520424462242563,-0.019568925978896517,-0.005268202672565472,-6.814862822756166,0.22728845562166286,-7.148138486931096,15.73753675387881,24.89784965387881,101136.10180470861,0.9312849766640399,-0.030903372824796427,-0.36136547351720516,-0.034180909063304434,nan,nan,nan,9.984295347308306,-0.5602124260497942,0.0,0.5319248580225476,-0.025659427744849035,0.13047985541013346,5426.310193017641,7673.957395923015,5428.377061767612,7675.958606884753,"1,1,5",0
418,57746773,42.167773000000295,0.000919048314752907,-0.13824313774709301,0.000491023092565407,0.3760823,1277.8882965834746,1474.8882965834746,1278.0,1472.1117034165254,0.0,0.0,0.0,0.0,0.0,0.0,0.0,0.0,-0.004082299849491032,-0.02805397570722249,-0.0048529688745031505,-6.795411296655357,0.19685906936984973,-7.175554230247212,15.747291234176851,24.897892112622177,101136.00883494959,0.9308969165821869,-0.03106932685807386,-0.3623307561187545,-0.03438261320564808,nan,nan,nan,9.984197783949005,-0.5619459755567167,0.0,0.5325730590623088,-0.02369742607716508,0.12899687437516386,5443.5310212810355,7699.006502360102,5446.029726705092,7671.421029337596,"1,1,5",0
419,57796773,42.2177730000003,-0.000353967948733744,-0.13864817782569017,-0.00030346804678302536,0.3769188809263062,1278.4322227293474,1474.0,1278.4322227293474,1475.0,0.0,0.0,0.0,0.0,0.0,0.0,0.0,0.0,0.008929143956083086,-0.02568468797329377,-0.002366326934124629,-6.730368201186944,0.24992754317507418,-7.132261815430267,15.692686741171022,24.897938913061097,101136.64282013972,0.9306113663042984,-0.030939216416647715,-0.36307915836934274,-0.03433393239663407,nan,nan,nan,9.984092240294686,-0.5638219669878259,0.0,0.5316378531727772,-0.023905588158965877,0.1283747982610703,5452.804602710137,7698.265177368154,5451.248028393594,7700.723964331147,"1,1,5",0
420,57846773,42.267773000000304,0.00029019040709813836,-0.13818824529993104,-0.0006559303698276258,0.37882230874971273,1280.0,1475.9673713235295,1281.0,1476.9673713235295,0.0,0.0,0.0,0.0,0.0,0.0,0.0,0.0,-0.0012522426950344826,-0.022074362532413794,0.000988714864091954,-6.791514586712644,0.1655452995954023,-7.111659534988506,15.686790158914862,24.897982493544944,101136.71600309844,0.930205667941041,-0.030719675626900044,-0.36414458414094886,-0.034240181236296637,nan,nan,nan,9.984085,-0.56395066,0.0,0.5331626842071494,-0.024082752049037582,0.129201345904751,5478.68618543065,7714.8869893277515,5474.155958240569,7717.112126488097,"1,1,5",0
421,57896773,42.3177730000003,0.0008482821364616613,-0.1388396752396166,0.0005823886382268371,0.3800955543610223,1281.4008517434122,1479.0,1281.4008517434122,1477.0,0.0,0.0,0.0,0.0,0.0,0.0,0.0,0.0,-0.008363597490279626,-0.01848444858668442,-0.008362300051930758,-6.797816696431425,0.15013115050066578,-7.1218998165912115,15.707260085169954,24.898027713563785,101136.46464827163,0.9298501468248468,-0.030917971002132765,-0.3650233398826979,-0.03436355565502533,nan,nan,nan,9.984085,-0.56395066,0.0,0.5328536872888394,-0.024248895148122777,0.12708549777987072,5483.855452002055,7743.603508423022,5494.76716916502,7726.942799633907,"1,1,5",0
422,57946773,42.3677730000003,-0.00021944120884652982,-0.13888173186705766,0.0003838718351612903,0.38120735,1283.0,1479.0,1282.0,1479.0,0.0,0.0,0.0,0.0,0.0,0.0,0.0,0.0,0.0075736305844574785,-0.01751189278005865,-0.0059763355488758555,-6.837493940664712,0.19771960222385143,-7.172799038123167,15.655414218631403,24.898072070683114,101137.09923078747,0.9295498630769231,-0.030772371925274728,-0.3657979576263736,-0.03438091813626374,nan,nan,nan,9.984066311235987,-0.5642864525922545,0.0,0.5329957581995622,-0.023222738261492158,0.12586673609449106,5504.748046875,7753.150390625,5497.34912109375,7744.45751953125,"1,1,5",0
423,57996773,42.4177730000003,-0.0007282642415326975,-0.13847662031335148,-0.00011673648320163487,0.38224667,1284.0,1479.0,1283.0,1480.0,0.0,0.0,0.0,0.0,0.0,0.0,0.0,0.0,0.012915781742623695,-0.02236189515024966,-0.0033095549607921023,-6.935700707557875,0.21456307296413982,-7.141814800953245,15.664545534134904,24.898113829860502,101136.98317593728,0.9292550987295826,-0.03040825418693285,-0.3665923670235935,-0.03421159766787659,nan,nan,nan,9.984046343754457,-0.5646452206937274,0.0,0.5346934784245291,-0.026652725474857242,0.1273701892333589,5520.362688546423,7755.141642926968,5515.199597726056,7760.607193870917,"1,1,5",0
424,58046773,42.46777300000031,0.0009266756081669227,-0.13870436796979005,0.0005102269603609831,0.38340753,1284.9549526490914,1482.0,1285.0,1480.0,0.0,0.0,0.0,0.0,0.0,0.0,0.0,0.0,-0.005694134766060916,-0.017086014324033783,-0.003211810288558997,-6.911376943434861,0.16757298027898643,-7.226860713360635,15.645021520861839,24.898152513308887,101137.21041085143,0.9288959178327444,-0.030422610700353354,-0.3674919741248528,-0.034300183317314485,nan,nan,nan,9.983999575945965,-0.5654706160553407,0.0,0.5321275409076834,-0.023939446835537666,0.12604751439996462,5528.994112426744,7780.556299072268,5530.4210483399875,7758.5483650147535,"1,1,5",0
425,58096773,42.517773000000304,0.0002373116003164557,-0.13999099848101265,-1.9994539367088602e-05,0.3845246551898734,1284.4509374239103,1483.0,1285.0,1483.0,0.0,0.0,0.0,0.0,0.0,0.0,0.0,0.0,0.010178228976874391,0.00015178979371957167,-0.005257567040019474,-6.834259809031159,0.2227186002093476,-7.091484995374878,15.649316450183273,24.89819035121626,101137.17253915362,0.9286886257483573,-0.03044562127987345,-0.3680152466974933,-0.0342839618384035,nan,nan,nan,9.983947417426213,-0.5663898704519351,0.0,0.531980990222522,-0.02393941028818274,0.1262521745945718,5531.048337988433,7786.596986401429,5539.77164494623,7791.709291211141,"1,1,5",0
426,58146773,42.5677730000003,-0.00022388117875373135,-0.13899761581343284,2.9838323022388068e-05,0.38564736420895523,1287.1238497886097,1483.1238497886097,1286.8761502113903,1483.8761502113903,0.0,0.0,0.0,0.0,0.0,0.0,0.0,0.0,0.004890142862000496,-0.014168145782576321,-0.007867264451724995,-6.968140971159097,0.22884993038967485,-6.914974895259369,15.65867258504222,24.898227719157802,101137.06142778813,0.9284794349230004,-0.030169900760556385,-0.3685737969995032,-0.0341917031609538,nan,nan,nan,9.983930218682803,-0.5666830220429677,0.0,0.5320149215076335,-0.0235821821870229,0.12497455665458015,5556.041152529952,7802.802340657616,5546.876650181527,7804.135104143267,"1,1,5",0
427,58196773,42.617773000000305,0.0004948175899134766,-0.1382630497168327,0.000867002132079182,0.38643855,1289.0,1485.0,1288.0,1482.503011259492,0.0,0.0,0.0,0.0,0.0,0.0,0.0,0.0,-0.008862675805203678,-0.024171378283837055,-0.010997455439947438,-6.93249261760841,0.16950447219185283,-7.063389313797635,15.638327326473357,24.898263451605466,101137.29774197267,0.9281452679913771,-0.030200152442302813,-0.36939320990869895,-0.03439661235911742,nan,nan,nan,9.98391547110426,-0.5669322751494738,0.0,0.5337357774984299,-0.022356227125811177,0.12439745465564161,5571.7152876587315,7812.2766994629765,5566.4052213745745,7795.7864399414275,"1,1,5",0
428,58246773,42.66777300000031,0.00011704689533588761,-0.13942348488378034,-0.0006222313006896552,0.38731378,1288.0,1485.0,1289.0,1486.0,0.0,0.0,0.0,0.0,0.0,0.0,0.0,0.0,0.0009488384164555669,0.0032011816116445354,0.00265080890293667,-6.905214877451481,0.22477214038559754,-7.101328457073544,15.635361771669295,24.898297690916785,101137.34229100142,0.9279001501789366,-0.03025148016538855,-0.37000303680214724,-0.034409390398261755,nan,nan,nan,9.983791737057432,-0.5691047675042616,0.0,0.5337384191204589,-0.0231703857208413,0.1258044086998088,5565.434785888601,7821.678229248092,5576.558051513749,7819.384468994371,"1,1,5",0
429,58296773,42.71777300000031,-0.000531250131126021,-0.13947745554259042,-0.00032148545759626604,0.38845031940956826,1289.0,1486.0,1289.0,1487.3374927113703,0.0,0.0,0.0,0.0,0.0,0.0,0.0,0.0,0.0017586077098156357,-0.011174955631015171,-0.002532093407001167,-6.913886369894982,0.1652857897782964,-7.106709259813302,15.634981644211827,24.89832977094519,101137.3461844799,0.9277859068112899,-0.030054894724399348,-0.37031857877653374,-0.03426657675997201,nan,nan,nan,9.983646065366298,-0.5716643844187079,0.0,0.5322840340445134,-0.022561047163749213,0.12612861646414197,5578.935293212991,7829.107893829394,5579.495243011567,7843.850276275597,"1,1,5",0
430,58346773,42.767773000000304,0.0014527731981572483,-0.13784736965601965,0.00043301571906633905,0.38919458,1291.0,1487.9653647752395,1292.0,1485.0,0.0,0.0,0.0,0.0,0.0,0.0,0.0,0.0,-0.016870757322033896,-0.029242553259887005,-0.004499763790960452,-6.942013980225989,0.22883137457627117,-7.0156229112994355,15.684172567452528,24.898358796330488,101136.74868807216,0.9274642507749078,-0.03020634569815498,-0.3711062822361624,-0.03431976544649447,nan,nan,nan,9.983701757251003,-0.5706993479912335,0.0,0.5322841018521786,-0.022334095438613512,0.12384225589910038,5595.185113378982,7843.390492578185,5603.245756299013,7827.077812744176,"1,1,5",0
431,58396773,42.81777300000031,0.0007786273504170141,-0.13834415766472058,-1.7629381035029192e-05,0.39058378017514594,1292.0,1488.45600500417,1293.0,1487.45600500417,0.0,0.0,0.0,0.0,0.0,0.0,0.0,0.0,0.0006499580841117592,-0.009523409012510425,-0.002134734570058382,-6.96494252293578,0.1942892628648874,-6.985520049207673,15.680272102425876,24.898387894878706,101136.80876010782,0.9271608209966639,-0.030394657625938282,-0.3718465363844871,-0.034339295947456216,nan,nan,nan,9.983780676311213,-0.5693277447781722,0.0,0.5336056752615946,-0.02316173810303861,0.12448714828092301,5606.234599707149,7857.211620141724,5617.222230297895,7845.8423504884895,"1,1,5",0
432,58446773,42.86777300000031,-0.0009371842145089973,-0.13959385964010285,2.9315203650385604e-05,0.39162874,1293.0,1489.0,1292.0,1490.0436905679774,0.0,0.0,0.0,0.0,0.0,0.0,0.0,0.0,0.015921408354755785,0.0025389359758354758,0.0030733657080719793,-6.992817504987147,0.1636483285192802,-7.077971343496144,15.631301597969056,24.89841631319714,101137.39750929517,0.9270378778690629,-0.03001734589011553,-0.37219972623363284,-0.03416355946572529,nan,nan,nan,9.98383189013758,-0.5684226170367385,0.0,0.5322266049313978,-0.022225178177967785,0.12469568142891231,5623.104128662163,7864.338378417993,5607.610081836005,7874.691020825236,"1,1,5",0
433,58496773,42.91777300000031,0.001058117398647996,-0.13802252682279093,-9.253818231385804e-05,0.3923330955190729,1293.5607341221928,1490.0,1295.0,1489.0,0.0,0.0,0.0,0.0,0.0,0.0,0.0,0.0,-0.005869949879575084,-0.021656242299855143,-0.005586040825977788,-7.008390086528247,0.26071279917914053,-7.024062615741188,15.609566839572192,24.898442812834226,101137.64165775401,0.9268487078218054,-0.029888984054161783,-0.372688529922626,-0.034079948280890976,nan,nan,nan,9.983880269918863,-0.5675652063629492,0.0,0.5331650387729788,-0.021926205350490887,0.12291976111203588,5629.596340405328,7878.451746313558,5633.186418335202,7867.530267309471,"1,1,5",0
434,58546773,42.96777300000031,0.0006910918423907993,-0.13813604717007433,-0.00013906392651092008,0.3931448966449814,1294.1133828996283,1491.0,1295.8866171003717,1490.0,0.0,0.0,0.0,0.0,0.0,0.0,0.0,0.0,0.0035143720839684017,-0.012401387607806692,-0.0018833510351301116,-6.9501617292518585,0.2371641264939591,-6.897828706644981,15.605546188695316,24.89846776461479,101137.68223383662,0.9265362681368137,-0.030092732738973896,-0.37344742552655263,-0.0340895065130513,nan,nan,nan,9.98396360982166,-0.5660931072368554,0.0,0.5334025510522602,-0.021684518129550454,0.12253944139828152,5641.831050390808,7887.485247485373,5654.147547289976,7871.636506128105,"1,1,5",0
435,58596773,43.01777300000031,-0.0017025710627923292,-0.13876518428671655,0.000653204380191768,0.39411798504209544,1297.0,1491.3129538533615,1294.0,1492.0,0.0,0.0,0.0,0.0,0.0,0.0,0.0,0.0,0.020757950935816352,-0.002485831191145467,-0.009631287336144295,-7.005021684047787,0.21768267885453269,-7.03829148336847,15.583010006324793,24.898491236820355,101137.94284234736,0.9263913434732272,-0.02961901418523878,-0.37386214451519534,-0.03389609856729378,nan,nan,nan,9.984049870328393,-0.5645696564153745,0.0,0.5351136195234791,-0.023186258756650473,0.12341539519676151,5660.363481152384,7889.778098730615,5643.4193336669705,7902.463443627914,"1,1,5",0
436,58646773,43.067773000000315,0.0009232479848331648,-0.1387944860364004,0.00010660867116279069,0.39516697437815973,1296.0,1494.0,1297.0,1492.0,0.0,0.0,0.0,0.0,0.0,0.0,0.0,0.0,-0.008561719161274014,-0.004928578130384226,-0.0025834061096663297,-7.039649903185035,0.2257077078968655,-6.9529986642062696,15.59573349073316,24.89851179676219,101137.7888440268,0.9262706856348002,-0.02945641254425898,-0.37418227977996965,-0.03380382145751138,nan,nan,nan,9.984077646404794,-0.5640796281015789,0.0,0.5350008672472981,-0.023487086307904217,0.12414411067599067,5658.1032093750355,7909.2684733156075,5659.925493188654,7903.287586791936,"1,1,5",0
437,58696773,43.11777300000031,0.0008512850581663836,-0.13799213625030318,-0.0001491209882270192,0.396101,1297.4502909796315,1493.4502909796315,1298.5497090203685,1493.0,0.0,0.0,0.0,0.0,0.0,0.0,0.0,0.0,0.001506393624382731,-0.014060139555905894,-0.006689511293475624,-7.016752669075916,0.18821813615571187,-6.887631225006063,15.548456697417826,24.898531313904453,101138.36260903472,0.9260616331318281,-0.029653070914785144,-0.37468023474144213,-0.033841956835396945,nan,nan,nan,9.984100948668441,-0.5636686522598441,0.0,0.5340820880038736,-0.02232866395626034,0.12314057165960537,5670.400696508971,7918.490310473709,5686.990543505891,7905.041365161166,"1,1,5",0
438,58746773,43.16777300000031,-0.0011662322913877953,-0.1384465564985236,0.00033002923800688977,0.3974588281742126,1300.0,1494.0,1298.0,1495.0,0.0,0.0,0.0,0.0,0.0,0.0,0.0,0.0,0.018513741759537287,-0.004912254440265814,-0.002146920325473788,-6.982252033866601,0.2307748716834851,-6.865251775215358,15.609511325496312,24.898549606704794,101137.64052481082,0.9258315447837838,-0.02934137495945946,-0.3752858462972973,-0.03370028601351351,nan,nan,nan,9.984105,-0.5635972,0.0,0.5340692351813644,-0.02250449777529118,0.12166255307221298,5697.69287109375,7920.31640625,5685.9501953125,7928.232421875,"1,1,5",0
439,58796773,43.217773000000314,-0.0004947523001622718,-0.1388283027383367,0.0005912381751419878,0.39825475968559837,1301.0,1496.0,1299.0,1496.0,0.0,0.0,0.0,0.0,0.0,0.0,0.0,0.0,0.008292318505831642,0.005118074872413793,-0.00820479077434077,-7.0101825750507105,0.24844611632352942,-6.990479407707911,15.63320897133182,24.898566002712894,101137.35295388078,0.9256959103267477,-0.028915355496707193,-0.37566376513677807,-0.03358082117223911,nan,nan,nan,9.984105,-0.5635972,0.0,0.5331197845128677,-0.022083223224954044,0.12289924936772366,5713.657886114221,7941.391934477469,5688.675895019534,7939.176018880209,"1,1,5",0
440,58846773,43.26777300000032,0.0008939525627454648,-0.13804721067701514,0.0006108583584421171,0.39898834,1301.0,1497.0,1301.0,1495.0,0.0,0.0,0.0,0.0,0.0,0.0,0.0,0.0,-0.014397732086797753,-0.005790619092977528,-0.006320764125,-7.091689056741573,0.2632983263483146,-6.975307687921348,15.594719135711179,24.898578543071658,101137.81015386652,0.92553386424972,-0.029058693161814107,-0.37604788193729,-0.033626751410974244,nan,nan,nan,9.98406754798803,-0.5642647699536214,0.0,0.5333729568489095,-0.023741996505427812,0.12152063888187112,5709.756166039997,7952.284089282208,5713.172577246243,7938.03426027835,"1,1,5",0
441,58896773,43.317773000000315,7.839079566666667e-05,-0.13731887112903227,-7.314123445161289e-05,0.39929852,1301.5638440860216,1496.0,1302.0,1496.0,0.0,0.0,0.0,0.0,0.0,0.0,0.0,0.0,0.001990136875263276,-0.011639921827022183,0.0033728249735603855,-7.063242118306072,0.18639834394353574,-6.882807932108447,15.592009080882647,24.898592310681934,101137.84010262958,0.9253231412225705,-0.029173050322884014,-0.3765660314733542,-0.033529226746081504,nan,nan,nan,9.984028169015023,-0.5649666898058207,0.0,0.5337751675165942,-0.022264315385992217,0.12251711342229343,5712.419894384854,7946.016684643565,5726.808359521606,7947.496619604624,"1,1,5",0
442,58946773,43.36777300000031,-0.0003892639359970853,-0.13863885829730385,-0.0001151774427617197,0.4002581218071411,1302.160514813016,1497.160514813016,1301.839485186984,1498.0,0.0,0.0,0.0,0.0,0.0,0.0,0.0,0.0,0.017790109398591207,0.003453939707043964,-0.007731256135292689,-7.033297279621084,0.153260843575419,-6.949636081127034,15.563179124565602,24.89860163703761,101138.2042749247,0.9252116809560786,-0.02892235979616598,-0.37688075877214267,-0.033282050823343845,nan,nan,nan,9.984181819035477,-0.5622301496427518,0.0,0.5333219499708942,-0.02093887079101987,0.12147932279222291,5726.65747873771,7957.4270310725215,5726.911233931118,7966.031013982525,"1,1,5",0
443,58996773,43.41777300000032,0.0003556675982926829,-0.13849322546904314,-0.0005124931127579737,0.4009345078986867,1302.0,1498.0,1303.0,1498.5802733851515,0.0,0.0,0.0,0.0,0.0,0.0,0.0,0.0,0.0032134326203671444,0.002492752174326678,0.0019715033086962347,-7.041087623583009,0.21065487796060564,-6.908044442020635,15.595722174548193,24.898610935993975,101137.80177635542,0.9251163810778925,-0.028695569258747822,-0.37714470851320553,-0.033137772933369086,nan,nan,nan,9.984335469055933,-0.559493609479683,0.0,0.5359485822101091,-0.02261952124915758,0.12200425720218037,5734.132635302758,7969.8492000001015,5735.549412670955,7966.944897900453,"1,1,5",0
444,59046773,43.46777300000032,0.00031500209611971103,-0.1379466190980392,0.0001495336429638803,0.40129298,1303.0,1499.0,1303.0,1498.0,0.0,0.0,0.0,0.0,0.0,0.0,0.0,0.0,0.008329205562254801,-0.0005728220937765848,-0.000563313785319017,-7.100375830993187,0.23766041141234773,-6.849947505017552,15.636981092781344,24.89861820589076,101137.30815066013,0.9249841987396694,-0.028617925440702477,-0.37748163616735536,-0.033060632991942146,nan,nan,nan,9.984465919134088,-0.5571649047958047,0.0,0.5348286860476855,-0.022414919649377495,0.12172747111157045,5741.808481982517,7978.823377099432,5739.741091064534,7966.661286572324,"1,1,5",0
445,59096773,43.51777300000032,-0.00022230903898954704,-0.1372542124477352,1.8360594039993466e-05,0.40190960427700345,1305.0,1498.0,1304.0,1499.0,0.0,0.0,0.0,0.0,0.0,0.0,0.0,0.0,0.011026229679272014,-0.007846813211508282,-0.002223295373986487,-7.063714265039232,0.20264596847428074,-6.932843725283348,15.608906881175772,24.898622804888813,101137.64981887603,0.9247973648677249,-0.028316205224550264,-0.3779807331767196,-0.0328424147610582,nan,nan,nan,9.984593760470455,-0.5548820595991296,0.0,0.5354298555454174,-0.022636031734531756,0.12164892820713605,5756.551233642575,7970.501884155355,5749.570996917748,7976.7102917786315,"1,1,5",0
446,59146773,43.567773000000315,0.000864806706131353,-0.13857090219308424,0.0002125722895428174,0.4023682144766767,1303.034434620754,1501.0,1304.0,1498.965565379246,0.0,0.0,0.0,0.0,0.0,0.0,0.0,0.0,-0.0017989718389881644,0.01945927840589464,0.004801808915572059,-7.096687252796472,0.2290405004246925,-6.903658507890462,15.579840153122058,24.898626700658927,101137.99853624098,0.9247552371623237,-0.02821299164881664,-0.37809839937843653,-0.03276190402486254,nan,nan,nan,9.984710021469835,-0.5527852083940322,0.0,0.535331980128785,-0.02323248754346497,0.12290205775278151,5749.616339843745,7995.722930615236,5749.441587841794,7978.161891259922,"1,1,5",0
447,59196773,43.61777300000032,-0.0006537037097089202,-0.13851620014084506,0.0003525375403004695,0.4029541632206573,1305.4505752524067,1500.0,1304.0,1500.4505752524067,0.0,0.0,0.0,0.0,0.0,0.0,0.0,0.0,0.01938013794037559,0.001904319423943662,-0.0023276742059624416,-7.092996244694835,0.20284332871830985,-6.86243068657277,15.573832,24.898629290467,101138.07,0.9247532443818907,-0.02799537364367816,-0.37812903612479476,-0.03265181451090781,nan,nan,nan,9.984825056382178,-0.5507080496056663,0.0,0.5350559675057737,-0.02030652011778291,0.12303267098152425,5761.803869091953,7990.563595092685,5752.484105444396,7992.595267578186,"1,1,5",0
448,59246773,43.667773000000324,0.00047358435292033346,-0.1378507714937471,0.00015968554818202873,0.4033428243307086,1305.0,1501.0,1306.0,1500.0,0.0,0.0,0.0,0.0,0.0,0.0,0.0,0.0,0.008193708765400648,0.005136124932839277,0.002622244525474756,-7.138907340898564,0.2318373447522001,-6.858322738953219,15.577157217834396,24.89863,101138.03224203821,0.924601901753758,-0.027829158039131472,-0.3785237009782868,-0.03250560424409449,nan,nan,nan,9.9848736941463,-0.5498162418990595,0.0,0.5339457378342428,-0.019751350075886766,0.12318168382503411,5765.18532958977,7997.298825488358,5770.393801318482,7991.587954296898,"1,1,5",0
449,59296773,43.71777300000032,-0.00030096733901477835,-0.1382162306896552,-0.00011025079163300491,0.40370186443349754,1305.2061386888972,1501.0,1305.0,1501.0,0.0,0.0,0.0,0.0,0.0,0.0,0.0,0.0,0.013735174712012126,0.00719946813508905,-0.0023892621153972465,-7.0888994922319055,0.24745283799040038,-6.812927141189844,15.615350146969426,24.89863,101137.57367681824,0.9245534136788284,-0.027702032292639817,-0.37866096787400577,-0.032396336277490216,nan,nan,nan,9.984916049488367,-0.5490365907530588,0.0,0.532619743154531,-0.02253095449851632,0.12135832597215247,5767.511796386783,8004.413747253409,5763.281921997058,7997.885990661714,"1,1,5",0
450,59346773,43.76777300000032,-0.0008446696741620112,-0.13707422737430167,-5.162700092178771e-05,0.40419456,1307.0,1500.0,1306.0,1501.0,0.0,0.0,0.0,0.0,0.0,0.0,0.0,0.0,0.013928991796648896,-0.007542853203427266,-0.0006899710940517897,-7.015473799314547,0.24792312224676313,-6.929680245087586,15.61026291203623,24.898627597089163,101137.64040024,0.924407199390244,-0.02727654999034553,-0.37907387563008127,-0.03210165033841463,nan,nan,nan,9.985049271408563,-0.5466088588010204,0.0,0.5339533440474535,-0.02054567436896983,0.1230098184703647,5785.31094480212,7993.790329900653,5772.070309459384,8008.521233842259,"1,1,5",0
451,59396773,43.81777300000032,0.0015538454931248661,-0.13845685024416365,-0.00021975506933818805,0.40479177,1305.0,1503.0,1308.0,1501.0,0.0,0.0,0.0,0.0,0.0,0.0,0.0,0.0,-0.01958791970394173,0.008593229295415596,0.0026505969397600687,-7.038777944837189,0.24322518260282774,-6.918992396658098,15.57046118399549,24.898624344885885,101138.12261143985,0.924320283640257,-0.027419393970021414,-0.379275214261242,-0.03210288558886509,nan,nan,nan,9.985200331832733,-0.5438575832908162,0.0,0.5348869740672386,-0.02083352525538707,0.12080066355247407,5774.6503499999,8013.169735937699,5790.6855676270425,8003.951853247069,"1,1,5",0
452,59446773,43.86777300000033,0.0002297323080329557,-0.13884140263645728,-0.0001664159909577755,0.4050486747270855,1306.0,1503.0,1306.9781097089879,1502.9781097089879,0.0,0.0,0.0,0.0,0.0,0.0,0.0,0.0,0.007873390665602917,0.01884773767927969,0.00020547266880328242,-7.08994174741281,0.24789248756325508,-6.914980470480966,15.580032368343957,24.89861989595788,101138.0069715349,0.924347005228034,-0.0276354447539294,-0.37919290528472044,-0.032119175492398865,nan,nan,nan,9.985303578136739,-0.5419616552652953,0.0,0.5338625243529115,-0.02143323774040727,0.12275034248695726,5773.501640234574,8027.171818408091,5784.410860644413,8018.447477685611,"1,1,5",0
453,59496773,43.917773000000324,-0.0014921053368296155,-0.13685730078785002,-0.00015352352927384906,0.40520963,1309.0,1500.5053507728894,1307.0,1502.4946492271106,0.0,0.0,0.0,0.0,0.0,0.0,0.0,0.0,0.019668888172839506,-0.009122207464387464,-0.002247620020061728,-7.075097626115859,0.30918505024691356,-6.895176642212726,15.62603783646894,24.898612151417648,101137.44787371768,0.9242674269155207,-0.027130073043222003,-0.37944929123772103,-0.031814032412573676,nan,nan,nan,9.985397492486852,-0.5402326666974638,0.0,0.534358740284319,-0.021765247120061892,0.12097309780571538,5796.316997949326,8003.386077270451,5785.809361425866,8024.60954431152,"1,1,5",0
454,59546773,43.96777300000032,0.0004191371409185347,-0.1376447089393111,0.00036599760174958995,0.4055277,1308.0,1503.0,1308.0,1502.0,0.0,0.0,0.0,0.0,0.0,0.0,0.0,0.0,-0.008833958037374658,0.002987403622534184,0.0004210826623062899,-7.044822796171377,0.21180329306289883,-6.7946805496809475,15.628885051535045,24.89860296982979,101137.40389834506,0.9241469944140198,-0.027030998458926616,-0.37976028206462215,-0.031683557258488496,nan,nan,nan,9.985557857825466,-0.537247346947407,0.0,0.5337009203569012,-0.020965866896904602,0.12211289792773174,5796.428303930613,8020.046997168127,5795.69920300297,8017.357324951072,"1,1,5",0
455,59596773,44.017773000000325,0.001157231821132324,-0.1376254628505596,4.7970118930217254e-05,0.40602016,1307.13495720869,1504.0,1309.0,1502.0,0.0,0.0,0.0,0.0,0.0,0.0,0.0,0.0,-0.009174499019607584,0.004303289964708981,-0.004365127111798789,-7.090638802475639,0.2302154899223071,-6.969157475546484,15.592412146191647,24.898593031941033,101137.84808599508,0.9241034076750922,-0.02738076236703528,-0.3798322022604002,-0.03179200524157451,nan,nan,nan,9.985727,-0.5340957,0.0,0.5347194616864835,-0.020995836872625392,0.12297629626896268,5788.744596036083,8035.499369429176,5805.895117675818,8014.540624334174,"1,1,5",0
456,59646773,44.06777300000033,-0.0014871836419513395,-0.13859800794544114,-0.0005299014820471861,0.406237803502089,1308.0,1502.0,1307.073500491642,1505.0,0.0,0.0,0.0,0.0,0.0,0.0,0.0,0.0,0.035798600975681646,0.018099663602800298,-0.002071793035961681,-7.09561831908622,0.1938924018644068,-6.699461347605011,15.56703092776084,24.898581817496613,101138.16128506098,0.9241509468225448,-0.027110647291410286,-0.37975163967511694,-0.03160306819345311,nan,nan,nan,9.985727,-0.5340957,0.0,0.5338572329420833,-0.02182300959591465,0.1223679499216916,5795.75310883805,8023.828848632722,5790.3609123534825,8040.466173828284,"1,1,5",0
457,59696773,44.11777300000033,-0.0002934117701923077,-0.13652234735798816,-0.0006135567670562129,0.40688863,1309.5245562130178,1502.0,1310.0,1503.4754437869822,0.0,0.0,0.0,0.0,0.0,0.0,0.0,0.0,0.0073908426013613495,-0.012577887420834566,0.0008511863072210709,-7.077099296537437,0.1716681440485351,-6.862554169991122,15.559136280104761,24.898570186422475,101138.24309554764,0.9240661083259258,-0.02664299526340741,-0.38002075389925927,-0.031243076780444443,nan,nan,nan,9.985727,-0.5340957,0.0,0.5345620852296376,-0.022315489918695253,0.12228369002942457,5816.3264702847055,8021.08596444859,5803.896216913362,8040.244536713857,"1,1,5",0
458,59746773,44.167773000000324,0.0032843839134960515,-0.1362376099569275,-0.0004134943622038765,0.4959746487401292,1396.6943646805455,1594.0,1401.6943646805455,1589.6943646805455,0.0,0.0,0.0,0.0,0.0,0.0,0.0,0.0,-0.030580336669118968,-0.014693381239727256,-0.00015921904697649338,-7.021482476601472,0.18687475635026018,-7.348838015682756,15.587742511102574,24.89855310883596,101137.90206838264,0.9238344854898799,-0.02717595895540032,-0.3805273805445101,-0.03146779326043346,nan,nan,nan,9.975064117818839,-0.5310709877379539,-0.27325676557139406,0.5345668180215096,-0.02101898014223428,0.12297424699738398,6572.393048001243,8810.460800636965,6608.512016800018,8770.662304445654,"1,1,5",0
459,59796773,44.21777300000033,-0.0026166063403376435,-0.10463894725754311,-4.813781979166667e-05,0.4848164806034483,1412.0,1556.6522911051213,1408.5304582210242,1560.1827493261455,0.0,0.0,0.0,0.0,0.0,0.0,0.0,0.0,0.04601405956074766,-0.4234245240905823,-0.00466640850790798,-6.955894575125809,0.2062444039108555,-10.722567198418403,15.59281599984678,24.89851379636865,101137.8453822876,0.9217106976033058,-0.027094535330578512,-0.38567371950413226,-0.03115635282644628,nan,nan,nan,9.962256466317216,-0.5274378742995052,-0.6014773502536844,0.534623784390474,-0.022064068109219525,0.11688375964819618,6924.290148926959,8748.493552097176,6907.139228516297,8766.513216257657,"1,1,5",0
460,59846773,44.26777300000033,-7.77041151966974e-05,-0.10072942993783389,0.00034217082684312775,0.46831274,1397.2015052197135,1539.6977421704298,1396.1007526098567,1538.8992473901433,0.0,0.0,0.0,0.0,0.0,0.0,0.0,0.0,0.00350757980842464,-0.28603676766739716,6.348605892379008e-06,-6.666910450401753,0.1602313516021427,-8.985084343072803,15.600677715887128,24.89843820776962,101137.76267104755,0.9174142826308139,-0.026537342398982557,-0.395881796623062,-0.03040595340528101,nan,nan,nan,9.915323083465493,-0.5166794031677396,-0.6244268265194879,0.5374921610459352,-0.019313378540317252,0.10691745115333774,6879.043272970129,8469.01328343623,6851.7023830431945,8486.616539434579,"1,1,5",0
461,59896773,44.31777300000033,0.003747205037735849,-0.13772014201257862,0.00032699961943396226,0.46268225,1362.0,1562.380503144654,1367.2389937106918,1556.380503144654,0.0,0.0,0.0,0.0,0.0,0.0,0.0,0.0,-0.03518468501259182,0.23386122832948583,-0.0035681996117523608,-6.708996209695698,0.23532438149422874,-7.667391900104932,15.659057387266355,24.898346373831775,101137.05186915888,0.9175640153620147,-0.02725369615026233,-0.3954677712465897,-0.030640516901573978,nan,nan,nan,9.865994610216733,-0.5055723508751021,-0.6235867715824883,0.5374659115588223,-0.02084429692339327,0.10463693101981887,6522.5869218734615,8636.696569483493,6561.660739988574,8585.488207764638,"1,1,5",0
462,59946773,44.36777300000033,-0.0035186050522590362,-0.12720542829819276,-2.7463371257530175e-06,0.4602759,1371.9543287327479,1547.0456712672521,1366.977164366374,1552.0456712672521,0.0,0.0,0.0,0.0,0.0,0.0,0.0,0.0,0.05915198688708523,0.02631813466813082,-0.0017660689726665074,-6.976426274886608,0.23779116088326568,-7.50002015111005,15.697642862344237,24.89825291588785,101136.58457943925,0.9191268543216081,-0.026694368578894474,-0.39186700619095477,-0.03055310231959799,nan,nan,nan,9.825838908356962,-0.5024536522350905,-0.6100297289567015,0.5357047642396355,-0.020798190145649202,0.10937466884009112,6492.701533472393,8574.003798777308,6456.991978369397,8595.847225975107,"1,1,5",0
463,59996773,44.41777300000033,-0.0004917283705775147,-0.10921499774911242,0.00011049087642840237,0.4538374145514793,1376.4986945169712,1530.5013054830288,1376.0,1531.0,0.0,0.0,0.0,0.0,0.0,0.0,0.0,0.0,-0.005124327438437869,-0.15925493410414202,0.0035372070661538464,-6.926939669940829,0.24173340489940828,-6.7028609866508875,15.680638370169312,24.89815238607547,101136.79144465113,0.9178368181929182,-0.025845942632478632,-0.39498173288156285,-0.029951171765567764,nan,nan,nan,9.78568320649719,-0.499334953595079,-0.5964726863309145,0.5368243761641673,-0.020695215076953433,0.1084143016377269,6565.647289355416,8371.611764941175,6540.763374585503,8397.708275243253,"1,1,5",0
464,60046773,44.467773000000335,0.004864862947453388,-0.13341580341973625,-2.1652062839245108e-05,0.4563268684038199,1358.0277461905846,1553.944507618831,1365.0277461905846,1546.9167614282464,0.0,0.0,0.0,0.0,0.0,0.0,0.0,0.0,-0.06301753693515358,0.20798477561774745,0.0033815560415472127,-6.998955648009102,0.2428557097701934,-6.489062577929466,15.65547851136938,24.898049534108136,101137.10986862051,0.9178891867030966,-0.027121683337431694,-0.3947368311930783,-0.030443437643897998,nan,nan,nan,9.743237895681323,-0.49335529662715655,-0.5755163010437889,0.5366383806680972,-0.021616449713352408,0.10855922711874105,6417.106324485607,8529.128957910798,6477.220833225652,8464.321251661144,"1,1,5",0
465,60096773,44.51777300000033,-0.004602267857142857,-0.14163131373626373,-0.0004292418487032967,0.4516618041098901,1353.579936538931,1547.420063461069,1348.0,1555.0,0.0,0.0,0.0,0.0,0.0,0.0,0.0,0.0,0.07019659622007816,0.2276172645725452,0.0018814832937298488,-7.2162967861748895,0.2380414916389839,-6.891369303688324,15.678731937612968,24.89795005492391,101136.80491050084,0.9204618537593985,-0.026729540116905166,-0.3887324873878244,-0.03037223387048266,nan,nan,nan,9.700655320934993,-0.487204122866405,-0.554116319109367,0.5353591720608754,-0.02058000532011461,0.11507438279723445,6314.7354892094145,8552.01195956973,6286.989040941944,8589.97735161165,"1,1,5",0
466,60146773,44.56777300000033,-0.0006260009798610259,-0.12296217448804414,0.00025646361647864294,0.45076492,1364.0,1537.0,1362.2146361406378,1537.7853638593622,0.0,0.0,0.0,0.0,0.0,0.0,0.0,0.0,-0.01165991360147149,-0.05453438905579399,-0.004800966186511343,-7.242085224831392,0.27145913179644393,-6.857272400735744,15.702357174734196,24.897846307519814,101136.539258844,0.9209989611394732,-0.025560836538288747,-0.3875778669389422,-0.029848774208086584,nan,nan,nan,9.659636859486026,-0.4857858513077333,-0.5353846206270725,0.5349608382593266,-0.020187220468545354,0.11626071645688453,6410.03713352427,8436.62576464791,6377.122714193257,8475.52983426763,"1,1,5",0
467,60196773,44.617773000000334,0.005799570655538695,-0.12952067116626922,-0.00016265454163017558,0.4459153199067852,1349.665799739922,1541.334200260078,1358.331599479844,1533.334200260078,0.0,0.0,0.0,0.0,0.0,0.0,0.0,0.0,-0.07259386042445264,0.06433211069694342,0.0011370966810318665,-7.163197295599393,0.18698988491654023,-6.516928697333623,15.722724865866505,24.897734758070584,101136.2888803898,0.9205536372153545,-0.027219177244415527,-0.3884741459292995,-0.030462629915419648,nan,nan,nan,9.618699507520132,-0.48461301161880227,-0.5167912900570425,0.5364360802654867,-0.021768147159292036,0.11658669743362832,6310.7441975577785,8437.259637061185,6384.094469383927,8370.833757471477,"2,10,0.8,10,1",0
468,60246773,44.66777300000034,-0.004135343950010489,-0.14389400394378016,0.0006435508471239773,0.44692054,1348.0,1546.0,1341.0660792951542,1550.8678414096917,0.0,0.0,0.0,0.0,0.0,0.0,0.0,0.0,0.07459029209571788,0.2110427456423174,-0.003278456643324937,-7.294570595717884,0.20114021622166245,-6.706267115869017,15.697588727368059,24.897634089269374,101136.59569230476,0.9221927532102392,-0.026840004234158624,-0.384594079420898,-0.030455611662610155,nan,nan,nan,9.57069763910682,-0.4839050651196942,-0.49369127045171995,0.5353338678256274,-0.021317816802597974,0.1208032742877587,6259.186698312181,8503.521068638285,6223.002160574378,8527.038315151154,"1,1,2",0
469,60296773,44.717773000000335,-0.0012071591450869663,-0.1328017045764626,0.0002998352011678337,0.44035342,1347.0,1533.0,1344.8317144793314,1534.5841427603343,0.0,0.0,0.0,0.0,0.0,0.0,0.0,0.0,0.0009443851941495374,0.00996334009635419,-0.001092956088836684,-7.405645531330472,0.18583006113620962,-6.823138546464875,15.707767029833208,24.897525521063795,101136.47535908752,0.9232676089642777,-0.025588760891934396,-0.3821232597551112,-0.030067252057964504,nan,nan,nan,9.522115864815932,-0.4832352803681352,-0.4702213096792396,0.5321229423549818,-0.019944836589713594,0.12336070374183138,6246.48151977525,8405.456724511061,6208.668163477153,8435.675004198003,"1,1,2",0
470,60346773,44.76777300000033,0.005804131228119137,-0.13094963012898686,-0.00038762716603836777,0.44037464,1343.0,1536.0237089201878,1351.9525821596244,1529.0,0.0,0.0,0.0,0.0,0.0,0.0,0.0,0.0,-0.06905773932834075,0.004183756672829394,-0.002831322301380763,-7.284868641446291,0.26655956150245724,-6.469145003510414,15.76260033784525,24.897411517179236,101135.80653359451,0.9229681239713774,-0.027031559205724507,-0.38271094432915925,-0.030523924584973165,nan,nan,nan,9.480234360475361,-0.4800685723345548,-0.4521884967261368,0.5348594805401112,-0.0223795168355838,0.12325443756393964,6207.677994409066,8394.299581787336,6281.423640697739,8329.817181397166,"1,1,2",0
471,60396773,44.81777300000034,-0.004448851236478474,-0.14098076993039443,-0.0003802871501933488,0.43677298534158293,1339.0,1532.362980149523,1334.0,1539.362980149523,0.0,0.0,0.0,0.0,0.0,0.0,0.0,0.0,0.06364149624290871,0.12321612386281589,0.0008062226420835482,-7.3449878946621965,0.2229918520758123,-6.594050489608045,15.812527472346554,24.89729806706107,101135.21993266648,0.923659545723481,-0.026783234876931,-0.3810661745545829,-0.03040215756977343,nan,nan,nan,9.438812983250235,-0.47673039328327427,-0.43452906860094914,0.532729900381056,-0.023432955394665216,0.12425714666739249,6169.129396923664,8381.249655419697,6145.987812621157,8416.494558789589,"1,1,2",0
472,60446773,44.86777300000034,0.0005497663154545454,-0.1363646117070707,-6.49510909580808e-05,0.43715075,1339.9174242424242,1533.0,1341.0825757575758,1532.9174242424242,0.0,0.0,0.0,0.0,0.0,0.0,0.0,0.0,-0.01953623214538112,0.02842544797173145,0.005231520944119132,-7.431851538213024,0.21195308450277636,-6.605072466178697,15.812966784888411,24.897183689970422,101135.22105673568,0.9243781433889732,-0.02582243547850278,-0.3794221699645928,-0.029950641174759738,nan,nan,nan,9.395321079745282,-0.47330798068126034,-0.41776216134612293,0.5325352421548969,-0.021238891411759553,0.12720074458342454,6159.406981079009,8365.993661865372,6148.277664649155,8394.798153466096,"1,1,2",0
473,60496773,44.91777300000034,0.004262557262267343,-0.13199035478849408,-0.0002653052586548223,0.4328494390186125,1335.5193120947279,1528.4806879052721,1342.4806879052721,1523.0,0.0,0.0,0.0,0.0,0.0,0.0,0.0,0.0,-0.04503243120879121,-0.03072435644519583,0.0009521635934629472,-7.330958057706396,0.2648543599971823,-6.680244193293886,15.829429182915327,24.89706715756549,101135.02086135546,0.9241513289119462,-0.02714011142007852,-0.3798473025799215,-0.030394065192372408,nan,nan,nan,9.351692553730233,-0.4698800099758561,-0.4010541465781055,0.5341740956734123,-0.021375476530879275,0.1275310710572226,6128.4818887694255,8336.172419042436,6194.085605956811,8289.373827831716,"1,1,2",0
474,60546773,44.967773000000335,-0.004565372721788617,-0.1367620802479675,-0.00032830277417276424,0.43323103,1339.0,1526.0,1333.0737654948182,1532.9262345051818,0.0,0.0,0.0,0.0,0.0,0.0,0.0,0.0,0.06272021352295815,0.035657421756603004,0.0036132437921576597,-7.339566245835027,0.31447316386021945,-6.472695151970744,15.873483009946225,24.896951779058398,101134.48695747001,0.9241497248322148,-0.026767680946308724,-0.3799019121537523,-0.030090696314826113,nan,nan,nan,9.311705043112868,-0.46440411697335743,-0.3772318820843184,0.5311381469024282,-0.02104598908877065,0.12672163888586632,6141.855661694318,8295.075562207085,6114.84099497039,8342.878853369642,"1,1,2",0
475,60596773,45.01777300000034,0.001087356636390102,-0.13684165403202328,-0.0001373571532576419,0.42790785164483264,1330.0,1524.3981077147016,1331.3981077147016,1523.6018922852984,0.0,0.0,0.0,0.0,0.0,0.0,0.0,0.0,-0.025643195258189762,0.028276671322979858,-0.0032697513210385833,-7.253484394758553,0.18148138245571463,-6.631493294588692,15.879875926047498,24.896836993628114,101134.40002123962,0.9245226898428053,-0.025998575296251512,-0.3790805367472793,-0.029661923563482465,nan,nan,nan,9.271909084199233,-0.45882048396916536,-0.3530353410476228,0.5316223410473815,-0.020823089614962594,0.12956817335660847,6094.151402806707,8298.106390722427,6088.523371801647,8321.752813719495,"1,1,2",0
476,60646773,45.067773000000344,0.0048041750220868245,-0.13297473220106626,3.985130106549885e-05,0.4290023468392993,1330.9579107505072,1526.0420892494928,1338.0,1518.9579107505072,0.0,0.0,0.0,0.0,0.0,0.0,0.0,0.0,-0.042939999185833966,-0.02545903424041635,-0.001974380681452145,-7.224511685656258,0.2598397294998731,-6.428504972048743,15.88274818853675,24.896722137289277,101134.37266217128,0.9243401709822785,-0.027359809113670884,-0.37938842380506327,-0.030187293530379744,nan,nan,nan,9.26939,-0.45846704,-0.3515037,0.5313715286727866,-0.02176135185054907,0.12818207769474949,6054.968838086506,8291.81914072225,6122.337684325982,8220.563699463324,"1,1,2",0
477,60696773,45.11777300000034,-0.004875112273193916,-0.13363425471044166,-0.00031933647845130156,0.4305362,1339.0,1521.0,1332.0,1528.1049861090803,0.0,0.0,0.0,0.0,0.0,0.0,0.0,0.0,0.07787990821903787,-0.006504285505629478,-0.0025443290513057467,-7.21025763234391,0.1850184481049861,-6.561293727474777,15.909406,24.896609058639978,101134.06204383729,0.9241063544149949,-0.026558192365207203,-0.3800470992971152,-0.029772332919607555,nan,nan,nan,9.26939,-0.45846704,-0.3515037,0.5320025649585599,-0.021801792243472062,0.1294106783762588,6129.200820386097,8243.84194443345,6084.918765673524,8294.533537695763,"1,1,2",0
478,60746773,45.16777300000034,0.0012362140957019978,-0.13435062615982243,0.0009938240905105439,0.4285725619034406,1333.0,1524.97807686971,1332.97807686971,1521.02192313029,0.0,0.0,0.0,0.0,0.0,0.0,0.0,0.0,-0.028957865835874688,-0.0070223166100360414,-0.008397039812309399,-7.088691867951206,0.24970623719157195,-6.652008024258387,15.928316365437492,24.896495775784402,101133.82814395195,0.9240493488432733,-0.02573390957586685,-0.38026087014979193,-0.029532034625797503,nan,nan,nan,9.22364548336748,-0.4546720739338178,-0.3392795089028916,0.5310950244573083,-0.021019437231974122,0.12797510509151272,6097.298519115848,8256.96995600624,6071.780352441642,8253.555941649867,"1,1,2",0
479,60796773,45.21777300000034,0.0032470051878910776,-0.1328877947725956,4.9140344061413644e-05,0.42966580521726533,1332.5870603560572,1525.5870603560572,1337.4129396439428,1521.0,0.0,0.0,0.0,0.0,0.0,0.0,0.0,0.0,-0.026759864108635904,-0.014625886178214958,-0.0057416532729639815,-7.139846214089396,0.14984972476204253,-6.486328766628092,15.966508332106734,24.8963842463202,101133.37846316425,0.923817173765896,-0.026947014565606938,-0.3806984602312139,-0.030074432000289017,nan,nan,nan,9.17789639182581,-0.45087672833307557,-0.32705409526441936,0.5322628992327366,-0.020524827191815857,0.1280812078516624,6078.677813616283,8285.587836262934,6128.462336356056,8226.481303060033,"1,1,2",0
480,60846773,45.267773000000346,-0.006523094136957644,-0.13163840317923553,-0.0004360737696745868,0.4237759,1334.0,1511.5355113636363,1326.0,1521.4644886363637,0.0,0.0,0.0,0.0,0.0,0.0,0.0,0.0,0.09167600092522278,-0.02358220697998192,0.0037513262518532866,-7.118642726682165,0.24603946819062378,-6.737538711997933,15.978339472314026,24.896277712336445,101133.23191067045,0.923569205597468,-0.02601009517762563,-0.3814001697429273,-0.02962042749993541,nan,nan,nan,9.130323207722903,-0.44988209423170705,-0.299421572330362,0.5317402603544329,-0.02181992200034944,0.12767536438847843,6103.154548618638,8176.15541427029,6046.113386601274,8244.894518926554,"1,1,2",0
481,60896773,45.317773000000344,0.0016330527455696202,-0.13351888898734177,0.00041728342658227846,0.42510200202531645,1329.6301222913537,1520.7397554172924,1331.3698777086463,1517.3698777086463,0.0,0.0,0.0,0.0,0.0,0.0,0.0,0.0,-0.0479301027593985,0.013833299774436092,-0.004327234030075188,-7.069198751879699,0.2615025184962406,-6.484846728571428,15.987311523718942,24.896169082697625,101133.113065911,0.9234522078525503,-0.02525624746785255,-0.38175954495927994,-0.029290478022074583,nan,nan,nan,9.08261369600064,-0.44909677754072314,-0.2706375647753483,0.5325080581763125,-0.020503162233548002,0.12668388510427772,6063.969160918637,8197.553948822895,6042.04297915698,8208.738656371781,"1,1,2",0
482,60946773,45.36777300000034,0.006177541981464873,-0.13434849028400597,0.00025304725053811657,0.42781554699551566,1327.9633690505857,1527.0,1336.0,1517.9633690505857,0.0,0.0,0.0,0.0,0.0,0.0,0.0,0.0,-0.07259711880946451,0.012785959108094646,0.0006891460479202987,-7.140440755466999,0.2615915784557908,-6.447866445080947,16.004068483921493,24.896067750304553,101132.90646427535,0.9235319854885344,-0.027264390466350947,-0.38136103817547357,-0.03015228302342971,nan,nan,nan,9.033794026785175,-0.4462967598602863,-0.25252418490840095,0.5321590937225695,-0.02092042112687857,0.12640483050538637,6021.311999194432,8279.929733348996,6101.189158105085,8192.45721496593,"1,1,2",0
483,60996773,45.417773000000345,-0.006858769170540797,-0.1320750269971537,-6.026500881261861e-05,0.42452206788425045,1335.4907626717195,1512.5092373282805,1326.0,1522.0,0.0,0.0,0.0,0.0,0.0,0.0,0.0,0.0,0.09809473865830573,-0.019546374503312827,-0.0027250946513961193,-7.027714609039281,0.2744079976833885,-6.561713792640795,16.04462934112743,24.895965844339177,101132.41655480815,0.923475106074038,-0.026670353024841695,-0.3815644394739406,-0.029850085200681928,nan,nan,nan,8.984889692438548,-0.4433430928782236,-0.23522459056137138,0.5313174883668904,-0.022962998252945566,0.12654934060999257,6056.4345703125,8192.7919921875,6042.1455078125,8217.4189453125,"1,1,2",0
484,61046773,45.46777300000035,7.91072669921499e-05,-0.13173911618131173,0.00013391416601418082,0.4263347,1332.9128672745694,1519.0871327254306,1333.0,1518.9128672745694,0.0,0.0,0.0,0.0,0.0,0.0,0.0,0.0,-0.024050386913880447,-0.01025958108206687,0.0027931355744680855,-7.087265558358662,0.21111463872340427,-6.682446732421479,16.026585874026896,24.895866123712352,101132.62823641583,0.9232613134364698,-0.025461130487192493,-0.3822047320390566,-0.0293236520235861,nan,nan,nan,8.937474600512152,-0.44030486170932986,-0.21718099450973571,0.5317649607840793,-0.020709220984113427,0.12773526721899556,6091.398611620125,8184.1732068854735,6052.780235547255,8216.54064367594,"1,1,2",0
485,61096773,45.517773000000346,0.007089402906614786,-0.13476521168179853,-0.00023539484728923475,0.42287013,1322.0,1522.4646486486486,1332.4646486486486,1513.0,0.0,0.0,0.0,0.0,0.0,0.0,0.0,0.0,-0.08483279820146995,0.030411060112408128,0.0003679330176113273,-7.035300418504107,0.26048249641158666,-6.627106631733679,16.044672982687988,24.895765135985197,101132.41875512092,0.9232772162997406,-0.02767553757482699,-0.3819384248940311,-0.030271520019463666,nan,nan,nan,8.890150833782675,-0.43726144478900325,-0.1990917738497367,0.5316933635067399,-0.02167476083524713,0.12717462647229155,5976.2949698240145,8240.809579980463,6073.5532149413,8145.837391967936,"1,1,2",0
486,61146773,45.567773000000344,-0.008020993095466666,-0.13336420565333335,-0.00035180482655999996,0.4243469571733333,1334.8625030259018,1512.1374969740982,1324.0,1523.8625030259018,0.0,0.0,0.0,0.0,0.0,0.0,0.0,0.0,0.12196181031113272,0.002700654400097229,-0.003560371736509479,-7.0733069862421,0.17938272046669906,-6.6533240696159455,16.0094191177217,24.895666100239673,101132.85236148315,0.9234370141863834,-0.027034010070014488,-0.38161680498792855,-0.030031227710284884,nan,nan,nan,8.842209824621444,-0.43483469548050263,-0.18134363189015906,0.5307673064549606,-0.02097100346430054,0.12817929354919053,6062.417331822685,8175.71634312163,6003.755166433848,8225.434174386712,"1,1,2",0
487,61196773,45.61777300000035,-0.003628273852964427,-0.13175558339920948,-0.00048114524735177864,0.4219532758102767,1330.591888011486,1511.6367552045945,1325.9551328068917,1517.9102656137832,0.0,0.0,0.0,0.0,0.0,0.0,0.0,0.0,-0.0035217194092922975,-0.013612124568434917,-0.001883015162723027,-7.015065935935816,0.21555356413124177,-6.6466360932822415,16.0466723956013,24.895568292541945,101132.39416325955,0.9233723516908212,-0.02507920173583127,-0.38197610458348064,-0.029133984107929774,nan,nan,nan,8.794178632925483,-0.4324980447223568,-0.16364532341603702,0.5328114357680909,-0.02127151266349716,0.12879444684736974,6076.8150834949965,8145.278063525701,6008.655402246401,8218.483533836543,"1,1,2",0
488,61246773,45.66777300000035,0.011415103028745432,-0.13299885267478684,-1.3119309649451885e-05,0.42173836,1319.0,1523.0,1335.1130328867234,1507.0,0.0,0.0,0.0,0.0,0.0,0.0,0.0,0.0,-0.1426743376803119,0.016326873824561404,-0.0004081502886354776,-7.025476210526316,0.2738274331384015,-6.510874908382067,16.061268505800466,24.895472428306263,101132.21238051045,0.9231814646858256,-0.02796840708524111,-0.38214689480759867,-0.03028912188699464,nan,nan,nan,8.790925,-0.43233976,-0.16244644,0.533528425962175,-0.022800023079432623,0.12775849364066194,5945.563853685999,8238.042092529815,6091.706501269965,8092.973857690082,"1,1,2",0
489,61296773,45.71777300000035,-0.008269673205065926,-0.13524029865833911,0.00023963982301642377,0.4230149018228082,1332.8284789644013,1512.5857605177994,1320.5857605177994,1523.4142394822006,0.0,0.0,0.0,0.0,0.0,0.0,0.0,0.0,0.14503533657089898,0.026870691273401297,-0.005366389177015755,-7.047106462465246,0.24906204843373492,-6.611685634939759,16.113438308838525,24.89538163798918,101131.6053874206,0.9233840472023946,-0.02766046203131476,-0.381691427340548,-0.030141116077365877,nan,nan,nan,8.790925,-0.43233976,-0.16244644,0.5317158310706638,-0.01928989972162741,0.12911807781584583,6042.323940333078,8170.434153954258,5984.292726634707,8214.671566382913,"1,1,2",0
490,61346773,45.767773000000346,-0.005290743309391504,-0.13308176591963258,-0.00022818003700114816,0.42077609111825487,1330.0,1509.9646302250803,1322.9646302250803,1518.0707395498391,0.0,0.0,0.0,0.0,0.0,0.0,0.0,0.0,0.03570592314328358,-0.00889886316089552,-0.003281595454219288,-7.088012168450057,0.2465459796762342,-6.779371609070035,16.134097004567266,24.89528859559461,101131.36894027865,0.9235250563384616,-0.024652992978461536,-0.38165707446153846,-0.028838031926153845,nan,nan,nan,8.744520630923695,-0.42889664798373495,-0.15052503625953814,0.5335325208301182,-0.020721018139097592,0.12831151054298826,6060.855313671092,8103.001857325095,5951.819844581093,8221.264066283053,"1,1,2",0
491,61396773,45.81777300000035,0.01438804356423499,-0.13304669102646868,-0.0001896299666623628,0.42164150876694645,1317.0,1525.3050355067785,1337.3050355067785,1505.0,0.0,0.0,0.0,0.0,0.0,0.0,0.0,0.0,-0.199202115319561,0.005559680114073596,0.0008727287302130408,-7.033125368173015,0.27105079395093606,-6.757218272046481,16.128506046771303,24.895199840533895,101131.43241195718,0.9233166243467011,-0.027637541065976715,-0.3818696540232859,-0.029970951122897802,nan,nan,nan,8.694982478313253,-0.42522101545361446,-0.13779855533584337,0.5322588661819116,-0.02027513719578623,0.12886601751284688,5933.147137499382,8241.232143750758,6096.314099219422,8085.777803173357,"1,1,2",0
492,61446773,45.867773000000355,-0.008502989771715408,-0.1342757981667394,-0.0003555152953993889,0.41834405,1328.9367088607594,1506.0632911392406,1317.0632911392406,1518.9367088607594,0.0,0.0,0.0,0.0,0.0,0.0,0.0,0.0,0.15597864127264788,0.023162362203012443,0.0022698458499672562,-7.019132444007858,0.26425500026195153,-6.917432869810086,16.09099266238586,24.895105711890036,101131.88045125184,0.9234000418759555,-0.028309628253112035,-0.38160522093688576,-0.030140503846909805,nan,nan,nan,8.648226688545114,-0.4204622589084622,-0.1218511389382694,0.5323033936990582,-0.021053145648752398,0.13013075220774004,5996.24711335546,8140.398023387274,5976.816725682028,8170.720860474625,"1,1,2",0
493,61496773,45.91777300000035,-0.008754518397803059,-0.1342422794468419,-0.0002784259386151432,0.4183594113691644,1328.5246768507639,1506.4259694477087,1316.9506462984723,1519.0493537015277,0.0,0.0,0.0,0.0,0.0,0.0,0.0,0.0,0.07151412250696489,0.01742552269707671,-0.0024764906369825384,-7.105402428997449,0.18631299816951147,-6.736735347969394,16.093324720560677,24.89501343968715,101131.84783493326,0.9236447380652547,-0.02417843992921198,-0.38143111024613624,-0.02839236959664186,nan,nan,nan,8.601633645533399,-0.4156401479662583,-0.10571532266952816,0.5311334220394416,-0.01936960490452016,0.1290609606794884,6039.088533763976,8067.323616724423,5894.486352051475,8214.724743407383,"1,1,2",0
494,61546773,45.96777300000035,0.016076786576580692,-0.13432781821273682,-0.00047896582522255195,0.41907580959826524,1312.0,1524.0,1335.0,1502.861447158183,0.0,0.0,0.0,0.0,0.0,0.0,0.0,0.0,-0.22196744285224937,0.008354742563827358,0.004967642582005024,-7.138672112582781,0.19800735969399405,-6.767106765151861,16.145596802110717,24.894922806238682,101131.22162490021,0.9236415905622933,-0.027168937255126792,-0.38114645221609705,-0.02958825536648291,nan,nan,nan,8.554763628751722,-0.41210662075723387,-0.09381548742276893,0.5334277124626221,-0.02083700889249969,0.13177516977305492,5883.49591750453,8227.918725683545,6058.588776220492,8063.847845531733,"1,1,2",0
495,61596773,46.01777300000035,-0.006151319610935601,-0.13448055645200485,0.0005586055792223572,0.41641347020170105,1325.7124151309408,1507.2875848690592,1316.2875848690592,1514.7124151309408,0.0,0.0,0.0,0.0,0.0,0.0,0.0,0.0,0.12807500983471073,0.012874377694214876,-0.007313651568595041,-7.02154711570248,0.24260128727272728,-6.648646157024793,16.18017716102779,24.894835747936288,101130.80936984072,0.9236492752650176,-0.028629019197173144,-0.38097242636042405,-0.030208949090459365,nan,nan,nan,8.507873339796713,-0.4086674071461948,-0.08222569070970706,0.5313837505209595,-0.0217890868063969,0.12985340980130847,5948.348852133579,8124.208288111683,5945.821463133292,8120.341298422575,"1,1,2",0
496,61646773,46.06777300000036,-0.009959919446336047,-0.13509217345669874,0.0005072877561287935,0.41708489248704667,1329.0,1505.8874907475945,1313.8874907475945,1519.0562546262029,0.0,0.0,0.0,0.0,0.0,0.0,0.0,0.0,0.09660110969166255,0.018390259478046372,-0.006084996399827331,-7.089802614331524,0.22165581462752837,-6.742829942550568,16.210470232215428,24.894747979870104,101130.43440442097,0.9238734264428536,-0.024427982958281906,-0.38085401660577634,-0.02848527768797828,nan,nan,nan,8.459850906648292,-0.40643042937943247,-0.0664580908734018,0.53074404887402,-0.021506626769860687,0.13114157431817047,6030.13938940325,8044.754883472605,5854.925668555594,8211.03360759165,"1,1,2",0
497,61696773,46.117773000000355,0.016451298928571428,-0.13457765,0.000436033074,0.41322523,1306.5399849586363,1519.9200300827274,1329.0,1495.5399849586363,0.0,0.0,0.0,0.0,0.0,0.0,0.0,0.0,-0.24062205644594933,0.012469346907549535,-0.00972596114371708,-7.014739650213193,0.23455201594181088,-6.631252253448708,16.20724224169738,24.894667428498995,101130.47486507148,0.9238225765633591,-0.027050941844788803,-0.3807117725743564,-0.02964068371607098,nan,nan,nan,8.411741580530936,-0.4042857241716545,-0.05036984131853253,0.5322377057197331,-0.01979621496854147,0.13251589916587225,5830.060542015172,8186.311041700437,5980.948066235992,8014.776632347701,"1,1,2",0
498,61746773,46.16777300000035,0.009923485,-0.30924958,5.7069374e-05,0.44670856,1221.138888888889,1671.861111111111,1234.162037037037,1657.837962962963,123451.0,1.0,0.4,0.4,0.4,0.4,0.0,0.0,-0.08152222296412884,2.308864066569058,-0.0033885176011542216,-7.633730371083455,0.20091543046852123,1.4093900947291362,16.208799940209897,24.894641358472498,101130.45480913896,0.9335404917847026,-0.030152029366211693,-0.3557638028096832,-0.0320003770502189,nan,nan,nan,8.360814212234244,-0.4390136776726535,-0.03677872677092542,0.524602264761667,-0.022657444721986525,0.15974078588220614,5113.954173575743,9410.807939907829,5312.5203713530655,9221.440167887875,"1,1,2",0
499,61796773,46.217773000000356,-0.0032728649490566036,-0.49961281341337904,-0.0024876357457975984,0.48197070608919385,1128.1166666666666,1829.825,1128.2333333333333,1839.65,123451.0,1.0,0.4,0.4,0.4,0.4,0.0,0.0,0.08403829723461634,3.979462579553812,0.0005742747165726895,-9.251923287815641,0.25576201681049276,-4.09543535655798,16.20842346778328,24.894674744694793,101130.45272659638,0.9601611638310893,-0.02684911808665851,-0.2760156989718482,-0.03418730471970624,nan,nan,nan,8.309708690123804,-0.476072683852777,-0.02334547860596212,0.48878194275287284,-0.02148061879816475,0.24337446578524224,4017.284104778523,11325.113899961376,4065.2357418257757,11358.130916711212,"1,1,2",0
500,61846773,46.26777300000036,-0.006449517621598985,-0.5574653935025381,-0.0033168595660659898,0.4839654466395939,1090.88730964467,1869.830964467005,1087.943654822335,1885.718274111675,123451.0,1.0,0.4,0.4,0.4,0.4,0.0,0.0,0.08640357543031227,3.5471712020309725,-0.007631311433104849,-10.28458508428535,0.2394248877938563,-8.860350757552679,16.182706025598897,24.894715933824934,101130.7614984908,0.9825446900862069,-0.020878400405172415,-0.1813266010851927,-0.03592467932555781,nan,nan,nan,8.257159762938647,-0.5302582243339353,-0.036088256423316006,0.4339190203395915,-0.02006799093751516,0.3325905122582836,3418.5678413436954,12111.381142040898,3388.019059398524,12277.564646679084,"1,1,2",0
501,61896773,46.31777300000036,0.0028171524031209783,-0.5143508559202059,-0.0038161836914414413,0.46685825495817246,1096.584432293342,1828.3377291733677,1108.7922161466709,1832.1299453200386,123451.0,1.0,0.4,0.4,0.4,0.4,0.0,0.0,-0.0314866405940817,2.0271310929559347,-0.0033014314425860404,-9.976448322611772,0.16607622155677065,-10.160043363139273,16.17629766434181,24.894723974471177,101130.84783406263,0.9927419043958869,-0.01781246507455013,-0.1129689192133676,-0.037191095526992284,nan,nan,nan,8.204519650389631,-0.5855257128345789,-0.050484672914540576,0.3864338006712883,-0.02013790681364106,0.3874651432035825,3370.626186602657,11849.298865763076,3456.8265091465246,11937.873054194777,"1,1,2",0
502,61946773,46.367773000000355,0.0027475695973643807,-0.43436290559365404,-0.005250636371827022,0.45365572,1138.750512295082,1757.249487704918,1152.750512295082,1763.3118596311476,123451.0,1.0,0.4,0.4,0.4,0.4,0.0,0.0,-0.06818508736370617,0.41882304989250063,-0.005859690704171999,-8.911873202201178,0.178026731046839,-9.87982360634758,16.201399206389777,24.89469645772098,101130.5567454739,0.9953869973694491,-0.01830459188357859,-0.08620531503060294,-0.03792415602812866,nan,nan,nan,8.201157,-0.5890562,-0.051404316,0.3615321320396649,-0.019189831936399386,0.41056934258847666,3751.2632200958833,11122.922164008316,3902.0502918371144,11193.900473334115,"1,1,2",0
503,61996773,46.41777300000036,0.006574798262664165,-0.3596208140525328,-0.005191816794840525,0.44412267,1179.68574108818,1697.31425891182,1199.264305816135,1698.31425891182,123451.0,1.0,0.4,0.4,0.4,0.4,0.0,0.0,-0.08699517417448406,-0.7752797545966229,-0.014972439815196997,-7.791218078142589,0.21444831547842402,-8.88472629924953,16.219695083012137,24.894650720991773,101130.33014899614,0.9947461026923077,-0.020656043525328332,-0.09274255636139775,-0.03810170399296435,nan,nan,nan,8.200206609061969,-0.5891270209861215,-0.05163592898752561,0.36677105030701107,-0.020809170667011073,0.4059898310346864,4206.136652371189,10421.933769722636,4415.479013748257,10443.809527241907,"1,1,2",0
504,62046773,46.46777300000036,0.005624023160179416,-0.29937699730874656,-0.004361207706902567,0.44648075113630703,1225.7816550348953,1657.2183449651047,1242.7088733798605,1658.1455633100697,123451.0,1.0,0.4,0.4,0.4,0.4,0.0,0.0,-0.053436996222333,-1.4485258934945164,-0.012923060326271187,-6.686856796360917,0.17466785697657028,-7.802841655932204,16.200133469505783,24.894600546461813,101130.57049187989,0.9915908984814538,-0.023490051045556386,-0.12146733671147623,-0.03795419972840428,nan,nan,nan,8.160374633452916,-0.5920952098428438,-0.06134309527107999,0.3872935593307315,-0.022154808183426057,0.38617893147803706,4710.293881253724,9915.445492086654,4913.617833963414,9930.56241986982,"1,1,2",0
505,62096773,46.51777300000036,0.004402964831349602,-0.2474211711802789,-0.0041767786124502,0.45106574655129483,1267.8466135458168,1624.5383466135459,1282.8466135458168,1626.5383466135459,123451.0,1.0,0.4,0.4,0.4,0.4,0.0,0.0,-0.0178954208429176,-1.8067118520288772,-0.01231605642270351,-5.923271773786408,0.20856035958177743,-7.305665459546925,16.223746549213175,24.894562071742744,101130.27843338871,0.9856886390547264,-0.02582393160199005,-0.16234346373134326,-0.03731645748756219,nan,nan,nan,8.120542657843863,-0.5950633986995663,-0.07105026155463437,0.4198848388095238,-0.02418239855357143,0.3517103098214286,5218.030121097064,9510.729591843388,5395.386012918216,9539.167458298496,"1,1,2",0
506,62146773,46.56777300000036,0.004475057792035398,-0.2049273533754741,-0.002579436600505689,0.45694974,1305.918457648546,1602.0543615676359,1316.9456384323641,1601.0543615676359,123451.0,1.0,0.4,0.4,0.4,0.4,0.0,0.0,0.013294670622878228,-1.9194464763837638,-0.019178724399261993,-5.133098527527675,0.2493671816383764,-6.944076694907749,16.248433865190517,24.894538790783194,101129.99417291292,0.9769795815,-0.027586641057911393,-0.2083708891677215,-0.036479682607278484,nan,nan,nan,8.076569472055555,-0.56917665426526,-0.06584365648011599,0.44913337243671797,-0.023369626562135832,0.3134465638437291,5676.314988845904,9229.061038816651,5817.14493200973,9237.721856150321,"1,1,2",0
507,62196773,46.61777300000036,0.0015400812099633252,-0.1728304015311736,-0.0012748439140892421,0.4708123285116137,1345.3378254211332,1592.3378254211332,1350.3378254211332,1592.6756508422664,123451.0,1.0,0.4,0.4,0.4,0.4,0.0,0.0,0.045145624108249,-1.8262830684145968,-0.020118648188285803,-4.71239521950322,0.23718621633854645,-6.341506408157007,16.237851134362934,24.894541292664094,101130.11756447877,0.9661508041615667,-0.028435217465116278,-0.25395270264687886,-0.035360706706548346,nan,nan,nan,8.032352479314719,-0.5415911229917106,-0.05975902759417359,0.4726274387594962,-0.02130641550539784,0.273381786212515,6006.76025390625,9106.005859375,6101.50830078125,9108.8984375,"2,6,123451,1,0.4,0.4,0.4,0.4",1
508,62246773,46.667773000000366,-0.0005814224925684608,-0.153727615694051,-0.000848021817374882,0.4889573,1378.9657372400757,1596.0342627599243,1379.9657372400757,1598.0342627599243,123451.0,1.0,0.4,0.4,0.4,0.4,0.0,0.0,0.06688054923910483,-1.6204271594817432,-0.01972833815312132,-4.340215634864546,0.17214611776207303,-6.177203878091873,16.251685075528986,24.894575644368533,101129.93208558687,0.954430551982486,-0.02852059222792508,-0.29509642029189975,-0.034148624683288734,nan,nan,nan,7.984864084841157,-0.5056904096662637,-0.05783893324368382,0.49736327916198636,-0.021275893258838743,0.22751008527536465,6502.86778357243,9078.925032421943,6527.380423122749,9103.546126465002,"1,1,25",1
509,62296773,46.71777300000036,0.0009550827841951438,-0.14312504753821942,0.0009174424755845323,0.50945026,1408.0,1612.0,1407.3375337533753,1608.6624662466247,123451.0,1.0,0.4,0.4,0.4,0.4,0.0,0.0,0.0520448665150833,-1.3002378795587572,-0.02576225067852319,-4.0732357843313824,0.2149461219630797,-6.310473969608285,16.251514033597402,24.89464320101345,101129.930632873,0.9430709783772819,-0.028169134320486816,-0.32974266403651115,-0.0330422501622718,nan,nan,nan,7.93678812386392,-0.4682962318125156,-0.056666818259943304,0.5131381174242934,-0.02084808568421938,0.18794349041344213,6837.683664626241,9202.169530958434,6838.814790968949,9188.490157422955,"1,1,25",1
510,62346773,46.76777300000036,-0.0016154704593023255,-0.14051357406976744,0.0012816489081395347,0.52825534,1431.0,1627.0,1426.0,1626.813646937193,123451.0,1.0,0.4,0.4,0.4,0.4,0.0,0.0,0.0632343204998705,-0.9558304064491064,-0.023520607212898212,-3.9126748593110596,0.2708079153846154,-6.456689101243201,16.201865861301066,24.894749066294857,101130.53005596831,0.9335034557508147,-0.027514256653797947,-0.3560627103559789,-0.03214091114815743,nan,nan,nan,7.887877551809472,-0.4438567392393871,-0.06921249700656383,0.5233281044364937,-0.019762387778890878,0.1593329714669052,7139.967493141761,9414.263847755574,7096.111485182373,9403.154362306474,"1,1,25",1
511,62396773,46.817773000000365,-0.0008195887827446371,-0.14601262580076402,0.001963792933529239,0.55429703,1453.0,1658.0,1448.0,1656.0,123451.0,1.0,0.4,0.4,0.4,0.4,0.0,0.0,0.05389613310496913,-0.6297012239694209,-0.026773398357247867,-4.021147365480742,0.2410923764922082,-6.795830225345487,16.141984695425972,24.8948968699328,101131.24936700628,0.9263889686210961,-0.026631115222156745,-0.37431213916322925,-0.03137909588214496,nan,nan,nan,7.838916876709438,-0.42052272604186464,-0.08289701065233177,0.5293176723197581,-0.01804642518553164,0.1398954077194559,7391.197893360981,9718.432029885165,7337.5676944596435,9699.927976076406,"1,1,25",1
512,62446773,46.86777300000037,-0.000547911295007006,-0.15318887563755257,0.0015243189899579637,0.5749260836758524,1468.0863764044943,1684.1151685393259,1464.0575842696628,1681.1151685393259,123451.0,1.0,0.4,0.4,0.4,0.4,0.0,0.0,0.03275437462564223,-0.3430171997407753,-0.018393217176085944,-4.2204086395609535,0.2436104911489958,-7.213556034212984,16.182683372040522,24.89507725609262,101130.7834548191,0.9218945119942112,-0.025911674904196814,-0.38533093406657015,-0.030971126230680174,nan,nan,nan,7.7921711846833155,-0.4153495069877687,-0.11072066425422797,0.5348101421633995,-0.017219726441169935,0.1269930524781082,7520.39599609375,9912.271484375,7466.64111328125,9888.08984375,"1,1,25",1
513,62496773,46.917773000000366,-0.0015974163947565542,-0.16225494565543072,0.0011585362779026216,0.59151006,1478.434706616729,1705.565293383271,1474.434706616729,1705.565293383271,123451.0,1.0,0.4,0.4,0.4,0.4,0.0,0.0,0.03455912513436563,-0.11731236326923078,-0.014774648815934066,-4.450644191258741,0.21323607210039958,-7.651519021503496,16.11863503648839,24.895275848236064,101131.52384825589,0.9196855919169169,-0.025208047107107105,-0.390642818993994,-0.030681178533533533,nan,nan,nan,7.7457256,-0.4102095,-0.13836569,0.5333754771076179,-0.01692583397629988,0.11950157098186216,7740.759907492543,10313.246165326495,7689.907406027601,10297.422434165965,"1,1,25",1
514,62546773,46.96777300000036,-0.0005783497626457286,-0.17545483038190954,0.0023363526463819097,0.6137284360301507,1491.7552763819097,1739.2658291457287,1486.7552763819097,1735.510552763819,123451.0,1.0,0.4,0.4,0.4,0.4,0.0,0.0,0.013594589393063584,0.0843243054837899,-0.024837967963558683,-4.820105215431013,0.29335344860517715,-8.196849544609199,16.120192467588463,24.895509299583704,101131.52099137675,0.9195456282685068,-0.02459034158795483,-0.39100552401003763,-0.030755179071769136,nan,nan,nan,7.7457256,-0.4102095,-0.13836569,0.5344851939613146,-0.015198472984012633,0.12121387244350143,7873.697354932205,10647.14436924042,7818.347819067852,10616.920368605439,"1,1,25",1
515,62596773,47.01777300000037,-0.0005836367519521796,-0.18684372899839627,0.0012470902342761336,0.6275939900204112,1496.4464831804282,1759.744138634047,1493.4464831804282,1758.5953109072375,123451.0,1.0,0.4,0.4,0.4,0.4,0.0,0.0,0.0016285261955519908,0.21664440329881873,-0.017892018960770015,-5.1079217734869475,0.22601661888435176,-8.541029625638034,16.036432502909264,24.895733871835194,101132.52038245006,0.9209905881251786,-0.024156215526436126,-0.3875975282194913,-0.031000882780508717,nan,nan,nan,7.7457256,-0.4102095,-0.13836569,0.5337533562845237,-0.013218934885841652,0.12453344186801046,7930.996311133573,10896.405986525513,7883.854151392404,10869.58268125212,"1,1,25",1
516,62646773,47.06777300000037,-0.0016778907888335519,-0.1987736142778506,0.0010831708579816513,0.6610823,1522.0951756685895,1801.0,1518.0,1800.9048243314105,123451.0,1.0,0.4,0.4,0.4,0.4,0.0,0.0,-0.0019262815808025176,0.2967764947757671,-0.010205968260424863,-5.415667037529505,0.16781526097560978,-8.891496237608182,16.001949520486484,24.895964414142163,101132.92727353629,0.9233569833675079,-0.02377434383911672,-0.38191671448212405,-0.03140669512329127,nan,nan,nan,7.696768664214032,-0.4160126163271027,-0.19614076584954532,0.5317747554953249,-0.01585253995131752,0.131130443961054,8174.891172144548,11312.024601760078,8120.745776539249,11296.112928469192,"1,1,25",1
517,62696773,47.11777300000037,-0.0004122452564227642,-0.20354894833079268,0.0008978479356554878,0.66791934,1525.0,1812.0,1522.0,1811.0,123451.0,1.0,0.4,0.4,0.4,0.4,0.0,0.0,-0.018992413397535254,0.2753447528141278,-0.011613331330580613,-5.749742133718715,0.2538208740553932,-9.707300360309999,15.984518907220716,24.896197156933095,101133.15005420899,0.9259810390205793,-0.02369917415015244,-0.3754770883117378,-0.03184551649568089,nan,nan,nan,7.6419674882393664,-0.4226574993822339,-0.26039347169104593,0.5301931136935166,-0.014829270565815324,0.1367381987033399,8257.716017871318,11521.263129200002,8228.018743359702,11513.038631836615,"1,1,25",1
518,62746773,47.167773000000366,-0.00019313251102771967,-0.20567816958158994,0.000279893955083682,0.6803993,1535.0,1825.8736897274632,1534.0,1825.0,123451.0,1.0,0.4,0.4,0.4,0.4,0.0,0.0,-0.028196095396705024,0.2190373960538703,-0.011678398924947698,-6.006570951882845,0.22321168878138076,-9.632517572960252,15.966679693415493,24.89640707552817,101133.36638644365,0.928047871804878,-0.02403502303902439,-0.3702760727804878,-0.03232724073170732,nan,nan,nan,7.604231166077895,-0.4288903687992615,-0.2999755653500675,0.5280147428318784,-0.014663191701343344,0.14430320594644716,8302.255859375,11593.919921875,8288.892578125,11586.0615234375,"1,1,25",1
519,62796773,47.21777300000037,0.0011220529314917129,-0.21102632959484346,0.0002334626325150871,0.6747569,1524.3821195806177,1824.6178804193823,1525.3821195806177,1822.6178804193823,123451.0,1.0,0.4,0.4,0.4,0.4,0.0,0.0,-0.03838644798510638,0.22472548927659575,-0.011534071718085107,-6.143449705319149,0.24932687738297873,-9.816347285106383,15.938196123643968,24.89659225029408,101133.71628414586,0.929924719944212,-0.024607880981868897,-0.36544565040446303,-0.03292328575174338,nan,nan,nan,7.566494843916424,-0.4351232382162892,-0.33955765900908896,0.5273884100195482,-0.014904272052689002,0.14960504087011864,8302.002451343407,11709.599861328106,8309.157368220785,11689.121300608746,"1,1,25",1
520,62846773,47.267773000000375,0.00014809341537986095,-0.21778754512490342,0.0006390321273602884,0.6822164732732424,1528.1184651043009,1836.0592325521504,1527.1184651043009,1835.0,123451.0,1.0,0.4,0.4,0.4,0.4,0.0,0.0,-0.020891398329557158,0.23605399688980433,-0.008401115280123585,-6.357671341091658,0.25405818283213183,-9.414494693099897,15.882275499731128,24.89675090175972,101134.38126770384,0.9318061802472952,-0.024960961727202472,-0.36054091645285935,-0.03353427051081916,nan,nan,nan,7.52399128912141,-0.4404696197068542,-0.38805208866813523,0.5258547311948465,-0.014016761279032827,0.15724415885986587,8306.77521806604,11799.529639697625,8297.044657518918,11782.495184424259,"1,1,25",1
521,62896773,47.31777300000037,-0.00028534894715272446,-0.2231394744589409,0.00036283749622409824,0.673629036838066,1515.6558341862844,1830.6558341862844,1514.6558341862844,1830.6558341862844,123451.0,1.0,0.4,0.4,0.4,0.4,0.0,0.0,-0.012082860110145668,0.22130080697929977,-0.010970489871198568,-6.464271033503706,0.23010448059545105,-9.352525273191924,15.86173064048922,24.89688756863144,101134.61163931516,0.9337524757449527,-0.02501680490748786,-0.35541392230002555,-0.03408057831280348,nan,nan,nan,7.4805209849614505,-0.4456362298907058,-0.4383538551681776,0.522259838754917,-0.014279203527278947,0.16271592910552418,8205.232088646366,11790.906212353004,8185.596244335021,11782.682590282766,"1,1,25",1
522,62946773,47.36777300000037,-0.00015440533422928955,-0.2263989029186971,-0.00028932925121826105,0.6722052250987433,1511.8997429305912,1830.9665809768637,1511.8997429305912,1831.9665809768637,123451.0,1.0,0.4,0.4,0.4,0.4,0.0,0.0,-0.01871474301692742,0.18570204097204412,-0.007902720737881508,-6.59665818748397,0.29629810154398567,-9.183679312387792,15.87176022458191,24.897003604883977,101134.48716289568,0.9354147496656761,-0.025207733020059436,-0.3509549206785537,-0.03456373862431897,nan,nan,nan,7.437618303688964,-0.4521240970043205,-0.4662721882544583,0.5219988739115059,-0.013474550551677683,0.16718154795310064,8115.373647875397,11761.840603369,8107.22261020457,11763.296364209005,"1,1,25",1
523,62996773,47.41777300000037,-8.40497846076352e-05,-0.22996742859225877,-0.00018410365280487805,0.6623641023647933,1498.994448850119,1824.4972244250596,1499.4972244250596,1824.994448850119,123451.0,1.0,0.4,0.4,0.4,0.4,0.0,0.0,-0.03141361948369133,0.15080139843277643,-0.008438768093343941,-6.67715506099178,0.283346155014585,-8.968442709891276,15.842343118788909,24.897095883995206,101134.84557140095,0.9368069837085248,-0.02549550581623277,-0.3471596557580398,-0.03497024037212864,nan,nan,nan,7.394749983671321,-0.45869194687951725,-0.4928355321801979,0.5203770255657316,-0.014378816931414021,0.17293355991334347,8016.017780126105,11717.766282909786,8020.755725804912,11724.741563134148,"1,1,25",1
524,63046773,47.46777300000038,0.001538390236473755,-0.23179455119784656,0.0007629011423283984,0.65441084,1489.927341227126,1820.0,1490.0,1816.0,123451.0,1.0,0.4,0.4,0.4,0.4,0.0,0.0,-0.03338877930107527,0.11837706295698924,-0.014589275008064515,-6.665258351075269,0.2244410160752688,-8.443445481182795,15.817827512689238,24.897168342196533,101135.14848444812,0.9378581934518317,-0.02611027797693351,-0.34419614783175034,-0.035628248237177744,nan,nan,nan,7.344484890139579,-0.4633619086293147,-0.5051615724891777,0.5185380934844613,-0.013676727100733657,0.17397081165691206,7907.269433105059,11664.676154250086,7913.325192638149,11639.003478143699,"1,1,25",1
525,63096773,47.517773000000375,5.6592111422808205e-05,-0.233289354068064,-0.00035292036882127566,0.6514319,1486.0,1815.2979011509817,1486.0,1816.0,123451.0,1.0,0.4,0.4,0.4,0.4,0.0,0.0,-0.02032760461871477,0.08507653001848929,-0.009956644096595264,-6.719054146448704,0.20197133454791433,-8.3430521632469,15.785128379722899,24.897223337648644,101135.54183995782,0.9386281257378573,-0.02653684188473158,-0.34200557198466186,-0.036128252877759705,nan,nan,nan,7.293874930894556,-0.46793041579853767,-0.5166510274515642,0.5172587248114947,-0.01467806257598113,0.17888354648638216,7845.593759691894,11617.013619189069,7845.831722313913,11610.84392485314,"1,1,25",1
526,63146773,47.56777300000037,0.0007935287312157753,-0.23357758693147965,0.0009868204163001844,0.6465736475755426,1481.6225531914893,1812.6225531914893,1480.6225531914893,1809.6225531914893,123451.0,1.0,0.4,0.4,0.4,0.4,0.0,0.0,-0.02071234527691871,0.04578430541140587,-0.016254977168250816,-6.668737307930202,0.25550899834870194,-7.900566645254647,15.780523632484927,24.897267200321785,101135.5943240739,0.9390491207951157,-0.02683936285290359,-0.3407656128070425,-0.03667802984850206,nan,nan,nan,7.2484427314426885,-0.47275615146222344,-0.5238322524987434,0.5165391677425317,-0.012768198038565291,0.1804486195808772,7790.344817773068,11572.76405576144,7787.5232312008775,11551.023470849386,"1,1,25",1
527,63196773,47.617773000000376,-0.000514026785733639,-0.23244557360358484,0.000345922449656732,0.6455624338682784,1481.6150479366402,1809.2300958732806,1480.0,1809.6150479366402,123451.0,1.0,0.4,0.4,0.4,0.4,0.0,0.0,-0.009416586994576554,-0.006378623105465164,-0.0075292475742177725,-6.589965097413433,0.2143658523696287,-7.764049653316646,15.823442302100604,24.897299333677907,101135.0850644614,0.9391188938641101,-0.027091707188411838,-0.34050167518132557,-0.03715391735764902,nan,nan,nan,7.20301053199082,-0.4775818871259092,-0.5310134775459227,0.5164837450587484,-0.014943393236959835,0.18112234041787523,7775.504075805737,11535.655411278854,7765.857185253868,11528.926132275321,"1,1,25",1
528,63246773,47.66777300000038,-0.00039071286589928054,-0.22921221719424462,-1.2747416230215813e-05,0.6437783906474821,1481.0611657471816,1805.0611657471816,1481.0,1806.0,123451.0,1.0,0.4,0.4,0.4,0.4,0.0,0.0,-0.015136191472069047,-0.06463879661472069,-0.004940634747782306,-6.502301543155118,0.2847485709518101,-7.781656893694557,15.833099563188556,24.89732341921901,101134.96838438023,0.9387035495685523,-0.02722159253691275,-0.34160134976030676,-0.037461149957814,nan,nan,nan,7.155117778744205,-0.48059692134781296,-0.5317837070495868,0.5180136927073837,-0.012472701499153537,0.1779106805169944,7778.337484057695,11491.329245751669,7769.6321543703025,11497.251584716423,"1,1,25",1
529,63296773,47.71777300000038,0.0004399504211562116,-0.22523803033210332,-2.869112944907749e-06,0.6435681184747848,1483.4709788489915,1802.5290211510085,1484.0,1802.0,123451.0,1.0,0.4,0.4,0.4,0.4,0.0,0.0,-0.02799640833546483,-0.12003083015740286,-0.011567220033939991,-6.551965511559272,0.19039870916871618,-7.645363923954747,15.801071,24.897343414484926,101135.36,0.9378287051118211,-0.02770560268001966,-0.34391529666257065,-0.03784202942590317,nan,nan,nan,7.106960653164685,-0.48341740612910705,-0.5318651120082645,0.519718890653116,-0.012405595476049856,0.17706667253346117,7799.275754394821,11458.891637158004,7801.35024040556,11454.606312451015,"1,1,25",1
530,63346773,47.767773000000375,0.001202622784961885,-0.22113649287595286,0.0005788436730538231,0.6457050718156618,1488.9599351551644,1802.9599351551644,1488.9599351551644,1800.0,123451.0,1.0,0.4,0.4,0.4,0.4,0.0,0.0,-0.03387271038813207,-0.14885994866543523,-0.01572482731355345,-6.354783308566151,0.2286743987854999,-7.602229711567768,15.801071,24.897357193903986,101135.36,0.9365829249226374,-0.028406353621756725,-0.34719466818852657,-0.03823046840585575,nan,nan,nan,7.064606553809781,-0.4832111999997063,-0.5287594808868765,0.5205830805237912,-0.013650932693303914,0.17242161745970838,7842.4306483646105,11448.042801855489,7852.335068555028,11436.18162304685,"1,1,25",1
531,63396773,47.81777300000038,0.000932984747166998,-0.2178937680417495,0.0003548965055616302,0.6479063635188868,1493.0,1802.477623073098,1493.477623073098,1800.477623073098,123451.0,1.0,0.4,0.4,0.4,0.4,0.0,0.0,-0.02354519601118568,-0.16614591488441463,-0.009667435779269203,-6.3188822904548845,0.14322533484712902,-7.446080287397464,15.810348202386502,24.8973729207607,101135.24941083248,0.935168261217089,-0.029111689397913563,-0.3508915569076006,-0.03857477834575261,nan,nan,nan,7.022766816181899,-0.48273671764618925,-0.5253713610572226,0.5206000751687124,-0.013372825128807832,0.16982681099935398,7896.042079004391,11445.827370849564,7909.090989355834,11437.943548437368,"1,1,25",1
532,63446773,47.86777300000038,0.0006197373203962437,-0.2140583561016949,0.00016091278630554274,0.6518261,1499.765434932293,1803.0,1500.0,1802.234565067707,123451.0,1.0,0.4,0.4,0.4,0.4,0.0,0.0,-0.01753065809848832,-0.18099346690792487,-0.016887147197434723,-6.223664298671553,0.17057595264315162,-7.293014679111314,15.837735038079,24.8973906362603,101134.90646149474,0.9335836317538462,-0.029688518171834318,-0.3550090692804734,-0.038844878894201185,nan,nan,nan,7.0175653,-0.48267773,-0.52495015,0.5239373284600465,-0.013903124117726921,0.16429684791262605,7973.208191895258,11462.259752929856,7973.529220913053,11444.115663644157,"1,1,25",1
533,63496773,47.91777300000038,0.0006738404897655659,-0.21101858033526594,0.00011538021194101336,0.657424,1507.0,1807.0,1508.0,1806.0,123451.0,1.0,0.4,0.4,0.4,0.4,0.0,0.0,-0.011397647590519415,-0.1781254365355522,-0.007973465402924861,-6.169925135753909,0.2564912068582955,-7.257323177256682,15.782079049104357,24.897407767846,101135.56352196774,0.9319308851472439,-0.03003472888044299,-0.3592725891417065,-0.03906306349962245,nan,nan,nan,7.0175653,-0.48267773,-0.52495015,0.523451368085717,-0.013589428232756147,0.16060035687936478,8054.6128380376385,11485.108588672116,8054.56508142155,11476.683654639,"1,1,25",1
534,63546773,47.96777300000038,-0.00020114786938366718,-0.20853090063174112,-0.00027836238221879816,0.66284406,1515.0,1809.075500770416,1515.0,1810.0,123451.0,1.0,0.4,0.4,0.4,0.4,0.0,0.0,-0.010045143377823407,-0.17291813121149896,-0.006748908476796715,-6.1393817689938395,0.20002544919917864,-7.388857572895278,15.773982234278531,24.897428966394322,101135.66756294134,0.9303103207403599,-0.030431985455526993,-0.36340123512339334,-0.03919368682287918,nan,nan,nan,6.975233362760975,-0.4813817104266962,-0.5238731620349089,0.5262171676151853,-0.01279255334970523,0.15611390984003604,8142.61207507401,11521.305581983013,8138.620976807388,11519.28795146523,"1,1,25",1
535,63596773,48.01777300000038,0.00035281889799027944,-0.20674273217010936,0.000283189971545565,0.6697237,1523.0,1816.0,1523.0,1815.0,123451.0,1.0,0.4,0.4,0.4,0.4,0.0,0.0,-0.018091004971567435,-0.15230310119319562,-0.007984642696670718,-6.183345125103281,0.18229259169380316,-7.385987532490887,15.773476473596924,24.897455790735368,101135.68477893785,0.9288334580976676,-0.03086663107628766,-0.3671024025655977,-0.03938994332410107,nan,nan,nan,6.928799454024138,-0.479960106349185,-0.5226918137635236,0.526130134088487,-0.012174823910705635,0.1507923670224447,8237.221303369684,11592.24770444392,8235.491155860043,11579.075034277708,"1,1,25",1
536,63646773,48.067773000000386,0.0008131249151462732,-0.20506790437802086,0.00028035326844314424,0.67579365,1530.0,1821.0,1531.0,1819.0572227873856,123451.0,1.0,0.4,0.4,0.4,0.4,0.0,0.0,-0.01836919777975585,-0.12792834944048828,-0.010583804462105799,-6.159680808901323,0.2505869245930824,-7.5899082927263475,15.759725639853853,24.897483825726383,101135.8494235342,0.9275248095198171,-0.0314953299070122,-0.37032085261432923,-0.039602525768292686,nan,nan,nan,6.880243745946743,-0.4771614582483503,-0.5232799667215032,0.5276472841980718,-0.013133830350394391,0.14801401632427696,8310.37452939527,11650.173251709442,8321.897747559033,11632.205902393192,"1,1,25",1
537,63696773,48.11777300000038,0.0004886583742948038,-0.2051697844114528,0.00090087388130965,0.6828133965747614,1537.4260684895141,1828.4260684895141,1536.4260684895141,1826.4260684895141,123451.0,1.0,0.4,0.4,0.4,0.4,0.0,0.0,-0.010457708560063644,-0.09859245304693715,-0.009702524894192521,-6.200367869265446,0.1964313733731106,-7.622931268098648,15.762580126760563,24.897513183098592,101135.81211267605,0.926463172511391,-0.03178760739480033,-0.37291992693647813,-0.039829722459394264,nan,nan,nan,6.831259475004321,-0.47408467360527895,-0.5242255250674611,0.5288741793732867,-0.01299461429992109,0.14527206019353767,8399.764314942031,11720.820338574762,8388.281121387345,11702.469083154858,"1,1,25",1
538,63746773,48.16777300000038,0.0006669720161382114,-0.20536160006097562,0.00017342507388973577,0.6884206225279471,1542.1615443230887,1834.1076962153925,1543.1076962153925,1832.1615443230887,123451.0,1.0,0.4,0.4,0.4,0.4,0.0,0.0,-0.010620181820396242,-0.06722149675895352,-0.0046190302482092965,-6.224103601193803,0.2323233056540513,-7.676003577216155,15.760026163175688,24.897545415147864,101135.84054987758,0.9256620676938986,-0.03199170118665977,-0.3748766731954498,-0.039924084322647366,nan,nan,nan,6.787243019636322,-0.47215266776996945,-0.5279874028863819,0.5296047792044732,-0.014192134835176007,0.14350490744694372,8470.50796127988,11792.783900196,8469.136026611895,11787.67883833065,"1,1,25",1
539,63796773,48.217773000000385,0.0009052865130677291,-0.20661787301382706,0.0008514754315819077,0.695019927689243,1548.5485834699134,1842.0971669398268,1548.0971669398268,1839.0971669398268,123451.0,1.0,0.4,0.4,0.4,0.4,0.0,0.0,-0.020422905926691732,-0.03503497087781955,-0.010365411439614662,-6.218057293749999,0.23405485881578947,-7.5126293643562025,15.742304495706774,24.89757806195862,101136.04722283164,0.9251523864175023,-0.03231270569371012,-0.37607280083865086,-0.04022866079033728,nan,nan,nan,6.744002552109812,-0.47039947985225583,-0.5321891983383208,0.5309238177894389,-0.013905534114357302,0.1404727498600671,8537.749698288988,11880.51054873566,8528.43487611654,11853.29291331898,"1,1,25",1
540,63846773,48.26777300000039,8.882251576424553e-05,-0.20762575629004645,0.0008739210018341893,0.7002587024162387,1553.8332927126494,1847.6665854252985,1552.0,1845.8332927126494,123451.0,1.0,0.4,0.4,0.4,0.4,0.0,0.0,-0.0040997987341397845,-0.010327681221896383,-0.01226330859799609,-6.31833289044477,0.219252139599218,-7.543620760874878,15.732844133254083,24.897609289477717,101136.16191003913,0.9248607376598769,-0.03255236092373283,-0.3767473367740407,-0.04042850587825675,nan,nan,nan,6.698653859238251,-0.46960416390123294,-0.5412441278396734,0.5293786438727398,-0.011359633104142824,0.13998944754863812,8590.08130312528,11944.582681396954,8584.327557568764,11928.943492090435,"1,1,25",1
541,63896773,48.317773000000386,7.76111345874004e-05,-0.20890529133466137,0.0005257917392305776,0.706791,1559.0,1855.0,1558.0,1853.0,123451.0,1.0,0.4,0.4,0.4,0.4,0.0,0.0,-0.0036641414574346202,0.005464824024707347,-0.008983425614520547,-6.417342633175592,0.21270408296388543,-7.7239110340473225,15.744186647770135,24.89763771725464,101136.03525678575,0.9248169558435085,-0.032695562265138305,-0.37682770035385,-0.04056397049339646,nan,nan,nan,6.653186518565457,-0.4688627555663851,-0.550572184540359,0.5305268761383929,-0.010941524940848215,0.14147031448660713,8648.34562583745,12023.79555343263,8638.662187593329,12012.454718564446,"1,1,25",1
542,63946773,48.36777300000038,0.0002933778092761807,-0.21036648188911702,0.0003872933770277207,0.7092452088193019,1560.0,1858.0,1559.8903722721438,1856.8903722721438,123451.0,1.0,0.4,0.4,0.4,0.4,0.0,0.0,-0.006721007390305207,0.01945116713131572,-0.002997932245524493,-6.5232146791484995,0.28940050717106947,-7.879054887894332,15.77145521167528,24.897662969632293,101135.71037122744,0.9249331309526262,-0.03283883052780638,-0.3765043460813594,-0.04080241243099897,nan,nan,nan,6.6041194815343065,-0.46822422462231394,-0.5593989883010646,0.5296694633844542,-0.011834868835565197,0.13953602233111395,8675.018828027447,12075.211584033439,8670.802449853754,12060.954491113609,"1,1,25",1
543,63996773,48.41777300000039,0.0006533572104991308,-0.21174095106530916,0.0005538724533101564,0.7118744378445493,1562.0,1862.0,1561.6220511547058,1860.0,123451.0,1.0,0.4,0.4,0.4,0.4,0.0,0.0,-0.011242408414154456,0.03208846922597467,-0.010443786517506829,-6.526138306307425,0.16467036798112739,-7.696837031934442,15.717791857016264,24.897685104399358,101136.344487197,0.9251211701910196,-0.03310210417117341,-0.37598656417018106,-0.041100576510295216,nan,nan,nan,6.554445610421944,-0.46760303667073283,-0.5681412912214194,0.5298464686360728,-0.011425758635707103,0.14105268140460736,8692.781341308882,12117.525201416427,8687.627483740362,12095.681711767967,"1,1,25",1
544,64046773,48.46777300000039,-0.00013974178424178894,-0.21371379863265783,0.00028917957597717213,0.7128933107151176,1562.0,1864.0,1561.0,1863.0,123451.0,1.0,0.4,0.4,0.4,0.4,0.0,0.0,-0.00627294234416492,0.040564046988120196,-0.00944657634591195,-6.554770199510831,0.21070721470300488,-7.6361565242487766,15.714669424828386,24.89770090060911,101136.37417306392,0.9254339180850569,-0.03318741025098768,-0.3751868225656519,-0.04129827908064141,nan,nan,nan,6.511089894874903,-0.46773224255877266,-0.5706495519437214,0.5282610870397624,-0.012879535373811701,0.14098600080804388,8696.816385986283,12148.50116196318,8695.106422363217,12134.90529711935,"1,1,25",1
545,64096773,48.51777300000039,8.578585189343295e-05,-0.21506155123082973,-0.0004766992468344475,0.7140875454030673,1561.0,1865.0,1562.0,1866.0,123451.0,1.0,0.4,0.4,0.4,0.4,0.0,0.0,-0.008697875219469027,0.04937776060058997,0.0028140330831858407,-6.683182888790561,0.22045081830088495,-7.680129056460177,15.745035098124212,24.89770941471064,101136.02111476458,0.9258413090471512,-0.03334706095304519,-0.37414398334381144,-0.041499036392730844,nan,nan,nan,6.46815553347509,-0.4679114917787802,-0.5727420679906997,0.5278769601218369,-0.012445524562792878,0.1427328223430178,8694.352528320234,12167.063792968736,8697.635188476639,12170.040806152627,"1,1,25",1
546,64146773,48.567773000000386,0.0006050289888020177,-0.21699233857503153,-0.00040919079996216897,0.7145394619672132,1560.0,1867.9583858764186,1561.0416141235814,1867.0416141235814,123451.0,1.0,0.4,0.4,0.4,0.4,0.0,0.0,-0.013174188680636204,0.05306427452840192,-0.0015662312816965415,-6.7427266299924264,0.20223505886644788,-7.6353710665236045,15.741125676563707,24.89771486868726,101136.05021223938,0.9262669128273435,-0.03358120343905504,-0.37304884399597893,-0.041673230961548124,nan,nan,nan,6.425156677745506,-0.4662479150618319,-0.5748936271872723,0.5258777932776993,-0.010856257241934699,0.1442902854518028,8683.378526171738,12191.117397119373,8693.141650097543,12186.531744287146,"1,1,25",1
547,64196773,48.61777300000039,0.0007692714372002871,-0.2188302735821967,-0.00016914825216798277,0.7147438,1559.0,1869.4914888515943,1560.0,1869.0,123451.0,1.0,0.4,0.4,0.4,0.4,0.0,0.0,-0.010399294875598085,0.054337990124401915,-0.0009660499866028711,-6.728760934928229,0.17997867423444977,-7.731789227272728,15.788140243757821,24.89771269178939,101135.51223209163,0.9267482653504442,-0.033907227058242846,-0.3717941604442251,-0.04191803307996051,nan,nan,nan,6.3821525655997045,-0.464434144363865,-0.5770499985180305,0.5279113765083715,-0.014041798623560142,0.14535782666381192,8665.283829638702,12208.782269677831,8681.366418798772,12201.374703808799,"1,1,25",1
548,64246773,48.667773000000395,0.0010831776891424077,-0.21902190312352476,-6.325112663257278e-05,0.7146485343823761,1558.0,1869.9512323020451,1560.0,1868.0,123451.0,1.0,0.4,0.4,0.4,0.4,0.0,0.0,-0.015300599628736235,0.03649307898531725,-0.005479509944415312,-6.773331553959098,0.21589845442055586,-7.4307675194022025,15.714381460429301,24.89770306622389,101136.39393389161,0.927138245876407,-0.03415016882839421,-0.37076788970824714,-0.042186325783138065,nan,nan,nan,6.338689897306521,-0.4639899841147529,-0.5758252774717095,0.5272258259430227,-0.011237540580299372,0.1468142700743602,8662.297489990273,12222.7427017578,8678.471369824148,12201.01083271484,"1,1,25",1
549,64296773,48.71777300000039,-0.00047070003208060716,-0.21900498982203612,9.755728723239988e-05,0.7140028,1559.294518751639,1868.0,1558.0,1868.705481248361,123451.0,1.0,0.4,0.4,0.4,0.4,0.0,0.0,0.004772367862827912,0.012352380670251836,-0.00606472634155299,-6.845533739900315,0.18809634514428122,-7.521336814008395,15.765991807479145,24.897688911059827,101135.7800866325,0.9273650913850063,-0.03416264539771283,-0.3701785241168996,-0.04236636019059721,nan,nan,nan,6.295224913281359,-0.46365251577031485,-0.5742961842502748,0.527934873640541,-0.012530413560747262,0.14689769047970797,8670.463335742304,12209.77600585911,8665.227230224436,12204.577393456993,"1,1,25",1
550,64346773,48.76777300000039,-0.000127949989878628,-0.21901822411345645,0.000617109006833773,0.71425223,1560.0,1869.0,1558.0,1868.0,123451.0,1.0,0.4,0.4,0.4,0.4,0.0,0.0,-0.007996875200448549,0.011223534147097626,-0.005037625300923483,-6.7622525079155675,0.14857990000791557,-7.478818350316622,15.750269739517375,24.89767083801158,101135.95678301158,0.9274638392762811,-0.03404300534865293,-0.3699366487717908,-0.042413465726360275,nan,nan,nan,6.2553332091334335,-0.4622484078242879,-0.5714541852497751,0.526615341100501,-0.012574525567978419,0.14817851131760373,8669.376240234371,12202.772076636995,8664.541011393245,12205.862496140198,"1,1,25",1
551,64396773,48.81777300000039,0.0016234001811518326,-0.21937666783595114,-0.0005014891828359512,0.714405,1557.0,1870.0,1560.3121908641258,1868.0,123451.0,1.0,0.4,0.4,0.4,0.4,0.0,0.0,-0.023809141165553296,0.0053266691893987805,0.002598316228724949,-6.79141185811792,0.14821981285506824,-7.459847750363055,15.672270348648544,24.897647223261306,101136.88242805142,0.9274973363001745,-0.03447558942757417,-0.3697874307504363,-0.04263154512041885,nan,nan,nan,6.2158117,-0.46085733,-0.56863856,0.5263860541036026,-0.012440086808569601,0.14828424522916223,8647.307726097291,12207.935253208547,8671.578109932905,12194.323221679466,"1,1,25",1
552,64446773,48.8677730000004,0.0007526831610478129,-0.21843301303153612,6.621983663784333e-05,0.7135741613123092,1558.0,1868.0,1558.876427302715,1866.876427302715,123451.0,1.0,0.4,0.4,0.4,0.4,0.0,0.0,-0.002726509045651619,-0.009398674804769191,-0.0026482683136903854,-6.82119361234379,0.22152186410099464,-7.281671052359092,15.742626327466347,24.897619796009934,101136.04283267539,0.9274222083417594,-0.03468664638220424,-0.36993298530333674,-0.04283138791708797,nan,nan,nan,6.2158117,-0.46085733,-0.56863856,0.5271691831645756,-0.012198660809151291,0.14813098729298893,8652.92517900407,12197.896949365366,8662.04664838874,12179.943107080297,"1,1,25",1
553,64496773,48.917773000000395,-0.00011060786515280178,-0.21805690433473215,0.00011197972005924463,0.71497333,1560.0,1869.0,1560.0,1869.0,123451.0,1.0,0.4,0.4,0.4,0.4,0.0,0.0,0.006258366646358924,-0.018261076479387805,-0.004358165558331276,-6.747855785312269,0.22787021437422858,-7.233130535225871,15.754423283015099,24.897591840776546,101135.90789805863,0.9272756585728444,-0.03464991485232904,-0.3702937870168484,-0.04291577613676908,nan,nan,nan,6.2158117,-0.46085733,-0.56863856,0.5274412447082294,-0.012966304918603492,0.14920533068029926,8676.590052316087,12211.597369559315,8675.869503766946,12201.62083291505,"1,1,25",1
554,64546773,48.96777300000039,-0.0005173600038393903,-0.21478139751465417,-0.00022140643011723328,0.7128169173651817,1560.8891820580475,1863.8891820580475,1559.8891820580475,1865.0,123451.0,1.0,0.4,0.4,0.4,0.4,0.0,0.0,-0.00177747865883905,-0.03788288341835239,-0.0027128101310172972,-6.763669602521254,0.17113036519202582,-7.312026508296687,15.75566712162162,24.897558411411413,101135.88732732733,0.9270288072887324,-0.03453481381866197,-0.3709211202318075,-0.042925381893485916,nan,nan,nan,6.175040043830021,-0.4594213929332867,-0.5652280257682013,0.5281213501774457,-0.01155181605114609,0.14588520724520898,8688.378441748135,12170.84520053695,8680.27500986357,12175.712113769403,"1,1,25",1
555,64596773,49.017773000000396,0.0008979567174527228,-0.215840078008658,0.0006075439019366598,0.716925,1564.0,1870.0,1564.0,1868.0,123451.0,1.0,0.4,0.4,0.4,0.4,0.0,0.0,-0.017483042386788154,-0.017384386656036446,-0.005064140181230069,-6.739157845102506,0.18290019451480638,-7.10605126833713,15.77911956903376,24.897523552037253,101135.61922700815,0.9267026569628647,-0.03474372980769231,-0.3717052452453581,-0.043016026573607424,nan,nan,nan,6.12641320871567,-0.4577088042985119,-0.5611604086704284,0.5289457474125875,-0.012185551885314685,0.1454981715944056,8711.626527246437,12204.069747266301,8718.152981055007,12195.327249609883,"1,1,25",1
556,64646773,49.0677730000004,0.0013134166272509003,-0.2133333661944778,0.0004344230270108043,0.71264136,1561.0,1864.0,1562.0,1862.0,123451.0,1.0,0.4,0.4,0.4,0.4,0.0,0.0,-0.016834102286629304,-0.018613423034827863,-0.003918001054443555,-6.79035127846277,0.19866708626100882,-7.2213235168935155,15.763382537447045,24.8974904591025,101135.79789694634,0.9265583502491962,-0.03511589595699357,-0.37200518770096463,-0.04322788538866559,nan,nan,nan,6.078620668702154,-0.45482656888028355,-0.5547521621503679,0.5254730932637623,-0.011851695992070727,0.14351998716779074,8722.7131951171,12224.899265135882,8735.925717138438,12206.849586522661,"1,1,25",1
557,64696773,49.1177730000004,0.000562654989436834,-0.21371499552511417,0.0006729661681126332,0.7151256,1564.0,1867.0,1563.0,1864.6259512937595,123451.0,1.0,0.4,0.4,0.4,0.4,0.0,0.0,-0.011324395390178911,-0.004917883153280041,-0.00502806574590788,-6.731373686778328,0.2185560307524426,-7.14176747411496,15.804736996045694,24.89745512604111,101135.30008825552,0.9263708505773379,-0.035242009890115465,-0.3724398580027915,-0.04340105816723766,nan,nan,nan,6.030991961385323,-0.4517146468841163,-0.5478842801490373,0.5283151109221714,-0.011950641866579464,0.14612452574231524,8723.758065625057,12187.19122216825,8720.773922119184,12167.83450253934,"1,1,25",1
558,64746773,49.167773000000395,0.00019307512866290777,-0.21805866691099476,-0.000548148530918244,0.7211226431655255,1566.0,1874.0141015310235,1567.0,1875.0141015310235,123451.0,1.0,0.4,0.4,0.4,0.4,0.0,0.0,-0.0003627628062839879,0.03962936330332326,0.003588443364108761,-6.697244077703927,0.19487979425377644,-7.078517264350452,15.766598532885755,24.897419360013465,101135.76029435416,0.9265236576487664,-0.035241691086792454,-0.372056226298984,-0.04342914288417997,nan,nan,nan,5.981277757106763,-0.4493237911693041,-0.5409891241824283,0.5283318826683596,-0.01146505398520291,0.14510607760658298,8736.806029638165,12245.6766457024,8746.901593309916,12252.058330467884,"1,1,25",1
559,64796773,49.2177730000004,0.001034039198740084,-0.2162549858702753,-0.0003551951919785348,0.7165932,1562.0,1869.489138051857,1564.0,1868.489138051857,123451.0,1.0,0.4,0.4,0.4,0.4,0.0,0.0,-0.013750214040968342,0.04155143753724395,-0.0005196130160148975,-6.788867845716946,0.18575366639664803,-7.118953019087523,15.78270677593361,24.897381726141077,101135.56738589212,0.9268564739057239,-0.0353132531986532,-0.37120481575757575,-0.04355498173400674,nan,nan,nan,5.931110713663192,-0.4470895058349615,-0.5340880460208267,0.5289396591365237,-0.010112173075521952,0.1459600160877223,8711.57938105459,12219.643084424177,8716.046112890783,12203.352114844143,"1,1,25",1
560,64846773,49.2677730000004,0.0002608715816964286,-0.2197749775472689,-0.00012378027163340336,0.7201142507878151,1564.0748424369747,1875.0748424369747,1564.0748424369747,1875.0748424369747,123451.0,1.0,0.4,0.4,0.4,0.4,0.0,0.0,0.003031515638,0.0528318993,-0.00405570293,-6.7667584000000005,0.248510721,-7.14950643,15.761478846341836,24.897342676798534,101135.81918130441,0.9273264919283456,-0.03532052712328767,-0.37001010974710224,-0.04371199198103267,nan,nan,nan,5.886229447666993,-0.44570093927807297,-0.5294685972378398,0.5273059296180452,-0.010930513292939025,0.1466796100444708,8729.511705122695,12275.142122292651,8727.589620605566,12264.551834029342,"1,1,25",1
561,64896773,49.3177730000004,-2.0772210057399613e-06,-0.21704186805340656,0.00022365244658847016,0.7165515663838283,1563.0,1870.0,1562.0,1869.2789013732834,123451.0,1.0,0.4,0.4,0.4,0.4,0.0,0.0,0.000375943965279441,0.03988255739271457,-0.0015932109517964076,-6.775335744660679,0.2352222537225549,-7.268471161027945,15.764690486409156,24.89730191561278,101135.78662832618,0.9277660164089776,-0.035282058854862845,-0.3689006684289277,-0.04379262266533666,nan,nan,nan,5.842163114557177,-0.44444276111744985,-0.5252009178650642,0.5292246258859992,-0.012027111719040562,0.14926258551812424,8709.739882617076,12227.615875585927,8711.013582959118,12227.954835107446,"1,1,25",1
562,64946773,49.3677730000004,0.0008689315875924887,-0.22107628119674888,0.0004299484759865471,0.7203999048766816,1563.0798766816145,1876.9201233183855,1564.0,1875.0,123451.0,1.0,0.4,0.4,0.4,0.4,0.0,0.0,-0.014216914414661443,0.06455654096810297,-0.007133007200895356,-6.857596171348629,0.21566130921096813,-7.3340165769446,15.81753003559123,24.897258341699295,101135.14741523101,0.9282196577039626,-0.03543981284673659,-0.3677229487296037,-0.04395572514102564,nan,nan,nan,5.803136649969488,-0.4428905929299974,-0.5217556809388894,0.5270464439014872,-0.012158449830290942,0.14991646354854096,8718.40499653286,12283.809476122977,8721.306014794827,12268.568845654194,"1,1,25",1
563,64996773,49.4177730000004,0.0006205288677421384,-0.2186290524884696,-0.0004923311115429769,0.71575385,1560.0,1870.0,1561.6432613707818,1870.0,123451.0,1.0,0.4,0.4,0.4,0.4,0.0,0.0,-0.006361796980507231,0.04331716544707608,0.0019873613229721234,-6.8423912622511,0.18850202055543913,-7.196552831984909,15.845781004115704,24.897210688771665,101134.80238420962,0.9286954737935376,-0.03571963079311792,-0.36647427875367183,-0.0441080047436005,nan,nan,nan,5.764502848789702,-0.44131551955656295,-0.5183745216870562,0.5257315695499855,-0.009213531830879593,0.1513052714822538,8683.492337158212,12241.875651269569,8700.327952538899,12227.443202441325,"1,1,25",1
564,65046773,49.467773000000406,0.0008222398558986539,-0.22123618545526524,0.00047438122332277646,0.7186280897598311,1561.916864608076,1875.916864608076,1562.0,1873.916864608076,123451.0,1.0,0.4,0.4,0.4,0.4,0.0,0.0,-0.0033838761369754554,0.047177780647664286,-0.009343134971496437,-6.804519573396675,0.2011849091963579,-7.353140183768804,15.84197918261909,24.89716005278276,101134.85458697203,0.929102536953187,-0.03574487261491669,-0.36541484773075905,-0.04430421700766993,nan,nan,nan,5.715446670996073,-0.4394906682454916,-0.5099847587144092,0.5261984133779092,-0.010684012337662337,0.15368320259354507,8694.02104848635,12277.922773095861,8697.926089599623,12253.62337900421,"1,1,25",1
565,65096773,49.5177730000004,-0.0003615633252178243,-0.21971714142892707,-0.0002128225672691063,0.7146914179736121,1558.773519163763,1869.0079641612742,1558.773519163763,1870.4688899950224,123451.0,1.0,0.4,0.4,0.4,0.4,0.0,0.0,0.01738956139283047,0.021953388798356982,-0.0001214147209858108,-6.83226394510829,0.1722130326811053,-7.379560278043316,15.8340655859375,24.897106547067192,101134.95954239699,0.9294604640869565,-0.03555603325913043,-0.36452186389565217,-0.04430431452347826,nan,nan,nan,5.664735116306375,-0.4376261449246252,-0.5007994836250742,0.5266149966433539,-0.012687298993046802,0.15369251291952996,8673.119496776537,12233.564354636796,8674.676727245109,12238.382920066722,"1,1,25",1
566,65146773,49.5677730000004,-0.00020175521403245338,-0.2191015501114071,0.0001003586334633083,0.71139175,1556.0,1866.0,1556.0,1866.0,123451.0,1.0,0.4,0.4,0.4,0.4,0.0,0.0,0.0069907544768094895,0.015302494286492375,0.0018342962374727667,-6.833289504357298,0.17075443372064875,-7.099844933769064,15.850204157845797,24.897049018691767,101134.77474675978,0.9295737900188324,-0.035251709783427496,-0.3642711590725047,-0.04423304827683616,nan,nan,nan,5.622373656161339,-0.43507564772657653,-0.4926920672250198,0.5266352917619564,-0.010632126666805776,0.15494470013020617,8637.751340917728,12167.31626284228,8632.346462890697,12170.118129443703,"1,1,25",1
567,65196773,49.617773000000405,0.0009372030034628078,-0.22167418730642297,-2.9867985783193997e-07,0.7099071755775578,1552.2292460015233,1866.9202843361259,1553.2292460015233,1865.3820766692054,123451.0,1.0,0.4,0.4,0.4,0.4,0.0,0.0,-0.010467870029187816,0.04589234307741117,0.0008235089347715732,-6.833550096192893,0.21925235401015228,-7.099245483629442,15.852578685121369,24.89698959813686,101134.73838489795,0.9299367362414405,-0.03538057799594218,-0.36331591493532844,-0.044356321626172965,nan,nan,nan,5.580515043100842,-0.43248384082091124,-0.4846495600420467,0.5260191978846872,-0.011764822320866713,0.15554675232908555,8622.86328125,12223.2734375,8633.8759765625,12208.1689453125,"1,1,25",1
568,65246773,49.66777300000041,0.00045573792646956524,-0.2216858315826087,-0.00017662803528695653,0.7088504117391304,1550.785271510042,1865.5705430200844,1552.0,1864.785271510042,123451.0,1.0,0.4,0.4,0.4,0.4,0.0,0.0,-0.0012140494926920278,0.039975010014538404,-0.0015711129059122848,-6.801057478022776,0.16768294696631936,-7.099825084540829,15.85586639747634,24.896928798107254,101134.69012793551,0.9303140462630792,-0.03546064531390134,-0.3623282289536622,-0.0444601861651719,nan,nan,nan,5.540264442501079,-0.4305172754194848,-0.475702863059433,0.5253724947495244,-0.011090494130627775,0.1563174195180723,8571.094403613242,12159.083329101713,8584.192716943451,12151.927472754174,"1,1,25",1
569,65296773,49.717773000000406,4.221023303821573e-05,-0.22391410480500848,0.00021745411351897743,0.7116347,1553.0,1869.8279373368146,1552.1720626631854,1869.0,123451.0,1.0,0.4,0.4,0.4,0.4,0.0,0.0,0.0040638597185185185,0.03004293822222222,0.0018636789740740741,-6.765898807407408,0.17033985666666665,-7.224253444444445,15.91021296607875,24.89686805554266,101134.0331967974,0.9306883287136599,-0.03531071830227001,-0.3613757572162485,-0.04449851227399442,nan,nan,nan,5.500106673997218,-0.42858680580755026,-0.4667039663356838,0.5246963359464755,-0.010264374269540206,0.1594440401529868,8593.32675732433,12202.262601709272,8593.267750195344,12201.336318017811,"1,1,25",1
570,65346773,49.7677730000004,0.0003898420156414219,-0.21777439164053874,7.402545951865752e-05,0.7043162947825127,1549.7901943462898,1858.0,1549.7901943462898,1857.7901943462898,123451.0,1.0,0.4,0.4,0.4,0.4,0.0,0.0,-0.005151754309794566,-0.016004901691848906,0.002525255726971504,-6.8094951742876075,0.2345275892379059,-7.0993123277004635,15.883242467319,24.896807841704426,101134.36733876409,0.9307623675842326,-0.035245326452323276,-0.36118490821404975,-0.04454893802466417,nan,nan,nan,5.458545335384615,-0.4262762049958042,-0.45533614256223776,0.5233757445612356,-0.01092229262793126,0.15957410329736785,8557.650789404233,12101.401300781283,8557.07951401389,12097.302813818415,"1,1,25",1
571,65396773,49.81777300000041,0.000818039347810219,-0.22070105865191605,0.0001364516749794708,0.7074741638914234,1550.4127708095782,1863.4127708095782,1551.4127708095782,1862.4127708095782,123451.0,1.0,0.4,0.4,0.4,0.4,0.0,0.0,-0.00350914887354618,0.00810210774663626,-0.002317695381299886,-6.801057435575827,0.20393777595210946,-7.092467538198403,15.857584981731836,24.89674315709854,101134.68011374517,0.930738615062571,-0.03540408331581342,-0.3612173630079636,-0.04465795653970421,nan,nan,nan,5.416756873846154,-0.4239040921086913,-0.4435849837210789,0.5248839529360168,-0.012368328750158374,0.15743367054432045,8565.253094726742,12138.39831994095,8574.69329464295,12124.059593843376,"1,1,25",1
572,65446773,49.86777300000041,0.00045493389944954124,-0.2175904996941896,0.00011933205503567788,0.7003101,1546.0,1854.0451919809718,1546.0,1853.0,123451.0,1.0,0.4,0.4,0.4,0.4,0.0,0.0,0.004843114618348623,0.002103118911179069,0.004535093734556575,-6.81637347227319,0.2689734518688413,-7.045625606795787,15.83077098401043,24.896678171398992,101134.99016181292,0.9307714013623979,-0.03542562251089918,-0.3611220332697548,-0.044728096792915534,nan,nan,nan,5.410853,-0.42356896,-0.44192478,0.5239008765068779,-0.010724330693205502,0.15691882458941225,8516.999257617314,12052.737537207227,8521.064102832179,12042.408162402624,"1,1,25",1
573,65496773,49.91777300000041,-0.0002278162620232288,-0.22097910564227644,-0.00015357360422671313,0.70380276,1547.0,1859.0,1547.0,1860.0,123451.0,1.0,0.4,0.4,0.4,0.4,0.0,0.0,0.003761087540905923,0.02737264771614402,0.0024198470872706154,-6.7299510840882695,0.23498527726829269,-7.044918772566783,15.872210922076396,24.896613997845247,101134.49952752204,0.930903568502994,-0.03530385921796408,-0.3607938111712575,-0.04472243790754491,nan,nan,nan,5.410853,-0.42356896,-0.44192478,0.5247543725728944,-0.01071076090038478,0.15855638097520308,8526.859513476677,12085.502795703429,8528.38740756839,12091.50793505901,"1,1,25",1
574,65546773,49.967773000000406,0.0006281645391794013,-0.2176325235566255,-1.5229128826669458e-05,0.69631016,1541.0,1850.0,1542.032406439473,1849.0,123451.0,1.0,0.4,0.4,0.4,0.4,0.0,0.0,-0.010328620560979695,0.015198841081013189,0.0020426636035796525,-6.718105309524806,0.22401201632405277,-7.1743300462633455,15.899693564721101,24.89655046914238,101134.15957080892,0.9311098647803425,-0.03526712525936957,-0.36026058312236287,-0.04475440819161082,nan,nan,nan,5.366511180065489,-0.42087505620724625,-0.43217747205324114,0.524307686675363,-0.01069107199835893,0.16097384201094048,8482.981145019381,12021.057440136581,8486.422463183484,12017.965488720385,"1,1,25",1
575,65596773,50.01777300000041,0.001039698502605308,-0.2202589440881422,-0.00016090613576576578,0.6990773,1542.0,1855.0,1544.0,1854.0,123451.0,1.0,0.4,0.4,0.4,0.4,0.0,0.0,-0.011295499911349245,0.03579466250974184,-0.004854412647710667,-6.736370403677546,0.25414095809547005,-7.0560737047491475,15.947510951261501,24.896488590256126,101133.60661795367,0.9312955745327656,-0.03543145238892832,-0.35974255118523774,-0.04492694705417554,nan,nan,nan,5.319569743366593,-0.418023217591979,-0.42185871112635104,0.5222285790629988,-0.01215783360651582,0.15822537158388883,8482.879765136775,12044.295992188043,8485.706197709605,12024.735140448085,"1,1,25",1
576,65646773,50.067773000000415,-4.735024597333333e-05,-0.2202941805861635,0.00069771546281761,0.6921684,1537.0,1848.0,1535.0,1847.0,123451.0,1.0,0.4,0.4,0.4,0.4,0.0,0.0,-0.0007208802972226416,0.043947451608301887,-0.003736188247119497,-6.815145281257862,0.22552126769308176,-7.28304990918239,15.998054190420627,24.896424510989114,101132.99834312056,0.9317581617632242,-0.03538549196372796,-0.3585212331738035,-0.04513599807052897,nan,nan,nan,5.279214516211675,-0.41613871493328325,-0.40633876097614013,0.5227151953987383,-0.010085812546399826,0.15980109757145966,8438.198690233567,12009.563791063254,8423.48424960837,11993.173159764468,"1,1,25",1
577,65696773,50.11777300000041,-8.702501024799416e-05,-0.2224779534500365,-0.00017738157160466814,0.6942521711524434,1536.0007288629738,1851.0007288629738,1537.0,1851.0014577259476,123451.0,1.0,0.4,0.4,0.4,0.4,0.0,0.0,0.0070503135977246206,0.05243195214002334,0.000633676488856476,-6.756008841598599,0.17314310742123687,-6.893042401575262,15.955973957470473,24.896362666507777,101133.48045845029,0.9321862740211254,-0.03530017364086688,-0.35741228254598434,-0.04515782887707157,nan,nan,nan,5.2398084435052485,-0.41439361737857555,-0.390069254976575,0.5237292361805891,-0.011659679831965234,0.163415543948817,8410.301322380505,11994.959461799583,8413.924275907662,12000.25113689156,"1,1,25",1
578,65746773,50.16777300000041,0.0014256159504449388,-0.22539939377641824,-0.0005428288268242492,0.6982539,1537.0,1858.0,1539.9591098748263,1857.0,123451.0,1.0,0.4,0.4,0.4,0.4,0.0,0.0,-0.0109656629012792,0.04960233153337041,0.004544275773581757,-6.705608340461624,0.3037499746412681,-7.104019238598442,15.929310974861323,24.896304050356033,101133.80889649475,0.9327440700753349,-0.035361984734095984,-0.35594042737165177,-0.045216131435546876,nan,nan,nan,5.1916512227535865,-0.4121361254140448,-0.38207620155549965,0.5232889929981734,-0.011007905260937636,0.16505596953466123,8412.497532421343,12057.010269676322,8433.481027050228,12049.826374608001,"1,1,25",1
579,65796773,50.21777300000041,0.0002828223983919222,-0.21926500109947644,0.00021758211108451758,0.691572947486911,1536.0,1846.4477686362502,1536.0,1846.0,123451.0,1.0,0.4,0.4,0.4,0.4,0.0,0.0,0.0014701233024382947,0.006709912620044877,-0.0067397422751184245,-6.684021813014211,0.17754907415357768,-7.153385579730741,16.00127975990257,24.896242054282897,101132.94895203851,0.9329287613854972,-0.03543254395090954,-0.3554406001794169,-0.04528267927086967,nan,nan,nan,5.141956460189613,-0.40978860779511705,-0.37553728784629586,0.5230300445938049,-0.01124838846843951,0.16390329963471656,8398.462207812569,11962.31868408195,8402.071695800825,11953.809093212863,"1,1,25",1
580,65846773,50.26777300000042,0.0001324312076192868,-0.2218607352787544,-0.0007023687200803616,0.69382507,1536.0,1850.0,1537.0,1851.0,123451.0,1.0,0.4,0.4,0.4,0.4,0.0,0.0,0.0029679834697464223,0.024175818284710018,0.0026800097298518705,-6.724885839769018,0.22132715418026613,-7.085852503138338,15.97103348419524,24.896180440628417,101133.31765380409,0.9330795189568706,-0.03530612927983952,-0.3550580525977934,-0.04527508560280843,nan,nan,nan,5.090960686390057,-0.40617084358500216,-0.36063618465849917,0.5225884896267053,-0.013456900681175353,0.16338198098995552,8404.049496728516,11984.68002646518,8409.59123549817,11984.906776269841,"1,1,25",1
581,65896773,50.317773000000415,7.05424286417387e-05,-0.21825127665342367,-0.0001685037461720028,0.68352634,1528.5009394081728,1837.0,1529.0,1837.5009394081728,123451.0,1.0,0.4,0.4,0.4,0.4,0.0,0.0,-0.002785875605585417,0.010433919307081093,0.0006748349374620238,-6.721350537275065,0.159084171741061,-7.1392378370647345,16.003634523500335,24.896115911353917,101132.9170975715,0.9332874422754781,-0.03525365141055435,-0.354517260885984,-0.045269358179617525,nan,nan,nan,5.040070071683473,-0.40250021451650997,-0.34518488066335146,0.523133412025987,-0.010924247269565217,0.16693119734882558,8343.189107079617,11894.05280810454,8346.914372948728,11891.12805571195,"1,1,25",1
582,65946773,50.36777300000041,0.000140732959678487,-0.22268246408645725,0.00015812213656872677,0.6864407,1529.0,1843.9381338742394,1528.0618661257606,1843.0,123451.0,1.0,0.4,0.4,0.4,0.4,0.0,0.0,0.0049884723920945945,0.056235137019594594,-0.003916754476081081,-6.749028090202703,0.21251006045945947,-6.997603329054054,16.01413452335053,24.896054598741284,101132.7809553779,0.9335587183322034,-0.03514933844677966,-0.35381232051525424,-0.04527165279186441,nan,nan,nan,4.995780660396351,-0.3996653189090221,-0.32794361540580685,0.5221646932099427,-0.009432564428111587,0.16743501993919885,8322.44059589846,11903.655721338628,8327.519434033215,11906.39223344796,"1,1,25",1
583,65996773,50.417773000000416,0.00027863615524014335,-0.22216925764157705,-0.0008888923774910395,0.6769719,1518.0,1833.0,1520.0,1834.0,123451.0,1.0,0.4,0.4,0.4,0.4,0.0,0.0,5.086591015774386e-05,0.0675785182002868,0.005437544259058317,-6.713205366443594,0.26932557178537286,-7.140813541921606,16.018136769533058,24.89599368562182,101132.73551317614,0.9341478909090909,-0.03503301662272727,-0.35226163677272726,-0.045300253486363636,nan,nan,nan,4.951491249109227,-0.3968304233015343,-0.3107023501482623,0.5205536496771694,-0.009832677116649449,0.16792873806732095,8283.167766600243,11906.202606931762,8293.707656818482,11908.198272499883,"1,1,25",1
584,66046773,50.46777300000042,0.0006513073063102541,-0.22211692115687992,-0.0001146402104820333,0.6795434,1521.0,1836.415821754913,1523.0,1836.0,123451.0,1.0,0.4,0.4,0.4,0.4,0.0,0.0,-0.009323928806811068,0.03858404195379993,-0.0016457485729310128,-6.652961888669087,0.19099221112933518,-6.913612171653937,16.029313660811255,24.895931326840202,101132.6026536804,0.9345173785909148,-0.03507213274045802,-0.35126800689150295,-0.045366835825929167,nan,nan,nan,4.906600783937479,-0.393615287652633,-0.30150379441409547,0.5218091239901024,-0.011826020575906069,0.169650259912668,8235.035547460979,11835.894231494643,8249.770405615422,11831.925271826754,"1,1,25",1
585,66096773,50.51777300000042,0.0001777421488107448,-0.22537283047619047,-1.6881602065934085e-05,0.6810701239780219,1520.985822537277,1839.9716450745539,1521.5829870447324,1839.9716450745539,123451.0,1.0,0.4,0.4,0.4,0.4,0.0,0.0,0.00291538633980464,0.06379835601343102,-0.00289878383973138,-6.694685787789988,0.1721053115164835,-7.242191542686203,15.998073989700465,24.89586971188304,101132.97569791888,0.9350612753365855,-0.0350762939102439,-0.34981176702439026,-0.04540817201170732,nan,nan,nan,4.861611822039758,-0.39033784078651684,-0.29362322459809853,0.5213768704446722,-0.010720970327817641,0.1706715729936057,8229.780598144043,11868.603619579242,8241.11274150321,11869.169897801885,"1,1,25",1
586,66146773,50.567773000000415,-0.00017338186209785525,-0.2226685978686327,-1.9087849651474166e-06,0.6771341,1519.071380697051,1834.0,1519.0,1834.0,123451.0,1.0,0.4,0.4,0.4,0.4,0.0,0.0,-0.0003987395661749927,0.03836709264197117,0.00265404102946698,-6.659498481461616,0.2280473881595709,-7.2978949322829365,15.975605759284083,24.895808628089185,101133.2483903185,0.9355037611808118,-0.03481764827306273,-0.3486536703321033,-0.04540032710332103,nan,nan,nan,4.820559563088194,-0.38823075431808046,-0.2808086399622057,0.520681126424737,-0.009351218148464676,0.17139847568005154,8211.593857031225,11816.205414258013,8211.437037548843,11820.364590869165,"1,1,25",1
587,66196773,50.61777300000042,0.0006434043859640873,-0.22606976537836682,-4.715575697990595e-05,0.678847772026507,1518.0,1838.888390473139,1519.0,1837.888390473139,123451.0,1.0,0.4,0.4,0.4,0.4,0.0,0.0,-0.008570825682864778,0.05358338062490647,0.00012401253230785681,-6.67158748829503,0.177701906888295,-7.157497436472474,16.016550714051533,24.89574662981177,101132.7582760935,0.9359221898049758,-0.034789631117963314,-0.3475195063019186,-0.045490898239721696,nan,nan,nan,4.779764919145422,-0.38620025539212904,-0.2676711769459531,0.5192990177952755,-0.0105738320279965,0.17254506175853018,8186.154420726815,11816.962539647533,8193.520589501204,11811.496493114313,"1,1,25",1
588,66246773,50.66777300000042,0.00021120523061203048,-0.22344870916206988,0.0005440110078933544,0.66977054,1511.5651431573417,1828.0,1511.0,1826.4348568426583,123451.0,1.0,0.4,0.4,0.4,0.4,0.0,0.0,-0.005373700726558194,0.04657044560188952,-0.0020456154627476707,-6.628473322661068,0.23689242205747277,-7.176574401850151,16.05206150565373,24.89568424594172,101132.33799965844,0.9363196681453768,-0.03473453687479957,-0.3464398471539284,-0.045589450608631746,nan,nan,nan,4.7783265,-0.38612866,-0.26720795,0.5197043109470811,-0.01159585831320626,0.17389422696004433,8130.786373837291,11747.57583909977,8127.395173641981,11737.32287295411,"1,1,25",1
589,66296773,50.71777300000042,0.00016910796939313986,-0.22712946788438473,-0.0005578022562005277,0.6722052,1510.0,1832.0,1512.0,1833.0,123451.0,1.0,0.4,0.4,0.4,0.4,0.0,0.0,-0.0007911526953320546,0.05787333606736993,0.0017621098157516186,-6.658891510429154,0.22306717004555263,-7.198475184847758,16.058810982050733,24.895621807016177,101132.26404452276,0.936793722070453,-0.03467788502444285,-0.34515543465133,-0.045637444391804456,nan,nan,nan,4.7783265,-0.38612866,-0.26720795,0.5187622720714758,-0.010746578821310391,0.17494655858702846,8122.436719409104,11775.110726025738,8124.28553068859,11779.902659424262,"1,1,25",1
590,66346773,50.76777300000042,0.000657779301825439,-0.22227656393028208,-0.00010944626263863757,0.6634442,1505.0,1820.1024208566107,1506.0,1820.0,123451.0,1.0,0.4,0.4,0.4,0.4,0.0,0.0,-0.004959972930814263,0.025223709474188397,-0.005412806110670569,-6.656248435790314,0.19724700940393824,-7.295164185604045,16.092995739795626,24.895559352058196,101131.84856012932,0.9371902145147912,-0.03469599282499308,-0.3440676420735416,-0.04569771457561515,nan,nan,nan,4.735667442123089,-0.38362822396641216,-0.25822663806909957,0.519061685298173,-0.010079364529170975,0.17568580887323335,8062.551885327094,11679.802398242067,8068.583306933461,11676.895114159955,"1,1,25",1
591,66396773,50.81777300000042,0.0007565814442407199,-0.2258300319010124,0.0001199542068616423,0.6659779087851518,1505.3727093318298,1825.7454186636594,1506.0,1824.3727093318298,123451.0,1.0,0.4,0.4,0.4,0.4,0.0,0.0,-0.008053670476420935,0.048343111376758584,-0.004809165187042768,-6.631689635340462,0.2262763591924592,-7.131807905346089,16.090089391889823,24.895499343955624,101131.89116105586,0.9375198034073641,-0.03475450698655757,-0.3431481790765634,-0.04580574406721216,nan,nan,nan,4.685966796819575,-0.3807150493536945,-0.24776281113870016,0.5182101995211702,-0.010190115277421237,0.17869903874062346,8052.664278027313,11703.853631836597,8066.129515478521,11698.644197949643,"1,1,25",1
592,66446773,50.867773000000426,-0.00010767838098048782,-0.2229639775804878,0.00041762814449756096,0.6575268754390244,1499.8871557397026,1815.5525225444796,1498.8871557397026,1814.5525225444796,123451.0,1.0,0.4,0.4,0.4,0.4,0.0,0.0,0.008318371076585366,0.03304697897560976,-0.0035257172914146344,-6.618552444487804,0.21050325399024392,-7.331449951707317,16.06214840353121,24.8954404004884,101132.21149524198,0.9379559966942149,-0.034750268719008263,-0.3419382884297521,-0.04592695409504133,nan,nan,nan,4.635412949471137,-0.37770099408799784,-0.23326793500740617,0.5192585897779314,-0.011424021670612633,0.17948590736887582,8038.3955078125,11689.25390625,8034.806640625,11681.87890625,"1,1,25",1
593,66496773,50.91777300000042,-3.066934514086202e-05,-0.22264479569708645,-0.0002700602616566338,0.6569504838791235,1499.0,1813.5406445406445,1499.0,1814.5406445406445,123451.0,1.0,0.4,0.4,0.4,0.4,0.0,0.0,0.003994509288998794,0.017774420158021713,0.0038201243836188184,-6.6056637548371535,0.19189010126176118,-7.029528966176116,16.081810361464324,24.89537980401285,101131.97993497875,0.9380966766580736,-0.03465238441856105,-0.3415665189172721,-0.04589314077009609,nan,nan,nan,4.584722923810318,-0.3746708374109695,-0.2181296690945695,0.5173350354660194,-0.010785638321148164,0.1805268326521739,7987.434420629752,11585.918957226733,7988.136596752831,11591.519707177915,"1,1,25",1
594,66546773,50.96777300000042,0.0008726813529723779,-0.2265497734407526,-0.00012191692754003203,0.6595271600080065,1497.9127825565113,1819.8037607521505,1499.869173834767,1818.8037607521505,123451.0,1.0,0.4,0.4,0.4,0.4,0.0,0.0,-0.0019500846614831102,0.05058432416630022,-0.00798102067743354,-6.59589480671597,0.26730197520487703,-7.246073154907056,16.059925880472864,24.8953216458025,101132.25312947524,0.9384391929196217,-0.03468410364822695,-0.34061147638770684,-0.045963407631205676,nan,nan,nan,4.5446491695897855,-0.37192606479489265,-0.21089229167139203,0.5178172642134636,-0.009363981569933729,0.18025393837959042,7963.00918215187,11618.541185872498,7977.904249116276,11611.257422851577,"1,1,25",1
595,66596773,51.017773000000425,-0.00048309507307532824,-0.2240884719926284,-3.955974282884132e-06,0.6537326134346925,1495.0,1811.333640128854,1494.333640128854,1812.0,123451.0,1.0,0.4,0.4,0.4,0.4,0.0,0.0,0.005003849068922156,0.039528102538000924,-0.005694007883463842,-6.554873457047443,0.19867820351681253,-7.076723311469369,16.12645137710451,24.89526667699331,101131.44860028483,0.9387958133994008,-0.034572846193132056,-0.3396275999078129,-0.04604798410440193,nan,nan,nan,4.505192818101791,-0.3691978890508952,-0.20411440044074786,0.5167237480063042,-0.010849245913276098,0.18041039016050767,7940.063027250654,11560.89601715971,7937.935701846193,11557.763477213744,"1,1,25",1
596,66646773,51.06777300000043,-2.5336302203068277e-05,-0.22720236636921504,0.0002612415734313475,0.6574410287471235,1496.8888036809815,1817.8888036809815,1495.8888036809815,1816.8888036809815,123451.0,1.0,0.4,0.4,0.4,0.4,0.0,0.0,-0.0005946676678240859,0.050497310578624395,0.001477508023267707,-6.541387166197904,0.2604285549092304,-7.309305168422398,16.15824163822109,24.89521474351218,101131.07584514143,0.9392200666324961,-0.034402895117888264,-0.338461826573552,-0.04610706019349052,nan,nan,nan,4.456270003286333,-0.36650288698933703,-0.18807123801222075,0.5173610975755709,-0.009785427035442424,0.18289356795089542,7945.099300756289,11600.860077001069,7938.602104247558,11596.548035009111,"1,1,25",1
597,66696773,51.117773000000426,-0.0008720187023286467,-0.22117993189806678,-0.00023110552500000002,0.6456307,1489.0,1801.0,1488.0,1802.0,123451.0,1.0,0.4,0.4,0.4,0.4,0.0,0.0,0.006282285701694703,0.018753880333542555,0.00014461843358021557,-6.4953537883504895,0.27027694049711276,-7.370510465415515,16.120846672805108,24.89515901990129,101131.51809602151,0.9395102342178666,-0.03422287704485488,-0.33767765842442515,-0.04607808080474934,nan,nan,nan,4.406607882546255,-0.36381047570525515,-0.17130448223601297,0.5153382651615369,-0.009678885940642324,0.18340212513477347,7880.527388573936,11471.37043798764,7866.8825167477,11475.129585009063,"1,1,25",1
598,66746773,51.16777300000042,0.0004196409072513288,-0.22704979574791193,0.0008129496880561883,0.6483777,1488.0,1809.9357287449393,1487.0,1807.0,123451.0,1.0,0.4,0.4,0.4,0.4,0.0,0.0,-0.01019578770539104,0.06804633788812958,-0.000202142232401923,-6.4372223016451535,0.2896306082333586,-7.239715309794988,16.0921082083277,24.895105721045212,101131.87255315862,0.9398434603242969,-0.03433742259640233,-0.33671035567519636,-0.04627585097770459,nan,nan,nan,4.3596126320277495,-0.36096138900852726,-0.16213791026737967,0.516550992000496,-0.010803165336764644,0.18601921041630493,7855.581271532958,11508.091434814836,7853.645991552717,11491.731315479245,"1,1,25",1
599,66796773,51.21777300000043,0.0003306299178303167,-0.2239890412918552,0.000341423310418552,0.641681,1483.0,1800.0,1483.0,1799.0,123451.0,1.0,0.4,0.4,0.4,0.4,0.0,0.0,-0.003940241312514144,0.05039425174021272,-0.004138300433853813,-6.4846936933695405,0.2231197003711247,-7.416134909029192,16.141347654844058,24.895053561124175,101131.26501561356,0.94043420505986,-0.03438915578540772,-0.3350352724734583,-0.04639420362435057,nan,nan,nan,4.312795172857349,-0.35810185728428967,-0.15347801721925133,0.5143753417383857,-0.010557620615735388,0.18756032635495612,7813.6608995602255,11466.486904051842,7814.46409714306,11455.470572069255,"1,1,25",1
600,66846773,51.26777300000043,0.0002881710595502708,-0.22544820080762892,0.0007120114866658819,0.6420044381304449,1482.905109489051,1801.905109489051,1481.905109489051,1800.0,123451.0,1.0,0.4,0.4,0.4,0.4,0.0,0.0,-0.006411922672755126,0.05531084419868018,-0.0065877548209521564,-6.4614283589441435,0.24041749789300024,-7.183559777115249,16.160915994672518,24.895003310874337,101131.03946599812,0.9408359150293084,-0.03437389986166471,-0.3338825210433763,-0.04657017267385697,nan,nan,nan,4.270082216276862,-0.35622229399469824,-0.14270672876149326,0.5134219925834104,-0.010605091114946634,0.1881810774497857,7789.546969213752,11433.437900293382,7786.861289013642,11422.01764960999,"1,1,25",1
601,66896773,51.31777300000043,0.00024868636029979556,-0.22700554517374516,-7.082093804678629e-05,0.6395874182557347,1478.3672496025438,1799.772427890075,1478.8862139450375,1799.2913922325688,123451.0,1.0,0.4,0.4,0.4,0.4,0.0,0.0,-0.005173373834218892,0.0732129872783833,-0.0005685135093551317,-6.402446253474114,0.18156141173024523,-7.366711015576748,16.141931411423744,24.89495500153545,101131.27519005028,0.9414390636922377,-0.03428783213407694,-0.3321770992715684,-0.04663963295583883,nan,nan,nan,4.228027466075957,-0.35449988043551767,-0.13159685264347665,0.5144754873214373,-0.011381851820226385,0.18909624939647077,7758.888966209963,11434.836465721246,7764.449569115298,11432.44428935395,"1,1,25",1
602,66946773,51.367773000000426,9.026153921540655e-05,-0.22580756302425106,-9.478888619115548e-05,0.6370327813837374,1477.0,1796.5758440323348,1476.7879220161674,1796.5758440323348,123451.0,1.0,0.4,0.4,0.4,0.4,0.0,0.0,-0.0035339719268222963,0.05684283513149119,0.0011942756074321105,-6.377024506336351,0.18440552369699859,-7.282109833539781,16.134671954821663,24.894906908322326,101131.36614134742,0.9419191868266406,-0.03419192403281097,-0.3308141549755142,-0.046702956461802156,nan,nan,nan,4.182095676132401,-0.35155927026480166,-0.1209472190730983,0.5133631036899747,-0.011027184505307498,0.19179220495534963,7725.00972729488,11376.756686230463,7726.35114140616,11379.710075048808,"1,1,25",1
603,66996773,51.41777300000043,0.0002818510145030081,-0.22906821051007065,-0.00026865402362934865,0.6393758370912895,1476.1664922835469,1801.1664922835469,1477.1664922835469,1801.1664922835469,123451.0,1.0,0.4,0.4,0.4,0.4,0.0,0.0,-0.0009287685052619203,0.05725835175114304,-0.0008091228676681908,-6.448611092540823,0.1721993633416068,-7.29331372023514,16.14873310707144,24.894861946216693,101131.17640590778,0.9424340668707574,-0.034161912914947426,-0.32933850935312126,-0.046768487428590445,nan,nan,nan,4.135940234476911,-0.34854838695382256,-0.1103241351489749,0.5126705349470103,-0.011460051627197,0.19327605245627807,7722.459332254862,11411.004441813197,7724.672931681263,11409.067910807238,"1,1,25",1
604,67046773,51.467773000000435,0.0005690303399889197,-0.22308721205540166,0.0001442122291745152,0.6304564578060942,1471.900567788395,1788.0,1472.099432211605,1787.0,123451.0,1.0,0.4,0.4,0.4,0.4,0.0,0.0,-0.006398689757963989,0.02280224412396122,-0.006691208548268698,-6.44950291198061,0.26051174802631577,-7.360947860734072,16.133918850072668,24.894814533445935,101131.35773243255,0.9427409746371804,-0.034235657176226675,-0.32843830195577056,-0.04685718595093297,nan,nan,nan,4.1293797,-0.34812042,-0.10881417,0.5126676837138778,-0.011034352839363954,0.19403081272633288,7674.287321069448,11307.531822070192,7681.82459453103,11298.172663818079,"1,1,25",1
605,67096773,51.51777300000043,-0.00042646204331947334,-0.22697181440979441,0.0001958120821875722,0.6326634944675444,1472.0,1793.0,1471.0,1792.4214417744918,123451.0,1.0,0.4,0.4,0.4,0.4,0.0,0.0,0.011888417101178102,0.05523579835065835,0.0017582521914760911,-6.401908401247401,0.25089739483714485,-7.358092785862786,16.149997072906405,24.89476784039409,101131.17206748769,0.9430613454372975,-0.03408089132137899,-0.3275229909416937,-0.04693075439842666,nan,nan,nan,4.1293797,-0.34812042,-0.10881417,0.5120393434464218,-0.011090423476635513,0.19594654957879915,7673.791451391566,11327.12169907263,7666.84134770494,11325.029884082533,"1,1,25",1
606,67146773,51.56777300000043,-0.0007663417349323986,-0.2236400217050576,0.00011030538883450176,0.6247243,1467.0,1782.0342928660825,1465.0,1782.9657071339175,123451.0,1.0,0.4,0.4,0.4,0.4,0.0,0.0,0.005071849437797246,0.05104457848060075,0.006315041097922402,-6.419451671389236,0.2746839017371715,-7.463999405657072,16.176744372599835,24.89472315673224,101130.85395928063,0.94351651827957,-0.03383149542060515,-0.32624094044011004,-0.0468927480540135,nan,nan,nan,4.086240793923191,-0.34535885707715147,-0.10026376544288132,0.5106806689526894,-0.010933705038995142,0.1957341845616876,7625.500011767257,11248.89090449183,7615.832391699108,11255.311135644248,"1,1,25",1
607,67196773,51.61777300000043,0.00036760345891364904,-0.22687913322191272,-0.0006439948694521821,0.6261939703806871,1464.0,1785.427808727948,1466.0,1786.427808727948,123451.0,1.0,0.4,0.4,0.4,0.4,0.0,0.0,-0.0065506276065227485,0.07075548486768803,0.0028879854311815224,-6.350412815854225,0.1615519560468895,-7.257229748792944,16.179766050329185,24.894679223579555,101130.81306998516,0.9439521004236111,-0.03383199925601852,-0.32497640408564815,-0.04690717961111111,nan,nan,nan,4.036216551058484,-0.342156525193891,-0.09034864350179096,0.5120508282708542,-0.009223547077643147,0.197872783979266,7598.030744237992,11254.580872949615,7605.325627831992,11259.18373984418,"1,1,25",1
608,67246773,51.66777300000044,0.001021075105974026,-0.22550876787012986,-0.0001501527683896104,0.6204138706493506,1459.8396982555398,1780.0,1461.0,1779.0,123451.0,1.0,0.4,0.4,0.4,0.4,0.0,0.0,-0.004793812790977799,0.06517901874822862,-0.005191697334553613,-6.361369961029759,0.21512304687765707,-7.521068521492678,16.188645961431387,24.894636122143606,101130.6992141283,0.9445735564102564,-0.03390264976556777,-0.3231455407509157,-0.046993316937728936,nan,nan,nan,3.9934854879076847,-0.33888436306615116,-0.08318676743763523,0.5108205580302645,-0.011675969115360887,0.19921620848423266,7552.683508837623,11221.851108642046,7564.924554589564,11217.902534960203,"1,1,25",1
609,67296773,51.717773000000435,0.0009266295799457995,-0.22621896572357725,0.0004381893834905149,0.6211041485636857,1460.6729440455224,1781.6729440455224,1461.0,1779.6729440455224,123451.0,1.0,0.4,0.4,0.4,0.4,0.0,0.0,0.00117677638198103,0.05593506570650407,-0.005571584244607046,-6.305534967289973,0.1915315419186992,-7.355310666287263,16.21784557431813,24.89459384796394,101130.35088327985,0.9450212178903182,-0.03396196907081923,-0.3218096247501693,-0.047118468262694654,nan,nan,nan,3.9512529372225336,-0.3356074278149291,-0.07621308465055293,0.5094096746436878,-0.010750612026855571,0.20129533649185877,7538.264979443381,11205.68911806663,7550.723062646386,11193.192042089959,"1,1,25",1
610,67346773,51.76777300000043,-0.00016629722362998523,-0.22485917283604134,-0.00031541980350566223,0.6149522001181684,1455.0,1773.0,1456.0,1774.0,123451.0,1.0,0.4,0.4,0.4,0.4,0.0,0.0,0.016426245096996556,0.0646033556770064,-0.0004538885978335795,-6.342585884490399,0.22317721213687838,-7.418098483998031,16.221743819021942,24.894551388566516,101130.3099714749,0.945568467148811,-0.033672277407697966,-0.32023240473155185,-0.047092101199313556,nan,nan,nan,3.9084477183713275,-0.3327581612475618,-0.07008589290944374,0.5088362201585166,-0.010661235830018444,0.20384551609441204,7508.9592969480855,11171.447006493236,7511.377185058082,11174.596134081301,"1,1,25",1
611,67396773,51.817773000000436,-0.0007340524980149977,-0.22598418401191003,-0.0001724460920074989,0.6156438011424791,1456.0,1774.5003309066842,1455.0,1775.5003309066842,123451.0,1.0,0.4,0.4,0.4,0.4,0.0,0.0,0.01249579792278844,0.059874649936024704,0.004838337598477829,-6.341322851312596,0.1866516903264946,-7.34375461085374,16.210177268340527,24.89450962455865,101130.44706159277,0.9460122164492594,-0.033197359571523324,-0.31898218554057045,-0.047002806537696215,nan,nan,nan,3.865605544140801,-0.3299364929637595,-0.06401332686529093,0.5076395926990049,-0.010635271731343283,0.20550270135572138,7491.088131123747,11131.48449711116,7479.364098734507,11141.997986409757,"1,1,25",1
612,67446773,51.86777300000044,0.00010610449061501598,-0.22524325193290737,0.000844014857428115,0.6090135,1450.0,1768.8067092651756,1448.1932907348244,1767.0,123451.0,1.0,0.4,0.4,0.4,0.4,0.0,0.0,0.0013332886666666667,0.06686280666666666,-0.006302210000000001,-6.2881309666666665,0.20827832500000001,-7.574720833333333,16.23598926980906,24.89446930762987,101130.12809446505,0.9465462397320279,-0.03303672560113372,-0.3173972645864468,-0.047094934315897966,nan,nan,nan,3.8251297449140482,-0.3271240336999691,-0.05488676518887551,0.50764096417913,-0.010551704023929579,0.2068438663302282,7453.665618847109,11127.960829149566,7451.088675829406,11115.827227928712,"1,1,25",1
613,67496773,51.91777300000044,-0.0005055774772277227,-0.22531380425742573,0.0002863433126732673,0.6095193423762376,1450.3556445910913,1768.3556445910913,1449.0,1768.3556445910913,123451.0,1.0,0.4,0.4,0.4,0.4,0.0,0.0,0.00585632229927131,0.04996099060448642,-0.0019381664285100355,-6.1834219440377804,0.2126079599905549,-7.519140381227863,16.24135450435069,24.894430039631473,101130.05611819976,0.9469520138685296,-0.03284591090380211,-0.3161955967407238,-0.04715270090013742,nan,nan,nan,3.7848050980291252,-0.3243121626628709,-0.045565129362750464,0.5065340849327471,-0.010536507977237455,0.20700442254181756,7425.100596655214,11066.564692187627,7418.671221801662,11061.786514648551,"1,1,25",1
614,67546773,51.967773000000435,-0.0002537490630156141,-0.22447578824050338,-0.00016382333914239107,0.60493356,1445.9405732929388,1763.0,1446.0,1763.0594267070612,123451.0,1.0,0.4,0.4,0.4,0.4,0.0,0.0,0.0006579148703225807,0.06711320483870968,0.0012554940922580645,-6.1644869600000005,0.2684621246451613,-7.4918651367741935,16.207574055904974,24.894393390387602,101130.46807107945,0.947441659521028,-0.032732041789719626,-0.3147245315654205,-0.04723699707359813,nan,nan,nan,3.7426178508310124,-0.32192251506403535,-0.040946188884546666,0.5086350617021277,-0.009773798335792724,0.20961231655971174,7404.931523692801,11071.989884950548,7401.097556872594,11069.656895181299,"1,1,25",1
615,67596773,52.01777300000044,-0.0005813310014144736,-0.22442105490497077,-0.00044180982130847954,0.6051236,1446.0,1762.0,1446.0,1764.0,123451.0,1.0,0.4,0.4,0.4,0.4,0.0,0.0,0.005199738082183768,0.057091059987326345,0.003037733354350475,-6.235134870095052,0.24483421820862786,-7.497890484036071,16.26832902720387,24.894356350331844,101129.75324834077,0.9478892335550884,-0.032636990456411524,-0.3133793407134908,-0.04726760895709163,nan,nan,nan,3.700291914257479,-0.3195643062577985,-0.03667741149607203,0.5050184582100524,-0.010349561585141965,0.20999557943489847,7376.448507277631,11001.157587006957,7370.485762718499,11016.390068917515,"1,1,25",1
616,67646773,52.06777300000044,0.0008356801581395348,-0.22816973941860463,-0.00044290680906976747,0.6060384944767442,1443.0,1767.0,1445.0,1767.0,123451.0,1.0,0.4,0.4,0.4,0.4,0.0,0.0,-0.013559452815450644,0.07238733047210301,-0.002775848657939914,-6.195105998712447,0.1382927325751073,-7.4971694759656655,16.25864140874122,24.894319419182008,101129.8527240256,0.9484219650533019,-0.032719291584660117,-0.3117423570829296,-0.04734861604956389,nan,nan,nan,3.6588653470591765,-0.3164231269683819,-0.028435327057796535,0.5053616773402025,-0.009790021848323437,0.21112379337582954,7347.513616942781,11029.712373973756,7359.997628295406,11030.362125340638,"1,1,25",1
617,67696773,52.11777300000044,0.0009874127957934617,-0.22399207760770729,0.0005460365837194199,0.5989138784585408,1440.0,1758.3669625460057,1440.0,1755.3669625460057,123451.0,1.0,0.4,0.4,0.4,0.4,0.0,0.0,-0.017939566981132075,0.047356753398395145,-0.005060683877770548,-6.166477099392757,0.24031494359141184,-7.4531543517675125,16.300903470260046,24.894286940500987,101129.35681926744,0.9488530534501406,-0.033012553288124594,-0.3103613810317975,-0.04758137312654121,nan,nan,nan,3.6175094784112956,-0.3132203991320521,-0.019880904823130614,0.5046800849536227,-0.00992247188961323,0.21337637735911796,7306.815101818086,10955.56347433027,7316.936973353722,10934.410275436927,"1,1,25",1
618,67746773,52.16777300000044,0.00022770475796137342,-0.22704550424892705,0.0003887568855579399,0.6012403671673819,1440.0,1761.8638871857756,1440.0,1761.0,123451.0,1.0,0.4,0.4,0.4,0.4,0.0,0.0,-1.6765114719412104e-05,0.05770125927506899,-0.003300581998528059,-6.201300905887765,0.25431050164673413,-7.563575362097517,16.25221233094431,24.894253482711864,101129.92702392252,0.9492930159743433,-0.03302643333231521,-0.3089956581918143,-0.04768416147953574,nan,nan,nan,3.5696017918006433,-0.31019671376607716,-0.013157048879772912,0.5024349203003625,-0.010656623353098566,0.21441313301743484,7303.229481298986,10974.767010400481,7307.213352490131,10967.679212451361,"1,1,25",1
619,67796773,52.21777300000044,-7.522033847979655e-05,-0.22165502915230292,0.0006502742915993218,0.5935382282735236,1437.0,1750.2884180790961,1436.0,1749.0,123451.0,1.0,0.4,0.4,0.4,0.4,0.0,0.0,0.002672966339745403,0.03465622174823197,-0.0041036525530410185,-6.154604404809053,0.2151829217397454,-7.593107184158416,16.294966299479167,24.89421962160494,101129.42271971451,0.9496831827848101,-0.03273275914177215,-0.3078232281518987,-0.0477019434,nan,nan,nan,3.5211781583601285,-0.30718712775321544,-0.006577347563454582,0.5040093070544138,-0.008451968861207042,0.2153776566079852,7280.311436889464,10889.655281395675,7268.713002319113,10890.964448876031,"1,1,25",1
620,67846773,52.267773000000446,-0.00018122201089603118,-0.22390065440710982,-0.0008485749019478939,0.5948777,1435.0348270823185,1752.0,1437.0,1753.9651729176815,123451.0,1.0,0.4,0.4,0.4,0.4,0.0,0.0,0.0021994486089226386,0.0472279127413384,0.006798962998528714,-6.0605589208353114,0.31275338343141906,-7.546975028476507,16.277127757812497,24.894188757407406,101129.64455613426,0.9499499423632385,-0.032553302413566736,-0.30703263864332603,-0.047606926008752735,nan,nan,nan,3.4736690034897713,-0.3033728792749699,0.001521136402075813,0.5028057361345798,-0.009496836276808479,0.21815093688296755,7263.290941381647,10867.132731103968,7270.686614233189,10882.324327295286,"1,1,25",1
621,67896773,52.31777300000044,-9.281559458776598e-05,-0.22404501149734043,-0.00010589127812898936,0.5918523792420213,1432.8656914893618,1749.877659574468,1432.8656914893618,1749.877659574468,123451.0,1.0,0.4,0.4,0.4,0.4,0.0,0.0,0.0021436558019414893,0.06585066050797872,0.0007774808207367022,-6.011463394414894,0.2550542388643617,-7.692631780797873,16.256863043478262,24.894158925465838,101129.88447204969,0.9504512662629482,-0.03244791344966799,-0.3054836198406375,-0.04763776278034528,nan,nan,nan,3.4262217511833133,-0.2995041618662254,0.009722429272111914,0.5024857606118064,-0.010146959297897443,0.21935449934437282,7236.37063461857,10869.028686668751,7238.6357735345355,10874.549050633643,"1,1,25",1
622,67946773,52.36777300000044,0.0004988020344911146,-0.2220033348196015,0.0005844471645018848,0.5875709693187937,1430.0,1744.8448880496358,1430.0,1743.0,123451.0,1.0,0.4,0.4,0.4,0.4,0.0,0.0,-0.005481865318928379,0.053008729361873994,-0.005840481610285406,-5.9866888406838985,0.2323107181987076,-7.443548586672052,16.319747170040017,24.894131804525166,101129.14413575496,0.9508480849301075,-0.03253820092069893,-0.30422513604838713,-0.04771023473198925,nan,nan,nan,3.4234793,-0.29928055,0.010196464,0.5024629123672535,-0.010170838731424835,0.2182155810918601,7198.1086496337875,10790.232635156508,7199.262218041879,10782.375122754169,"1,1,25",1
623,67996773,52.417773000000444,-0.00013167233424019606,-0.22688123963235293,-0.00037757213492647056,0.5896599,1428.0,1749.0,1429.0,1750.0,123451.0,1.0,0.4,0.4,0.4,0.4,0.0,0.0,-0.00032431391381215454,0.09034308093922652,0.0029323022889502764,-6.018371800552486,0.20195498762430938,-7.453681314917127,16.29547267406385,24.89410442624053,101129.42464288243,0.9514185827678754,-0.03244771437287441,-0.30243357463429626,-0.04779017125793895,nan,nan,nan,3.4228656574688636,-0.2992344625701168,0.010257644543542705,0.500468441717764,-0.009248528251890972,0.2222400930765788,7186.02987716214,10828.701463402513,7184.052512323265,10829.314045805902,"1,1,25",1
624,68046773,52.46777300000045,6.26331126733436e-05,-0.22222940547765793,0.0002167541093066256,0.5829330835130971,1425.1026167265263,1740.0,1425.0,1739.1026167265263,123451.0,1.0,0.4,0.4,0.4,0.4,0.0,0.0,-0.0009908673784924105,0.07521453406740418,0.002625063603138667,-6.017321073192694,0.23192697534859788,-7.633827285824544,16.260117736366073,24.894079658874027,101129.8574767179,0.9520664373365804,-0.032379371455524227,-0.3003762074057934,-0.047909907990515255,nan,nan,nan,3.374999625398949,-0.2956394992406976,0.015029917830805213,0.500610544342715,-0.011040297217409623,0.22298243906294768,7144.511147631694,10756.344357861082,7140.9694752684645,10753.003250585778,"1,1,25",1
625,68096773,52.517773000000446,2.3600718565753023e-05,-0.2250628984164649,0.00032985453301694913,0.5836961554915254,1424.0,1743.0,1424.0,1742.0,123451.0,1.0,0.4,0.4,0.4,0.4,0.0,0.0,-0.0027042306423728816,0.08421917230121065,-0.00013758537791767542,-5.948147591476998,0.1764941729297821,-7.678898322082325,16.25962362962091,24.89405599976454,101129.8454148026,0.9526432236956521,-0.032304771050724636,-0.2985274179347826,-0.048049039050724635,nan,nan,nan,3.3271335933290342,-0.2920445359112784,0.01980219111806772,0.4985229296093366,-0.011776857584684684,0.2253642971052416,7132.141849194148,10761.626955908523,7126.808903320238,10754.485863623366,"1,1,25",1
626,68146773,52.56777300000044,0.00015273940543097643,-0.2236693116161616,0.0008837506170875421,0.5785786,1421.0,1737.0,1419.0,1735.0,123451.0,1.0,0.4,0.4,0.4,0.4,0.0,0.0,-0.0017136522007938412,0.0958941322492182,-0.0062316923937936015,-5.991697593216262,0.2968046151118595,-7.724647885686793,16.2831257412652,24.894033451900878,101129.5601585347,0.9533302530580303,-0.03219539771177462,-0.29631056554298096,-0.04821876269612328,nan,nan,nan,3.2865430232994344,-0.2895522497494212,0.023482582387884296,0.49755671118907335,-0.00884917649722452,0.22828509121244583,7093.4707320554135,10706.293358398421,7075.70555192861,10696.370852734646,"1,1,25",1
627,68196773,52.61777300000045,0.0005304210028452752,-0.22690486694704048,-0.00044256773277258566,0.5798999426375909,1418.0,1739.5568232330716,1420.0,1740.0,123451.0,1.0,0.4,0.4,0.4,0.4,0.0,0.0,-0.013632345827350935,0.10655149205873628,0.0022418371994363693,-5.9384432687629785,0.2055071685048947,-7.766095304598043,16.33487217446085,24.89401254324805,101128.95017778465,0.9540592316390533,-0.03217082218994083,-0.29394920783431955,-0.048269609085207096,nan,nan,nan,3.2464593993337436,-0.2871367969002471,0.02708689253901312,0.496444258390329,-0.00965993947657029,0.23024952246061817,7064.490424218581,10722.833724316757,7076.062624169955,10727.437868652547,"1,1,25",1
628,68246773,52.66777300000045,0.0003964493048485595,-0.22285528519330214,-0.00016247577023393252,0.57290715,1414.0,1730.0,1415.0313193588163,1730.0,123451.0,1.0,0.4,0.4,0.4,0.4,0.0,0.0,-0.007312357434846989,0.06771674829318855,0.004232383144299112,-5.8865980948667325,0.22843590201135242,-7.730432603158934,16.336175067950673,24.89399226958334,101128.93673253951,0.9546813884169278,-0.032252453339341694,-0.2918965830877743,-0.048370540321316616,nan,nan,nan,3.205830261617114,-0.28434722457437833,0.0330255520698367,0.4953351943796711,-0.010356962579970104,0.23405221224215245,7018.093255444202,10639.923307666002,7027.142286059394,10636.675648144363,"1,1,25",1
629,68296773,52.71777300000045,-8.308570532839962e-06,-0.22563502126734505,-0.00033281617494449584,0.5739885549953747,1414.0,1733.0,1414.0,1733.4895736793328,123451.0,1.0,0.4,0.4,0.4,0.4,0.0,0.0,0.007845568278635837,0.0778009657734104,0.005346213156624278,-5.873337425063584,0.22058223453872833,-7.590517996184971,16.301204178783756,24.893973520379447,101129.3582015394,0.9552569756170924,-0.03215363559560754,-0.2900130674982096,-0.04840173628694199,nan,nan,nan,3.1651320435201273,-0.2815102761453318,0.03925981871003127,0.4939233327623679,-0.009752826275690964,0.23460469540068477,7009.803297192365,10646.49408779324,7012.40995222166,10649.60143652389,"1,1,25",1
630,68346773,52.767773000000446,-4.584702086693549e-05,-0.22170881172883067,-0.000304264916796875,0.5686250727746976,1411.0,1725.0,1412.0,1725.1693081761007,123451.0,1.0,0.4,0.4,0.4,0.4,0.0,0.0,0.009367525283827968,0.056754176046277666,-0.0008924259723591551,-5.852811419391348,0.2083251136141851,-7.902182322686117,16.321726253722684,24.893955469503,101129.10855540514,0.9557910038459603,-0.03196266854014599,-0.28828146484772216,-0.04833092155625472,nan,nan,nan,3.122537823401088,-0.27819337740632377,0.043286926977825685,0.4925548816898955,-0.011249145895760744,0.23820239189314749,6987.018424409136,10590.331768227965,6988.915309151409,10599.129032643867,"1,1,25",1
631,68396773,52.81777300000045,0.0003368122133259078,-0.22187834287591893,-0.0001004558879349521,0.5687136285676098,1411.0,1725.0,1412.0,1725.0,123451.0,1.0,0.4,0.4,0.4,0.4,0.0,0.0,-0.00018818465457989732,0.04253688933585915,0.002504490951816358,-5.747325657677736,0.23049409744818364,-7.674226240160463,16.30905506425462,24.89393803103415,101129.24782842217,0.9561180440979955,-0.03192490231403118,-0.2871946445879733,-0.048357030668151446,nan,nan,nan,3.0796675328765013,-0.27480659473514013,0.04699265842223591,0.49492933385258964,-0.010767712958366534,0.23700243400199203,6979.42186957997,10568.811393994121,6983.3151837891255,10567.54528164069,"1,1,25",1
632,68446773,52.867773000000454,0.0003369331911136713,-0.21910910568868408,0.0006354934153405018,0.5636153,1409.0,1719.0,1407.905529953917,1717.0,123451.0,1.0,0.4,0.4,0.4,0.4,0.0,0.0,-0.003680205352688172,0.04548157564516129,0.002701149521505376,-5.775962002688172,0.20654126924731184,-7.86495547311828,16.304749142113916,24.89392202411759,101129.29750639203,0.9564841686931964,-0.031829411717843384,-0.2859784538741977,-0.04838791530218228,nan,nan,nan,3.03904728275473,-0.2711982306239044,0.05131218448454595,0.49289564082988224,-0.00978286001274868,0.23915564069265124,6955.895957543716,10521.03292280215,6948.387434350411,10509.41090273402,"1,1,25",1
633,68496773,52.91777300000045,2.422317914299707e-05,-0.22093840773751225,-0.00017810025119980411,0.5637980131464251,1407.0,1719.414789422135,1407.0,1719.414789422135,123451.0,1.0,0.4,0.4,0.4,0.4,0.0,0.0,-0.0003370450132158592,0.06751631359030837,0.0019838888709251103,-5.759890112334801,0.1802285427753304,-7.789074581497798,16.345548213852318,24.89390783125358,101128.82006468231,0.9568517769757768,-0.03163198772473697,-0.2847780338120871,-0.0483287466344507,nan,nan,nan,2.998610257508412,-0.2675718227336745,0.0556816929570732,0.49234371516796954,-0.009912236283752377,0.2396430459433763,6936.832329540844,10501.788867187766,6930.036092773297,10498.703156298994,"1,1,25",1
634,68546773,52.96777300000045,4.060552021595225e-05,-0.2181407720238741,0.00042614709359739555,0.5586533217525773,1404.0,1713.0,1403.0675437406755,1712.0,123451.0,1.0,0.4,0.4,0.4,0.4,0.0,0.0,0.0038652423488454227,0.06830219038196142,-0.003471926938494974,-5.664481704862809,0.27279054388481394,-7.749623965878837,16.302950131288508,24.893895755465554,101129.32975978425,0.9573119838228533,-0.03148214286004057,-0.28324159838945234,-0.048340603779851256,nan,nan,nan,2.9551127295805895,-0.26394077252185993,0.06018158373320409,0.49138938111111113,-0.009101735230769232,0.24213473316239315,6908.69811953076,10462.58100424686,6904.696193456404,10456.928587645105,"1,1,25",1
635,68596773,53.01777300000045,0.00011894086615402675,-0.21943858185019957,-0.0002290523595374501,0.5590912020192533,1403.0,1713.4228692181264,1403.5771307818736,1714.0,123451.0,1.0,0.4,0.4,0.4,0.4,0.0,0.0,0.004042931964678253,0.07425260232503524,0.003245717232386097,-5.695535005847816,0.1853242114255519,-7.804103853757633,16.30955083155423,24.89388514771757,101129.24030888517,0.957734300117096,-0.03132036431826698,-0.2818348036955503,-0.048302961702576114,nan,nan,nan,2.911417978958519,-0.2603094231529245,0.06468987651118728,0.492680512333391,-0.01125474483157348,0.24218919244374243,6891.493790331708,10432.332791650713,6892.522462280119,10435.314830859706,"1,1,25",1
636,68646773,53.06777300000046,0.0002672971671971945,-0.2183661984407877,0.00040299813142918796,0.5542890778365255,1399.45498783455,1708.5166261151662,1399.45498783455,1707.5166261151662,123451.0,1.0,0.4,0.4,0.4,0.4,0.0,0.0,0.004506693673860264,0.0809484831265174,-0.0050409855142702995,-5.729027350795792,0.22642168824656056,-7.858919446290801,16.336218791311968,24.89387741136705,101128.92881822734,0.9583463931516459,-0.03116876617647059,-0.2797569392336751,-0.048340674466810576,nan,nan,nan,2.8711545163234278,-0.25696238155415146,0.0701930677687827,0.4903246238511297,-0.00999125127486641,0.24444489003374895,6860.683888573855,10422.50706059483,6858.652064525888,10414.924781151369,"1,1,25",1
637,68696773,53.117773000000454,0.00016847887410466068,-0.21905057576655765,7.58809690106296e-05,0.5541884744317253,1399.0,1709.0,1399.0,1708.4687116564417,123451.0,1.0,0.4,0.4,0.4,0.4,0.0,0.0,0.007654857700552034,0.07581569684829279,0.005469666289327336,-5.588038001226743,0.1913923335207524,-7.859630009609487,16.337384268000463,24.89387248551088,101128.90429927458,0.9588652759289505,-0.03095379809452838,-0.27798789998775014,-0.04839542696488363,nan,nan,nan,2.831117543275743,-0.2536341063048672,0.07576192945305557,0.4889681490309419,-0.010781699267596057,0.24747356894593675,6841.988178797006,10381.881974264797,6833.4509398265145,10371.163375689805,"1,1,25",1
638,68746773,53.16777300000045,-0.000739295458878628,-0.22126432718469657,0.00025662137304485483,0.55511516,1399.0868073878628,1711.0,1397.0,1711.0,123451.0,1.0,0.4,0.4,0.4,0.4,0.0,0.0,0.0029005442998416885,0.08679515829868074,0.006211090095860159,-5.584970159894459,0.23446839300263853,-7.794241932638522,16.326737344061435,24.89386959658149,101129.04041597592,0.9594553735309688,-0.03066747818793012,-0.2759720808575966,-0.04841950152991001,nan,nan,nan,2.7836570812920973,-0.2500741554109104,0.08147601150605796,0.4873050802782071,-0.009924531303451828,0.24886178134981968,6829.930718920507,10398.104156884063,6823.777089599464,10400.62209614193,"1,1,25",1
639,68796773,53.217773000000456,6.365193903321935e-05,-0.2148757561064973,-0.00015998982513434293,0.548357825146556,1396.0,1700.0,1396.0,1700.0,123451.0,1.0,0.4,0.4,0.4,0.4,0.0,0.0,0.0014719574988275525,0.043962879171958964,0.002010295077088422,-5.549499672936004,0.27628551051294575,-7.97948778654128,16.34605632537325,24.893867,101128.81099413743,0.9599234192105263,-0.030517301173001946,-0.27436480965643273,-0.04837186396661793,nan,nan,nan,2.735482816035923,-0.24649192781731022,0.0872040571785028,0.4878192295969508,-0.00976152025691347,0.2518388822877301,6804.944582885701,10301.166235888177,6800.940607983383,10305.040192821682,"1,1,25",1
640,68846773,53.26777300000046,6.577796003248373e-05,-0.21821259216891556,-0.0004129980898663168,0.5497313988255872,1394.0379810094953,1703.0,1395.0,1703.9620189905047,123451.0,1.0,0.4,0.4,0.4,0.4,0.0,0.0,-0.0037561990908071747,0.07933031709641256,0.009500946105381165,-5.487514812257101,0.17983966418535127,-7.831829780044843,16.375470858914788,24.893867258387544,101128.46541912114,0.9603389694805196,-0.030413002003496503,-0.27291205168581417,-0.04840519066058941,nan,nan,nan,2.6853703658413255,-0.24224279658329678,0.0902988582390773,0.48684503222680514,-0.009759656324951549,0.2520684809054316,6793.098972753708,10310.787608350089,6792.218747412101,10309.491909961263,"1,1,25",1
641,68896773,53.31777300000046,-0.00019619293375593041,-0.21458059287822878,0.0006220525828782289,0.54557073,1394.0,1697.0,1392.4333948826168,1696.0,123451.0,1.0,0.4,0.4,0.4,0.4,0.0,0.0,0.0004620531951039748,0.07859234936825481,0.0014222446585285605,-5.48610023953672,0.1957043149012898,-8.051563147933667,16.31326457369173,24.893871078612225,101129.21497877433,0.960912686199525,-0.030333154726840856,-0.27088273821060965,-0.04847038354711006,nan,nan,nan,2.6352184404136056,-0.23796089447103613,0.0931703583035851,0.48593297306885164,-0.01003218794051252,0.2546718915233477,6781.960972924765,10285.771391747112,6775.072988549653,10278.816338670837,"1,1,25",1
642,68946773,53.367773000000454,-2.4852328018508445e-05,-0.21529044186173107,0.00025110558045726727,0.5455906406913446,1393.0,1698.0,1393.0,1697.0,123451.0,1.0,0.4,0.4,0.4,0.4,0.0,0.0,0.007842781032382505,0.0733541603124151,-0.0008408920676283619,-5.531307115050258,0.17112155340396631,-7.958238072262971,16.28267353479083,24.893876867435935,101129.58160427601,0.9613760429022082,-0.030166116396424816,-0.26925090399579393,-0.04847771961303891,nan,nan,nan,2.5896801503156563,-0.23434323587752526,0.09414620818497474,0.48483758735930155,-0.01113004296107007,0.25666452574927245,6771.843638299692,10252.325910854048,6768.359003696753,10245.652108631062,"1,1,25",1
643,68996773,53.417773000000466,0.00019486890727836036,-0.21858817319351764,4.734353062845567e-05,0.5465014854003813,1391.0,1701.0,1392.0,1700.0,123451.0,1.0,0.4,0.4,0.4,0.4,0.0,0.0,0.002417744097882465,0.09658363307304307,0.0009302706285272425,-5.52116717987152,0.1528194987461337,-8.086606387104448,16.37500755231665,24.8938844125211,101128.47812183511,0.9619801801495832,-0.029999202803334967,-0.26709410107160375,-0.04852852124423737,nan,nan,nan,2.5441418602177075,-0.23072557728401438,0.0951220580663644,0.4831826707537212,-0.010151698988578733,0.25768074115037315,6755.847248534952,10259.208081884077,6752.178892431439,10253.042866649703,"1,1,25",1
644,69046773,53.46777300000046,-0.000746108520571211,-0.2143209921249048,-0.00043536937737242954,0.5428530449352628,1391.0,1693.0,1391.0,1694.9611477907567,123451.0,1.0,0.4,0.4,0.4,0.4,0.0,0.0,0.00819915293499238,0.08197905606907059,0.002883002530878619,-5.410588254291518,0.3183681215997968,-7.886479728999492,16.346756737490256,24.893891291816058,101128.80346219798,0.9625461658035034,-0.029719523880680374,-0.265090955468393,-0.04846228217263265,nan,nan,nan,2.5409305,-0.23047046,0.095190875,0.4829647698479532,-0.011806555263742689,0.259810179165692,6746.699384643525,10205.564413427499,6746.198591601553,10216.518827294989,"1,1,25",1
645,69096773,53.51777300000046,-0.00015768651928793192,-0.21614697118678017,2.6108272386579873e-05,0.543467858237356,1390.0,1696.0,1390.0,1695.7377377377377,123451.0,1.0,0.4,0.4,0.4,0.4,0.0,0.0,0.0009926541891063405,0.08749810662131802,-0.0038078171525461808,-5.39820394316026,0.2106434390564154,-8.071234754992512,16.329096230745577,24.893902332359723,101129.03081629516,0.963101294976256,-0.02947298663584104,-0.26310101483379156,-0.04842772847913022,nan,nan,nan,2.5409305,-0.23047046,0.095190875,0.48155891049048954,-0.009919871873998261,0.2615670718123009,6744.367000512577,10221.869810986578,6736.972462206892,10230.218864306627,"1,1,25",1
646,69146773,53.56777300000046,0.0003581595568496975,-0.20927496247557004,-5.523996258929734e-05,0.5395985073801768,1391.0,1687.197628458498,1391.197628458498,1687.197628458498,123451.0,1.0,0.4,0.4,0.4,0.4,0.0,0.0,-0.001706250314202561,0.050495079991152506,-4.9298624265424864e-05,-5.370541850034924,0.2148568230919674,-8.277824862630967,16.33561631166525,24.89391307990427,101128.9361831236,0.9635701361964618,-0.02949227561149907,-0.26138201514199255,-0.04839637466759776,nan,nan,nan,2.498005760938354,-0.22665117142459895,0.09411540999947261,0.47993038722461084,-0.009657719018235731,0.26284113732542624,6742.442849536255,10165.965775389503,6746.460117944479,10164.634306688175,"1,1,25",1
647,69196773,53.61777300000047,9.856096635274181e-05,-0.21083895357220675,0.00014749504168744704,0.53905004,1389.8888754388088,1688.0,1389.0,1687.0,123451.0,1.0,0.4,0.4,0.4,0.4,0.0,0.0,-0.004194472955326876,0.06661602069975787,0.00014251795906053267,-5.274505540048426,0.21747545815375302,-8.037536645157385,16.339545005854937,24.89392446558299,101128.89422402835,0.9639209074204862,-0.02946105099600919,-0.26009859064699475,-0.048345561983311164,nan,nan,nan,2.4516547555590718,-0.22252702602096097,0.09295410104071379,0.47987255079802293,-0.008703573430154998,0.26680397662267863,6733.093107690227,10137.457686084168,6736.2987131833115,10131.807726513696,"1,1,25",1
648,69246773,53.667773000000466,0.0007008594680813181,-0.2141105274435291,-0.00021969683854637258,0.5400013,1387.0536046820962,1691.0,1389.0,1690.9463953179038,123451.0,1.0,0.4,0.4,0.4,0.4,0.0,0.0,0.0011408569947801833,0.09892566400850047,0.00377094591794395,-5.28657828743525,0.2499075969092841,-8.178810290742463,16.288175821383952,24.893937917787017,101129.50139607301,0.9644955083333333,-0.02940918666520468,-0.25796326796783625,-0.04835784765789474,nan,nan,nan,2.402171233487097,-0.2178787983224403,0.09164507604257734,0.4779483466816901,-0.00882242294599061,0.26659743385352114,6711.931415283254,10165.566982469802,6723.7740679199105,10156.862568651497,"1,1,25",1
649,69296773,53.71777300000046,-1.845381858997662e-05,-0.20791709903142042,0.00015948348640612827,0.5369449877694106,1389.606336016619,1684.0,1389.0,1683.0,123451.0,1.0,0.4,0.4,0.4,0.4,0.0,0.0,0.009383087544132918,0.06975702571962616,0.0006800584823468329,-5.313500406022845,0.26150892877466253,-8.225068695742472,16.29273178650268,24.893952467419584,101129.4508688111,0.9650019100571726,-0.029078895030405404,-0.256117581470894,-0.04826592707796258,nan,nan,nan,2.352092372945738,-0.2131309681694477,0.09030797743800437,0.47785896365838726,-0.0089532817471576,0.26822927173342664,6726.756823022463,10100.087510839749,6722.123117480431,10100.112303027108,"1,1,25",1
650,69346773,53.76777300000046,-0.0006569760113448534,-0.21106750367392937,-0.0008595755937891309,0.537376816316053,1387.0,1685.0,1388.0,1687.0,123451.0,1.0,0.4,0.4,0.4,0.4,0.0,0.0,0.010174015594290008,0.09297747471450037,0.008906337616829452,-5.203259254620586,0.18488330255447033,-8.170813201352367,16.297812608129735,24.893968364912553,101129.3901671841,0.9655495091136704,-0.02870794385428142,-0.25411395555333,-0.04812546481171758,nan,nan,nan,2.302115117235965,-0.20840747047269967,0.0896487733502823,0.47612933685243986,-0.009944301279244653,0.27119167590157084,6711.808405590913,10104.509860644235,6711.866783373867,10115.740957616596,"1,1,25",1
651,69396773,53.81777300000047,-0.0002799535827949659,-0.205206873148925,0.00049047370863398,0.5341081,1389.0,1679.0,1388.0,1678.0,123451.0,1.0,0.4,0.4,0.4,0.4,0.0,0.0,0.008718231077739905,0.07044770590718406,-0.00033270343917147344,-5.204179776507603,0.22414838967488201,-8.3216428830624,16.298505089449893,24.893984683611706,101129.38857761263,0.9660851686006826,-0.028416872472827516,-0.252102214050932,-0.04812858223208191,nan,nan,nan,2.252190049874826,-0.20369746193324062,0.08903310565010929,0.47617159382719715,-0.009827480545427553,0.2731895289731082,6721.015699218801,10051.242855175486,6709.701263208056,10050.194157616896,"1,1,25",1
652,69446773,53.86777300000047,5.423305593346574e-05,-0.20915412696127111,-0.00014016762717477656,0.53492725,1386.0285856326125,1682.0,1386.9714143673875,1682.0,123451.0,1.0,0.4,0.4,0.4,0.4,0.0,0.0,0.0055872258524508585,0.10956138088678775,0.0011294836725304802,-5.229125891017667,0.239987648228415,-8.345527573028116,16.323524500589286,24.894002052693608,101129.0907740562,0.9666649853006681,-0.02817631180400891,-0.249899079844098,-0.04811962587973274,nan,nan,nan,2.2055739163560504,-0.19985219072322669,0.08826503243333995,0.47381059391432306,-0.010789513739944408,0.2755612003490843,6705.94167946362,10060.061024577097,6697.498225809604,10060.256979370371,"1,1,25",1
653,69496773,53.917773000000466,-0.00014286701110929854,-0.20494579983686786,0.0005669614389233279,0.5319475,1387.0,1677.0,1386.0,1676.0,123451.0,1.0,0.4,0.4,0.4,0.4,0.0,0.0,-0.0025006818118369564,0.09903652733043478,0.002719718877445652,-5.229367448804348,0.21400136614130436,-8.385973208695653,16.31274885765166,24.89402089741344,101129.21692240323,0.9673161936715767,-0.028030157541189305,-0.24736495332242225,-0.04820950206983088,nan,nan,nan,2.1589593456753606,-0.19600698896443747,0.08749642244076924,0.47280955978723405,-0.008401327968085107,0.27945277563829785,6700.008560522414,10034.64270537053,6690.946733935659,10027.237455175273,"1,1,25",1
654,69546773,53.96777300000046,-0.00012590219143554559,-0.20584366072568938,-0.00017816142713022827,0.5320571,1386.0,1677.0,1386.0,1677.0,123451.0,1.0,0.4,0.4,0.4,0.4,0.0,0.0,0.0004726396973555023,0.08910045780522566,0.005854349983214569,-5.072490847585115,0.2387416816152019,-8.405644100554236,16.3181395043598,24.894039669668807,101129.15715982101,0.967864112873321,-0.027968675114037396,-0.2452243880932315,-0.0481859221332631,nan,nan,nan,2.1172270811771963,-0.19237875283151393,0.08505092484468489,0.4701757777823426,-0.01000392838096461,0.2809122914066846,6692.036691845475,10014.472029199336,6690.616722314338,10014.711234277373,"1,1,25",1
655,69596773,54.017773000000474,0.0002780561810004466,-0.2020719266547566,-7.864393724162573e-05,0.529915974184904,1386.0,1672.0,1387.0,1672.0,123451.0,1.0,0.4,0.4,0.4,0.4,0.0,0.0,-0.0037374879102369243,0.0915914443853375,0.005064584016003576,-5.075624281627179,0.2066596053866786,-8.428114306660706,16.31891699009357,24.894059018223903,101129.15276669871,0.9684435797372523,-0.027954376675350702,-0.24292379008238701,-0.048205084964150526,nan,nan,nan,2.0754948166790315,-0.18875051669859041,0.08260542724860052,0.46948912628076256,-0.008831802711611785,0.2836444165233969,6690.553412353672,9991.426971141973,6688.261584008947,9981.925311034454,"1,1,25",1
656,69646773,54.06777300000047,0.00033229220167198904,-0.20242691087819342,0.0003583072167198905,0.5298102023494526,1386.0,1673.0,1386.0,1672.0,123451.0,1.0,0.4,0.4,0.4,0.4,0.0,0.0,-0.004894577855383211,0.08220425151459854,0.0022660259510264595,-5.016383100022811,0.18355352567062044,-8.357256652828468,16.294651762679866,24.89407899273785,101129.44154720397,0.9689380228659885,-0.027924083004865104,-0.2409306658735073,-0.04828865625917736,nan,nan,nan,2.0367604592270006,-0.18542541424060968,0.08034930153238977,0.4700400396198556,-0.00837278486662316,0.2843304608426806,6691.177630639609,9973.625913232501,6688.334649731327,9958.08223134775,"1,1,25",1
657,69696773,54.11777300000047,-0.0006239784673402933,-0.20200470700969425,0.0008598519562266965,0.5286376047228437,1386.8058662689534,1671.5824011931395,1383.8058662689534,1670.5824011931395,123451.0,1.0,0.4,0.4,0.4,0.4,0.0,0.0,0.01742546260551827,0.08215910773303504,-0.004026589798956003,-5.03144225093214,0.21347985149888143,-8.423713333333334,16.26390663826797,24.89409976727756,101129.8013880923,0.9694898790278468,-0.027682326047986077,-0.23872853477374442,-0.04828818210094481,nan,nan,nan,1.9982707878520471,-0.18212505324012263,0.07810863215344431,0.46745190248694146,-0.009703194887977553,0.2862154816857328,6689.812340771887,9954.192374364458,6676.027843603501,9950.282175975757,"1,1,25",1
658,69746773,54.167773000000466,-0.000919806393801925,-0.19917905305724418,-0.00022913300933890578,0.52702767,1386.0,1666.0189969604862,1385.0,1668.0,123451.0,1.0,0.4,0.4,0.4,0.4,0.0,0.0,0.009361100970067518,0.07626597876219054,0.0031306148050262565,-4.999652450862716,0.21045991374343587,-8.42222132108027,16.238512091753076,24.89412164132183,101130.0952373292,0.9699744583409436,-0.027306093521562658,-0.23680251296296295,-0.04825448540487062,nan,nan,nan,1.9917250891005873,-0.18174425761818977,0.0766925694933997,0.4657567940499606,-0.009332843027734067,0.288674000736133,6694.124159911982,9912.663651464847,6676.679323632737,9912.79619902345,"1,1,25",1
659,69796773,54.21777300000048,0.0005613872453318638,-0.20176459194709773,-0.00011984279073720303,0.5268869,1383.0,1669.0,1384.0,1669.0,123451.0,1.0,0.4,0.4,0.4,0.4,0.0,0.0,-0.004380816838559529,0.09646490775502205,0.004982104184909358,-4.94723089955904,0.26465680501714844,-8.289456581087702,16.275061484657748,24.894143241542093,101129.65505114083,0.9705075737533709,-0.027144198449620006,-0.2346323274479039,-0.04822836322137779,nan,nan,nan,1.9917054459344754,-0.18195992024426735,0.07544497145568074,0.4639352781454071,-0.010466011780002903,0.2900364388216514,6671.969272826908,9924.287842138949,6669.444841455182,9924.12277568381,"1,1,25",1
660,69846773,54.267773000000474,0.0006248279634456067,-0.2005943116297071,9.325507927824268e-05,0.5280179771046025,1385.0,1670.0,1386.0,1669.2142707679432,123451.0,1.0,0.4,0.4,0.4,0.4,0.0,0.0,-0.003537938038284519,0.054170750865899585,-0.0010476804457322181,-4.879010194811715,0.2374047619456067,-8.473853338807531,16.25484499716252,24.894166933261758,101129.90088939588,0.9709774157608696,-0.027169779385869567,-0.23267819739130435,-0.04822389092391304,nan,nan,nan,1.9917028,-0.18198897,0.07527692,0.4632177545117877,-0.008288096325952085,0.2918608297604276,6677.916397339114,9937.171929345348,6686.10803024921,9931.09322924778,"1,1,25",1
661,69896773,54.31777300000047,-0.00010350789279728747,-0.19558682502785177,0.00029522087399854683,0.5270354,1389.0,1665.0,1388.0,1665.0,123451.0,1.0,0.4,0.4,0.4,0.4,0.0,0.0,0.00366873148040678,-0.002576291196464891,0.0030982226119128328,-4.778949136949152,0.21351085085714286,-8.485504966101695,16.270053696158726,24.894189708213172,101129.73185246279,0.9711076595501814,-0.027139914057799273,-0.23215508726964934,-0.04813943377097945,nan,nan,nan,1.9917028,-0.18198897,0.07527692,0.4635469919736651,-0.01003042065764632,0.2919462365251489,6706.988826660499,9890.916202148072,6706.450603515738,9891.100389648067,"1,1,25",1
662,69946773,54.36777300000047,-0.0004136817972450459,-0.1925414422522958,0.0007225444771338811,0.5273091518028032,1392.0,1663.0,1390.0,1662.1737974377568,123451.0,1.0,0.4,0.4,0.4,0.4,0.0,0.0,0.007997920776379477,-0.033052066771539206,-0.0027100846546950627,-4.742756295208132,0.26074223822846077,-8.567490135043563,16.293396044045124,24.89421214662812,101129.44889382688,0.9709902447147217,-0.026954184709086643,-0.23268509506222118,-0.048053589960084526,nan,nan,nan,1.9917246757376188,-0.181748866915078,0.07414920404274986,0.46311835335447116,-0.010452926196482536,0.29341354065642805,6745.998050572347,9861.70216043507,6730.314360630738,9859.70116880545,"1,1,25",1
663,69996773,54.41777300000048,-5.497595438163418e-05,-0.19000501060725747,-6.356374362379659e-05,0.52683127,1392.0,1660.3484475110893,1392.0,1661.0,123451.0,1.0,0.4,0.4,0.4,0.4,0.0,0.0,-0.0024944783681896767,-0.03158675501975797,0.0035270918910842186,-4.662941229933317,0.25880488372931587,-8.577093625092616,16.32962847372747,24.89423590027202,101129.01298248499,0.9707768628413991,-0.026928567043603257,-0.23359244372783902,-0.04797655214087206,nan,nan,nan,1.9917484718676146,-0.181487688389951,0.07292732194826593,0.4645553854949668,-0.009845719388348682,0.29305560758192334,6758.250642895622,9835.651997558492,6752.606265820435,9829.570657079788,"1,1,25",1
664,70046773,54.46777300000048,9.63289030483203e-05,-0.18804885163138518,-9.23818073419236e-05,0.5269857,1393.0,1659.0,1394.0,1659.0,123451.0,1.0,0.4,0.4,0.4,0.4,0.0,0.0,0.0015047329581588031,-0.020677558174223246,0.00484283198844649,-4.730011398181818,0.1641059932520138,-8.440705855696201,16.27991405556197,24.89426070497863,101129.60518412845,0.9705963225235579,-0.026943194034704666,-0.23435691429556424,-0.047893954586301996,nan,nan,nan,1.9917687908223654,-0.18126484757911424,0.07224099521178788,0.46421472076010306,-0.009098681764199147,0.29011990678307503,6771.403672509911,9814.618362646603,6773.268872827148,9812.342023095629,"1,1,25",1
665,70096773,54.517773000000474,9.26512425640112e-05,-0.1872133234232629,2.107100517103589e-05,0.5269780810893357,1394.0,1659.0,1394.0,1658.6069246435845,123451.0,1.0,0.4,0.4,0.4,0.4,0.0,0.0,0.0020105224144385024,0.0007311535315508023,0.002291263813903743,-4.697081055080214,0.18984932545454547,-8.60524720855615,16.232782174811593,24.894287969097196,101130.17754894725,0.9705343467889909,-0.02694881447706422,-0.23462650573394495,-0.047826467096330275,nan,nan,nan,1.9917891097771159,-0.18104200676827745,0.07155466847530983,0.4648942394811301,-0.011192505222932563,0.28884981496391005,6779.473977050801,9813.196057421812,6776.562456201131,9807.370782421765,"1,1,25",1
666,70146773,54.56777300000047,-0.0005130395587464968,-0.18659499886369427,-0.0005090550976305732,0.526698,1394.0,1657.0183439490445,1394.0,1659.0,123451.0,1.0,0.4,0.4,0.4,0.4,0.0,0.0,0.011628227714285715,0.012824354851438943,0.009194400822660098,-4.635119686803215,0.23537469556131707,-8.316058176821363,16.24251365093448,24.894317994522343,101130.05867031844,0.9706148873504709,-0.026831497040468315,-0.23432493538813948,-0.04773590728760499,nan,nan,nan,1.9918172885837384,-0.18073177755683584,0.07078654639136316,0.463018104863579,-0.010005967988980605,0.2905909944850161,6780.4179988037495,9801.559667529285,6780.664865307756,9803.539182470877,"1,1,25",1
667,70196773,54.61777300000048,-7.61831913788648e-05,-0.18684947320027687,-1.8630975387632644e-05,0.5270865242224273,1394.496068455134,1659.0,1394.503931544866,1658.503931544866,123451.0,1.0,0.4,0.4,0.4,0.4,0.0,0.0,0.007972346640960517,0.04145812852205034,0.0012305596311706303,-4.635301834680212,0.25192481000230893,-8.508423792426692,16.245493591559075,24.894347055115922,101130.033474941,0.9708142384066587,-0.02666225483828775,-0.233555198097503,-0.04754906745065398,nan,nan,nan,1.9918460446580832,-0.18041513009428384,0.07001241683873553,0.4641159876707132,-0.0098693300538695,0.29078670854324734,6788.047190918097,9805.338680013136,6785.604782735131,9811.090172892164,"1,1,25",1
668,70246773,54.66777300000048,0.000110903975582999,-0.18655224584127383,0.00018900271441198597,0.5278248740847543,1395.3809523809523,1659.3809523809523,1395.3809523809523,1659.3809523809523,123451.0,1.0,0.4,0.4,0.4,0.4,0.0,0.0,-0.0012366629012797992,0.04793461456361355,0.002245727005922208,-4.636623177741531,0.2699477008331242,-8.465566495608533,16.261543327780092,24.894380027488545,101129.82956684714,0.9710923060260587,-0.02652685066474568,-0.23242992436732648,-0.047460507175645206,nan,nan,nan,1.991897611356319,-0.17984339131109792,0.06758763179342106,0.4631504357472585,-0.010610173629842455,0.29250607517598043,6793.78064433631,9811.746110693628,6792.694120434697,9810.584237109382,"1,1,25",1
669,70296773,54.71777300000048,0.0005654955255335174,-0.18586972643735877,-5.2197261589756463e-05,0.52894384,1397.0,1660.0,1397.3871453678132,1659.3871453678132,123451.0,1.0,0.4,0.4,0.4,0.4,0.0,0.0,0.0002054656662531392,0.04583338145605224,0.006381776860472125,-4.588354027071823,0.2296769826318433,-8.59155135610246,16.320673767173993,24.89441084156018,101129.11664385989,0.9713648659403957,-0.026440359025043828,-0.23130225742299024,-0.047441114975206616,nan,nan,nan,1.9919502167493834,-0.1792599845617679,0.06504789123625689,0.46341415385165324,-0.010499474002680965,0.29320834202263923,6811.490641186592,9821.953788769535,6811.034011816601,9818.307858496151,"1,1,25",1
670,70346773,54.767773000000474,6.253057033298097e-05,-0.1848375142204017,-6.387879350819238e-05,0.52873474,1397.0,1659.0,1398.0,1659.0,123451.0,1.0,0.4,0.4,0.4,0.4,0.0,0.0,-0.0013753984247621568,0.04880099488345666,0.005518657055787526,-4.617635517600423,0.23407148982293868,-8.664390346723044,16.26188585516226,24.89444390530281,101129.83586579465,0.9716304487064414,-0.02632714738489968,-0.23021456422386483,-0.04735440080253432,nan,nan,nan,1.9919699888706923,-0.17904054397299807,0.062439978393365354,0.4615068709277472,-0.01018849348431047,0.2954274109260442,6817.921464550925,9813.726502636622,6821.646977124048,9814.00946503905,"1,1,25",1
671,70396773,54.817773000000486,-0.0003224832735789474,-0.18417926175263158,-0.0003229502330157895,0.5294134,1398.5674186778595,1658.5674186778595,1399.0,1660.0,123451.0,1.0,0.4,0.4,0.4,0.4,0.0,0.0,0.007628716294551198,0.04567336807896815,0.008891832561989997,-4.549924896762306,0.28015899869965777,-8.751259162674387,16.247622,24.89447675021644,101130.01,0.9718919261019175,-0.02614651924087208,-0.2291552428999212,-0.047226361222747565,nan,nan,nan,1.9919898170591943,-0.17882045877027106,0.059793230226921096,0.46033768588812907,-0.010895754352884446,0.29386379430782045,6833.361383569381,9812.750849023385,6827.566648730576,9817.498563720814,"1,1,25",1
672,70446773,54.86777300000048,-0.0006734936308293295,-0.1831314839753499,0.00023454437530603717,0.5276688,1398.0,1656.0,1397.0,1657.0,123451.0,1.0,0.4,0.4,0.4,0.4,0.0,0.0,0.010425217671956567,0.04383195512006682,0.006356984874712884,-4.612868033556066,0.23126700318229276,-8.72820168782627,16.241811468057048,24.894508928465118,101130.06572245143,0.9721589307395995,-0.025961324786337957,-0.2280560201540832,-0.04715264251874679,nan,nan,nan,1.9920138366951272,-0.17855218379080473,0.05424324741791302,0.4607928922771525,-0.010667979230327206,0.2967565254200503,6831.56163024881,9793.20594760715,6818.920076293874,9794.36600908184,"1,1,25",1
673,70496773,54.91777300000048,-0.00022053973225531914,-0.18334294931914893,0.00016542768214609932,0.5291035723262412,1399.6973995271867,1658.0,1399.0,1658.0,123451.0,1.0,0.4,0.4,0.4,0.4,0.0,0.0,-0.0018809323627983928,0.057848953145119356,0.005419625586433467,-4.5772364991727725,0.21391719627274874,-8.748574042070432,16.20846277947653,24.89454164121767,101130.46425948275,0.9724440176771366,-0.025880585493060628,-0.22685858711468224,-0.047096348178962744,nan,nan,nan,1.9920378563310601,-0.17828390881133843,0.04869326460890493,0.45955261234330863,-0.010220746823313913,0.299744582256356,6832.497288232457,9791.58008037134,6825.424189429001,9790.668258349755,"1,1,25",1
674,70546773,54.96777300000048,0.00106441281035282,-0.1829131260211177,-7.504219410636106e-05,0.5281573077388617,1397.121110825405,1658.0,1399.0,1656.0,123451.0,1.0,0.4,0.4,0.4,0.4,0.0,0.0,-0.008540669825761488,0.06075291238203407,0.0029037821467217343,-4.514274772328343,0.2369479409550852,-8.625536315952504,16.210696399203623,24.89457409168098,101130.44255543411,0.9727667589414183,-0.02595788093139774,-0.22547016763874614,-0.04705538000873587,nan,nan,nan,1.9920442027038796,-0.17821319212449074,0.04554903192323846,0.45829503963540097,-0.008772509115578322,0.29819478551633594,6824.993843310675,9796.074123437551,6834.391468334827,9784.940962646388,"1,1,25",1
675,70596773,55.01777300000049,0.00018213725183431953,-0.18264731582840235,0.0005291623018343195,0.5280184949704142,1399.0,1657.4236744759555,1398.0,1656.0,123451.0,1.0,0.4,0.4,0.4,0.4,0.0,0.0,0.0011673950884615385,0.05563411109763314,-0.0034321184724852073,-4.479150386390533,0.2793907572485207,-8.762122621301776,16.213593148419598,24.894606290646365,101130.4000956385,0.9730801436026523,-0.025911430560166995,-0.22411140979371316,-0.047092869509332023,nan,nan,nan,1.992048993041913,-0.1781598693718367,0.04261661246382085,0.4573700315707,-0.010756568216130625,0.2990520432816484,6831.9650497316325,9795.046131201267,6831.608055541925,9783.105921679593,"1,1,25",1
676,70646773,55.067773000000486,-0.0006474834506392579,-0.18135220927550766,0.0005930166016294811,0.5286457666833794,1401.0,1657.0,1399.0,1656.0,123451.0,1.0,0.4,0.4,0.4,0.4,0.0,0.0,0.01231291364251692,0.04331112035372274,0.00427689148037102,-4.5052208970167955,0.22846775056154425,-8.743399049135121,16.20437040797792,24.894637954101505,101130.5188473508,0.9733392248244734,-0.025667524726178535,-0.22302325736208625,-0.04703834928084252,nan,nan,nan,1.9920497,-0.178152,0.042183846,0.4577180251116243,-0.009348456899201309,0.301923298145689,6852.494325073225,9785.34698564431,6839.574234545999,9783.171950390539,"1,1,25",1
677,70696773,55.11777300000048,-0.0005386863794200881,-0.18016783079099977,-0.0005052240187473904,0.5279685604082579,1400.0,1654.0,1400.4262180974479,1656.0,123451.0,1.0,0.4,0.4,0.4,0.4,0.0,0.0,0.002868476089717068,0.03154892188566791,0.008787233016697588,-4.516164150672542,0.23849700886131725,-8.757545709647497,16.192712650216432,24.894668244160105,101130.66900211667,0.9735658007177588,-0.025429617270201436,-0.22208015152118546,-0.046940090636721464,nan,nan,nan,1.9920497,-0.178152,0.042183846,0.45619369217660727,-0.010985849233601044,0.3023381796286029,6853.29930512685,9764.39256455053,6846.262857837137,9770.222043749922,"1,1,25",1
678,70746773,55.16777300000048,0.00043688497597496004,-0.17939442748801276,-3.645548212440064e-05,0.5287721512386787,1401.0,1655.0,1402.0,1655.0484816196058,123451.0,1.0,0.4,0.4,0.4,0.4,0.0,0.0,0.000864340393258725,0.03909806083080202,0.006821434124700239,-4.46806760951239,0.20243976725286436,-8.6857423421263,16.204586009967354,24.894698522629373,101130.50765052445,0.9737744124420772,-0.0253809942252996,-0.2211993250412783,-0.04679893114647137,nan,nan,nan,1.9920639468073609,-0.177992277459698,0.03837518646254991,0.4551678595566439,-0.010727766564119088,0.30393520536667096,6858.482932324312,9762.719683447218,6867.8101005859335,9770.268918212809,"1,1,25",1
679,70796773,55.21777300000049,-0.0002952494548743596,-0.17817886605757502,6.573206145547692e-05,0.5281926599560869,1402.0,1653.581689797906,1401.581689797906,1654.0,123451.0,1.0,0.4,0.4,0.4,0.4,0.0,0.0,0.003961979323560976,0.03205483644365854,0.0015827646368048779,-4.394557841634146,0.1701319010512195,-8.740502885853658,16.21734465880886,24.89472810253463,101130.34349237273,0.9739747968220237,-0.02532202758174354,-0.22034509897126298,-0.04668948054962569,nan,nan,nan,1.9920792570652337,-0.17782063245754656,0.03428223018184183,0.4563442911982157,-0.011104245386270703,0.3055567935298005,6863.899490014707,9753.83782246083,6867.496526074094,9759.307019775253,"1,1,25",1
680,70846773,55.26777300000049,-0.0001900110649543518,-0.17774898087644553,0.00010166453518563604,0.526709,1401.0,1652.0,1400.0,1651.9821319796954,123451.0,1.0,0.4,0.4,0.4,0.4,0.0,0.0,-0.004463350320670391,0.041359867560521416,-0.001528690805772812,-4.441947658659218,0.14812283489757916,-8.80338494972067,16.20620353583154,24.89475637710857,101130.48472168761,0.9741974751260937,-0.025259091330674215,-0.21938289756562018,-0.04661126598147195,nan,nan,nan,1.9921296454975361,-0.17725446047548085,0.031801199732077574,0.45570384684664045,-0.012152569715918713,0.3063334044259601,6863.404600708025,9735.408178173859,6854.188386889799,9735.7141052245,"1,1,25",1
681,70896773,55.317773000000486,0.0004641032975759653,-0.17768097993374457,1.8896305990404378e-05,0.5273292827735893,1401.0,1653.0,1401.68745716244,1652.0,123451.0,1.0,0.4,0.4,0.4,0.4,0.0,0.0,-0.002859344452547407,0.049632015309572765,0.0013581518840795066,-4.43474324560201,0.21436329759881198,-8.828003213730867,16.19638067117701,24.894784403910656,101130.60376334045,0.9744313166823751,-0.025259217333647502,-0.21836388418473138,-0.046507207966540995,nan,nan,nan,1.9921825981282786,-0.17665944875238435,0.029438000320219364,0.4545432458700534,-0.010936715613703279,0.30608394447078197,6854.782368456991,9734.305309228528,6868.676755981353,9733.741776220631,"1,1,25",1
682,70946773,55.36777300000048,8.970567806438425e-05,-0.17710978465252938,0.00010029142802912621,0.52715975,1401.0,1652.1374904165602,1401.0,1651.8625095834398,123451.0,1.0,0.4,0.4,0.4,0.4,0.0,0.0,0.012721884440342363,0.039512005499744506,0.004983315887812979,-4.318653320822688,0.2354923302810424,-8.769854157128258,16.169580469790958,24.89481188888673,101130.930495965,0.9746880518830997,-0.025257272397778367,-0.2172412906400423,-0.04638524242105263,nan,nan,nan,1.992226767715038,-0.17616026914034894,0.02685096538753366,0.45330313293293295,-0.010867349383383382,0.30746093167417415,6858.449320215016,9734.6406046874,6866.485759204248,9730.521399414149,"1,1,25",1
683,70996773,55.417773000000494,0.00018802936458723587,-0.17602741400784142,0.0001592044548703986,0.5277713593334785,1403.0,1652.0,1403.0,1651.658897843607,123451.0,1.0,0.4,0.4,0.4,0.4,0.0,0.0,0.006558238516332753,0.038439537693379794,0.0014651581533972125,-4.389262546036585,0.200612378771777,-8.78181417726481,16.136171049172457,24.894839640758804,101131.33253427288,0.9749180486597041,-0.0249891181808094,-0.21627327639686683,-0.046220662271540466,nan,nan,nan,1.9922701606740674,-0.1756695633416082,0.02424413812854726,0.4518877431652956,-0.01031085763848928,0.3084960970397536,6878.7092343018585,9726.309393066447,6879.74668286129,9733.12859062475,"1,1,25",1
684,71046773,55.46777300000049,-0.0005758288835883682,-0.1746205043873518,0.00010814160772444942,0.5269522,1403.0768795929903,1650.0,1402.0,1650.0,123451.0,1.0,0.4,0.4,0.4,0.4,0.0,0.0,0.013461575885375495,0.03477911731620553,0.0036761659347826084,-4.311181986561264,0.14872210727272725,-8.869306144268775,16.154924095223528,24.894867846189147,101131.10508289035,0.975109357908046,-0.024694008817672416,-0.21547379200574712,-0.04607660180991379,nan,nan,nan,1.9923097939980825,-0.17521848122722913,0.021829566780057527,0.45269499747019865,-0.011087083035430463,0.30703250602649007,6887.25440202645,9708.943851367036,6874.849504638544,9714.106699023177,"1,1,25",1
685,71096773,55.51777300000049,0.00017509356120786688,-0.17406037017246598,0.0001193449757216339,0.5269047028441755,1403.0,1649.7347247428918,1403.0,1649.0,123451.0,1.0,0.4,0.4,0.4,0.4,0.0,0.0,0.004783112553750756,0.04150490033575318,0.00513733991170599,-4.31757162816092,0.22535671357531759,-8.676359729280097,16.13843220822109,24.894894465997403,101131.31512965368,0.9753202516339474,-0.024557668792509816,-0.21454895461794019,-0.046002155668680156,nan,nan,nan,1.9923491036816874,-0.17477081003582784,0.01943154538428622,0.4523857776517278,-0.010174552413415933,0.3105356537856936,6882.2096844726775,9702.417297851553,6885.654703076243,9700.03687138673,"1,1,25",1
686,71146773,55.567773000000486,0.00010650593417999043,-0.17411852179990425,0.00016758219484921017,0.52651525,1403.0,1649.1194351364288,1403.0,1649.0,123451.0,1.0,0.4,0.4,0.4,0.4,0.0,0.0,0.007227163956609195,0.04670097914942529,0.008995924447557473,-4.266597733189655,0.22156293617816092,-8.791190448275863,16.151392356197963,24.89492044136643,101131.14069624932,0.9755772460358851,-0.024472952719138758,-0.2134106662296651,-0.04589145704066986,nan,nan,nan,1.9923752769713468,-0.1744725330117395,0.01585544836131266,0.45177828635021305,-0.010702245221781786,0.3097129986260034,6881.626270703175,9697.196620849549,6886.650240966668,9701.795302490102,"1,1,25",1
687,71196773,55.6177730000005,-0.0004510278347880691,-0.1733563764782836,0.00047061091557299843,0.5273974986446887,1405.0,1650.0,1404.0,1649.416906568961,123451.0,1.0,0.4,0.4,0.4,0.4,0.0,0.0,0.012203749942030882,0.04814349707301754,0.0019119011780476317,-4.311419957105469,0.23666900523161477,-8.77420570295734,16.14535206139293,24.894946111668048,101131.22115172986,0.9758366224313725,-0.024250216160522874,-0.21226104720261438,-0.045827469464575166,nan,nan,nan,1.9924005974809595,-0.174183954262953,0.012202873775898477,0.4498518201779733,-0.010671786196720493,0.31183163560965854,6895.002715545939,9700.135860412636,6891.042382537934,9702.261667724739,"1,1,25",1
688,71246773,55.667773000000494,-0.0003482020811502876,-0.1725760914503626,-3.761464904976242e-05,0.52733624,1405.0,1648.3305847076463,1404.6694152923537,1649.0,123451.0,1.0,0.4,0.4,0.4,0.4,0.0,0.0,0.009855275706780084,0.03271731253064798,0.004887909430823117,-4.2680672469352015,0.24200353445584188,-8.865911391043282,16.139552674561045,24.89497305566898,101131.28577650743,0.9760793505772114,-0.024024972057971015,-0.21118980124187905,-0.045725647905047476,nan,nan,nan,1.9924152187375126,-0.1740159133462246,0.011137955238650075,0.4486885483639163,-0.010267766735275248,0.31334211311433335,6904.2135327845435,9694.690697265465,6895.934444126681,9702.512597795478,"1,1,25",1
689,71296773,55.71777300000049,0.0005357449656043956,-0.1714937713095238,-0.0006926345575366301,0.5274264035943224,1404.6189331501832,1648.0,1407.0,1648.3810668498168,123451.0,1.0,0.4,0.4,0.4,0.4,0.0,0.0,-0.006131495030769231,0.030788450644230768,0.005093318418749999,-4.3004687942307696,0.1974426033173077,-8.873002987980769,16.164797776190564,24.894997113617016,101130.98890560611,0.9762828848884822,-0.023975713077318998,-0.21026772293949444,-0.04565532311723665,nan,nan,nan,1.9924291650491583,-0.17385547636179305,0.010236274757551778,0.44676349050593966,-0.011433189488002272,0.31334189990818306,6902.969143899421,9688.326785443389,6912.74462689601,9687.963385684609,"1,1,25",1
690,71346773,55.76777300000049,-0.00021876337504965243,-0.17012209243296922,0.00037186092792452835,0.5265996,1406.0,1647.0,1405.0,1646.0,123451.0,1.0,0.4,0.4,0.4,0.4,0.0,0.0,-0.0033622191445244597,0.024811944691830148,0.0033472420256766824,-4.243855373156196,0.3056174041370747,-8.931793852247331,16.203902827182407,24.895018927867273,101130.53232642038,0.9764328865771812,-0.023919486161073825,-0.20958662590604027,-0.0456091922147651,nan,nan,nan,1.9924462008958534,-0.17366018421755064,0.007140389271046287,0.44884573690700424,-0.01201686772552455,0.31507462261859914,6913.752936084047,9675.472762060423,6912.384064672802,9670.788164550724,"1,1,25",1
691,71396773,55.8177730000005,-0.000701590435703125,-0.16980469707812498,-0.0005129818310937499,0.5259163,1405.0,1644.0,1405.0,1646.3508222396242,123451.0,1.0,0.4,0.4,0.4,0.4,0.0,0.0,0.006497848710627767,0.03454100793175306,0.0065810251822089084,-4.191676539723886,0.22241688822610056,-8.919951515238344,16.102446458407986,24.895042076529307,101131.73215664193,0.9765937958996492,-0.02376934487267332,-0.20886417013757755,-0.045555891758834635,nan,nan,nan,1.992463510442623,-0.17346180427540986,0.0038501204668032786,0.4479909092733426,-0.011247012077593072,0.3158901592151105,6921.011236596839,9662.298832421819,6910.148880590914,9663.761239550871,"1,1,25",1
692,71446773,55.8677730000005,-1.4415493597553513e-05,-0.16896614825688075,-3.713462508195714e-05,0.52691764,1407.0,1646.0,1407.0,1646.0,123451.0,1.0,0.4,0.4,0.4,0.4,0.0,0.0,-0.0034114022245646195,0.031039644536205314,0.0027291946107852122,-4.21653899969447,0.22618214172624504,-8.847290325084021,16.14666492230907,24.895064718335924,101131.1867844303,0.9767566687664524,-0.02368968113192531,-0.20812197832568105,-0.045502420853076216,nan,nan,nan,1.9924662,-0.17343098,0.0033388785,0.44664745019188706,-0.009727099254941609,0.31533942039780466,6927.1027468016255,9660.591524999892,6928.2961820558385,9663.486977880833,"1,1,25",1
693,71496773,55.917773000000494,-0.0005716474789091363,-0.16870449730404394,-6.936983129630553e-05,0.5266683201023465,1407.0,1645.0,1406.54967548677,1646.0,123451.0,1.0,0.4,0.4,0.4,0.4,0.0,0.0,0.0050697842391065635,0.03714738138906913,0.0023897783566259045,-4.156167459470926,0.28430386048415274,-8.884976988270527,16.13216764176838,24.895086829774147,101131.39829774147,0.9769483430104843,-0.023681470025461806,-0.20723843018971544,-0.04542432768347479,nan,nan,nan,1.9924662,-0.17343098,0.0033388785,0.4476222110514706,-0.011472381548529411,0.31693484705147057,6928.397775683674,9651.965138964808,6925.568540209848,9661.13311738277,"1,1,25",1
694,71546773,55.96777300000049,0.00020775851117806868,-0.16875069651271918,0.00017967100579155347,0.5268469,1407.0,1646.0,1407.0,1645.0,123451.0,1.0,0.4,0.4,0.4,0.4,0.0,0.0,-0.003159085904049383,0.03730404094098765,0.003102396360172839,-4.073678478987654,0.16215687220493827,-9.029136365925925,16.15747446306942,24.89510866364999,101131.0910610545,0.9771657407608696,-0.02362329216353755,-0.20621894502470356,-0.045418718367094865,nan,nan,nan,1.9924873287105571,-0.17318812386353422,0.0017545817787342304,0.44726054513398805,-0.010583037924725366,0.31651658836509655,6930.291527563453,9657.388069872895,6926.76947387699,9652.410564599342,"1,1,25",1
695,71596773,56.0177730000005,0.00040808334073039215,-0.16686308006862746,-0.0007339171577696078,0.5250161767156862,1405.472263132057,1642.0,1407.472263132057,1643.0,123451.0,1.0,0.4,0.4,0.4,0.4,0.0,0.0,0.0011564874347334804,0.030579906998771802,0.007736323790223532,-4.195947283099976,0.24328066353967084,-8.921480586833702,16.10864418378564,24.895130597274704,101131.66081140502,0.9773586369196757,-0.023669561052812576,-0.20531258175878161,-0.045350621014984036,nan,nan,nan,1.9925120008310608,-0.1729045393140751,-9.541088955060785e-05,0.4469026142988621,-0.011239006750460174,0.31840904797941766,6920.91788809473,9626.614205477186,6930.044204146008,9631.894809747766,"1,1,25",1
696,71646773,56.0677730000005,0.00020084330832608694,-0.16692132619565217,-0.00011549890236956523,0.5249476580434783,1406.0,1642.8290760869565,1407.0,1642.1709239130435,123451.0,1.0,0.4,0.4,0.4,0.4,0.0,0.0,-0.007224435180162822,0.043561362751696066,0.002342097017096337,-4.185889693188602,0.15275251945454546,-8.891332139755766,16.125656563630717,24.895154502368197,101131.47404627688,0.9775530833053515,-0.023575689863588666,-0.20441154032528855,-0.04527837778279118,nan,nan,nan,1.9925328169489065,-0.1726641659707742,-0.001752154029881646,0.44592212244501306,-0.01072025652757959,0.32100266400482214,6920.750456640567,9620.894303808624,6926.322391894641,9619.832334667995,"1,1,25",1
697,71696773,56.1177730000005,-1.1592096535878564e-06,-0.1660953247976081,-0.00031978239400643973,0.523852,1406.0,1640.703610025293,1406.0,1641.0,123451.0,1.0,0.4,0.4,0.4,0.4,0.0,0.0,0.0035865194428243404,0.04040801176923077,0.005863839445235362,-4.0813315739380025,0.213723706326062,-8.835725229621126,16.143444928293412,24.895175006212575,101131.24612687127,0.9777812352035985,-0.023493039177083334,-0.20336000940814394,-0.045130338834043555,nan,nan,nan,1.9925529744781842,-0.17243117291449891,-0.003375890987079283,0.44416495726283617,-0.011678326350020375,0.320155467101467,6919.436987402421,9609.122699804459,6920.154973730286,9612.801869384584,"1,1,25",1
698,71746773,56.167773000000494,-0.0006728541246735395,-0.16672923395189004,0.0004428920134707904,0.52357113,1406.0,1641.0,1404.2242944785276,1641.0,123451.0,1.0,0.4,0.4,0.4,0.4,0.0,0.0,0.010851948707943926,0.052988103023364486,-0.001237223374126906,-4.163718751795376,0.19744780257993114,-8.764004047958682,16.147215,24.895196822908698,101131.1840285378,0.9780241395671422,-0.023220651293654696,-0.20223920208558782,-0.0450450360304968,nan,nan,nan,1.9925898001962699,-0.17200500055129606,-0.00438846617556198,0.44358071787264214,-0.010110515775104198,0.3219882433614059,6917.388982495107,9602.54955004895,6906.2971142576025,9607.875362158156,"1,1,25",1
699,71796773,56.217773000000506,0.00018355885176973846,-0.16531394276949402,0.00013638854825226106,0.52337545,1406.0,1640.0,1406.0,1639.3667726939075,123451.0,1.0,0.4,0.4,0.4,0.4,0.0,0.0,-0.004023508151698851,0.033922195417501834,0.006352050033879248,-4.005324666291861,0.2814120180909313,-8.879997869225129,16.143576724563733,24.89521883954856,101131.24198084218,0.9782681235599505,-0.02313313255500618,-0.20108195923856612,-0.04497186489196539,nan,nan,nan,1.992627990645757,-0.17156301136064353,-0.005351001634669193,0.44305390537892486,-0.011201423410652637,0.3229069158293605,6911.444202978537,9596.324784179502,6913.583453564477,9598.578453320017,"1,1,25",1
700,71846773,56.2677730000005,0.00028469434235841933,-0.16411760154291466,-0.00021676342544676568,0.5228307907878178,1406.0,1638.108454957222,1407.0,1638.108454957222,123451.0,1.0,0.4,0.4,0.4,0.4,0.0,0.0,0.0004347119001132645,0.028334633484017116,0.005688600167430153,-4.071781540020136,0.20594610501887742,-8.847045894789831,16.126145446225294,24.89524060304348,101131.44921916995,0.9784521063934426,-0.0231220957147541,-0.20019216832786885,-0.04494405552786885,nan,nan,nan,1.9926407277492373,-0.17141457904349294,-0.005927841044604867,0.44318801581283745,-0.013412423187062587,0.32417813847430516,6915.898072143607,9582.207291454843,6922.344281665251,9581.671295458878,"1,1,25",1
701,71896773,56.3177730000005,-0.00016110008916083915,-0.16388396487412588,0.0003766391122937063,0.5223841,1406.6908708848937,1638.0,1405.3091291151063,1637.3091291151063,123451.0,1.0,0.4,0.4,0.4,0.4,0.0,0.0,0.005996940850617572,0.02735292593894197,0.0036469255996737357,-4.056633038895362,0.20902463005360056,-8.950072492892101,16.13648801040511,24.895263773593204,101131.33178856967,0.9786111477842004,-0.02303030044894027,-0.19944029460500964,-0.04487315107899807,nan,nan,nan,1.992649173946958,-0.17131563432137287,-0.006439660107176288,0.4409240337205567,-0.01044030088688025,0.3247828769267831,6916.204744506865,9569.593220995897,6918.853205761679,9573.005617724553,"1,1,25",1
702,71946773,56.3677730000005,8.005163871634484e-05,-0.16345835002447648,0.0004386997416045689,0.521755901930922,1406.0,1637.0,1405.0,1636.068237205524,123451.0,1.0,0.4,0.4,0.4,0.4,0.0,0.0,0.0019087364305683983,0.03526486882213761,-0.002667040266004895,-4.072568979874898,0.2535034489801469,-9.034843169703562,16.125397358245937,24.895287744439322,101131.46360435635,0.9787831960792239,-0.022872870307194825,-0.19863495483427648,-0.044770556943411484,nan,nan,nan,1.9926724876345432,-0.17104403479349187,-0.006908285167534418,0.44025843420268257,-0.011644854419709388,0.3261368416523845,6916.026317456115,9560.88409375007,6912.779556469603,9558.452694384488,"1,1,25",1
703,71996773,56.41777300000051,-0.00017485835422411858,-0.16298474661576465,-0.00019363168908151807,0.5211041,1405.0,1635.6836551414458,1405.3163448585542,1636.3163448585542,123451.0,1.0,0.4,0.4,0.4,0.4,0.0,0.0,0.011368903982034584,0.035987401713002465,0.006453535058387604,-4.006787967909275,0.19490291682012126,-8.799542484392544,16.095856733291573,24.895311592145475,101131.81397946207,0.9789766258049989,-0.022697213615401935,-0.1977076427111011,-0.04473630498513848,nan,nan,nan,1.9926985702377973,-0.17074028010012515,-0.0073688657933166455,0.4409208465655369,-0.013266340945271392,0.32494999812467407,6912.716930102384,9547.337856200922,6910.099491919109,9550.2179687502,"1,1,25",1
704,72046773,56.467773000000506,0.00036227090441912313,-0.16218516608124844,-0.00033208175470646526,0.5207999363190489,1405.0,1635.0,1406.116699702676,1635.116699702676,123451.0,1.0,0.4,0.4,0.4,0.4,0.0,0.0,-0.0007231278250928908,0.029009090330195688,-0.0024401511253158287,-3.96980574443894,0.1939603951622492,-8.871881705226654,16.094690423496726,24.89533587953959,101131.8312046041,0.9791297557863502,-0.022640589952522255,-0.19698665578635013,-0.0445935435222552,nan,nan,nan,1.992723371027567,-0.17045107384013614,-0.00777624735756932,0.44005067202225584,-0.010843017833367425,0.32677324202757435,6907.873956787171,9537.604988525467,6919.320643603483,9541.332957372959,"1,1,25",1
705,72096773,56.5177730000005,0.0002018403595534787,-0.16156178679127725,7.513143809761164e-05,0.5212277,1406.4283489096574,1635.0,1407.0,1635.0,123451.0,1.0,0.4,0.4,0.4,0.4,0.0,0.0,0.002912812164840301,0.026058363475980263,0.0027907699977408468,-3.9716835098415997,0.268057065099974,-8.978204094520905,16.108971119903696,24.895361228405992,101131.6667532881,0.9792819705536782,-0.02255435524668573,-0.19625785899922019,-0.04450888894983104,nan,nan,nan,1.9927479375888524,-0.1701645260460925,-0.008173907744996073,0.43977275940576516,-0.01248329633006129,0.3258730626604099,6918.959399475263,9530.535255940687,6924.946557535899,9536.704631917306,"1,1,25",1
706,72146773,56.5677730000005,-0.0006262240924703664,-0.16101516890894396,-0.000575058626484375,0.521523418588362,1407.0,1634.0,1407.0,1636.0,123451.0,1.0,0.4,0.4,0.4,0.4,0.0,0.0,0.006141086460456988,0.03084674869865591,0.0008110514483333341,-3.9467800515860216,0.18516978303225806,-8.973560992741936,16.107630328735226,24.89538737268138,101131.67898601001,0.979438422289282,-0.022334288797086366,-0.19553407082206037,-0.04436416552341311,nan,nan,nan,1.9927792358313405,-0.1697970823216042,-0.008899336821153864,0.44023578994219403,-0.011965561883137053,0.32719830693887236,6928.316203491317,9527.579933447361,6926.633128198185,9543.263126025273,"1,1,25",1
707,72196773,56.61777300000051,0.0001574308843796642,-0.16056916898554105,-0.0001353227187989739,0.5218088032276119,1407.3098295587206,1635.0,1408.0,1635.0,123451.0,1.0,0.4,0.4,0.4,0.4,0.0,0.0,0.0007752745861344535,0.027889231287114846,-0.0004663001635387485,-3.881059881185808,0.1552011481512605,-8.81697137254902,16.094831924142223,24.895415594938925,101131.83098572318,0.9796076069068204,-0.022270040320365034,-0.19470673002401537,-0.044299288309317966,nan,nan,nan,1.9928116384939492,-0.16941636656438605,-0.009678540626655071,0.4406785421827087,-0.009758803897955706,0.3287706618364566,6934.050534246441,9534.334380459975,6935.07150430588,9535.070560901895,"1,1,25",1
708,72246773,56.66777300000051,-0.00034430163045720357,-0.1596259863476874,3.9909034304093556e-05,0.522457441041999,1409.730196703881,1635.0,1409.0,1635.0,123451.0,1.0,0.4,0.4,0.4,0.4,0.0,0.0,0.010511273558745348,0.023172356131844762,-0.003690931527538544,-3.9687603290802764,0.26024311699627856,-8.963170484316853,16.084123134723104,24.895445162210542,101131.96193701758,0.9797398950932836,-0.022240302399520257,-0.19404918752665246,-0.04427320972947761,nan,nan,nan,1.9928323713056184,-0.16917200560557236,-0.011421165365164828,0.4385881936512668,-0.011445737283159464,0.3265337866691505,6950.308598486607,9536.334026367183,6947.632524487254,9532.884945605598,"1,1,25",1
709,72296773,56.717773000000506,-0.000418578417614113,-0.1584267406316309,-0.0006316025299827288,0.5219147953984703,1409.0,1632.7288219313411,1410.0,1634.0,123451.0,1.0,0.4,0.4,0.4,0.4,0.0,0.0,0.006940984770977296,0.01598984382230997,0.008185436566633762,-3.921148170779862,0.15325864038499507,-8.826483449160909,16.056783845094,24.89547322974195,101132.27876479305,0.9798427914652196,-0.022088965738529847,-0.19356573270350272,-0.04418682792057227,nan,nan,nan,1.992852186761674,-0.16893836336462442,-0.013239523684654031,0.43735753755663825,-0.010782858196285017,0.32942249031668697,6958.3782381837955,9517.888447509617,6960.18862094739,9525.610530029278,"1,1,25",1
710,72346773,56.7677730000005,-0.00039118164739860504,-0.15704410766985274,-0.0002153706042469646,0.5225299,1411.0,1632.9129423921468,1411.0,1634.0,123451.0,1.0,0.4,0.4,0.4,0.4,0.0,0.0,0.007111171739302325,0.022381252015245476,0.0019722539153746773,-3.8542116810335916,0.2466746874857881,-9.082753216537467,16.051980392712473,24.89550123317783,101132.33314500183,0.9799281362564767,-0.02190465702512953,-0.1931839315777202,-0.044057015039637305,nan,nan,nan,1.9928536,-0.1689217,-0.013369209,0.4382183350196045,-0.010746917633822026,0.3294533446283669,6971.31190004897,9511.418367040953,6972.561394140714,9524.853680712888,"1,1,25",1
711,72396773,56.817773000000514,-0.00017533349043042306,-0.15699204047444362,0.00018333132957446807,0.5218764,1411.0,1632.0,1410.0,1632.0,123451.0,1.0,0.4,0.4,0.4,0.4,0.0,0.0,-0.0005341783464471624,0.027492989999510765,9.099725459882596e-05,-3.8836271191780822,0.23430867660469668,-8.85501846330724,16.12359863453021,24.89553089119732,101131.47536676234,0.9800619975220372,-0.02185179838099902,-0.19252289215475024,-0.044000023286973555,nan,nan,nan,1.9928541518711258,-0.16891518031840916,-0.01341317071600151,0.4382229846286485,-0.011360717896180521,0.328653715514883,6972.197853076171,9511.36909746094,6969.24333320311,9509.174891796705,"1,1,25",1
712,72446773,56.86777300000051,0.00030836924109291014,-0.1569058702687484,-0.0008444841051830048,0.5228657836191452,1410.0,1633.0,1412.0,1634.0,123451.0,1.0,0.4,0.4,0.4,0.4,0.0,0.0,0.0022797322750767656,0.033815728918628454,0.004330596368474924,-3.911534987180143,0.20954467922978506,-8.865549633700102,16.14485871104892,24.895560696212236,101131.2176188468,0.9802359007678525,-0.021833394593294086,-0.1916542809854108,-0.043926472997184544,nan,nan,nan,1.9928812309253852,-0.16859527445035968,-0.015570271599294472,0.43689766992541224,-0.011049207614603072,0.3319968443357658,6972.116236401555,9512.549037451328,6981.210881005949,9517.63382460941,"1,1,25",1
713,72496773,56.91777300000051,-0.001258369856876228,-0.15741181857072692,0.0005164761767460708,0.52325153,1413.0,1634.0,1410.0,1634.73287503069,123451.0,1.0,0.4,0.4,0.4,0.4,0.0,0.0,0.005507267517970091,0.04126330656288306,-0.002496190737141456,-3.8521132496690367,0.22629338758274087,-8.917163026477079,16.103421751081324,24.895591253224485,101131.7218912442,0.9804435056756756,-0.02170106525135135,-0.19061384743243243,-0.04388649346486486,nan,nan,nan,1.9929083099796447,-0.16827536858231018,-0.017727372482587433,0.4368446487473316,-0.01170851338041158,0.3309696742276492,6984.78305271025,9518.994619287236,6974.467667651284,9527.677269872987,"1,1,25",1
714,72546773,56.967773000000506,-0.0007825724199197216,-0.15673109021407544,2.0449722687717416e-05,0.5250620339015253,1414.0,1635.0,1413.0,1636.0,123451.0,1.0,0.4,0.4,0.4,0.4,0.0,0.0,0.00036917086703880126,0.03069971995183302,0.0017307844636606903,-3.7944177389349747,0.2462745757693337,-8.940891406743377,16.087122437289892,24.89562074608602,101131.91817392474,0.9806321298392283,-0.021614463796355843,-0.1896565733654877,-0.04386215111468381,nan,nan,nan,1.992923271797745,-0.16809798562294279,-0.020454461722739688,0.4367813060773391,-0.01133484883083071,0.3320501246242028,7001.033027197641,9528.600012255836,6993.067070288363,9540.90670678699,"1,1,25",1
715,72596773,57.01777300000052,0.0002547750110248112,-0.154400080798274,-0.0005174182515641856,0.5250775,1415.0,1633.0,1416.0,1634.0,123451.0,1.0,0.4,0.4,0.4,0.4,0.0,0.0,-0.006715914005329744,0.017578763646567967,0.005043850348371467,-3.7807654930551817,0.2583563079192463,-9.169831608344548,16.108901472840365,24.89564783221295,101131.65566303508,0.9807257371633238,-0.021691281014326647,-0.18916424796561607,-0.04385732950143267,nan,nan,nan,1.992936077816574,-0.16794595917051014,-0.023282958616279652,0.4362971549596413,-0.010841470758744394,0.33179883949775785,7021.261003442506,9521.389494189174,7019.612260791281,9525.552964843513,"1,1,25",1
716,72646773,57.067773000000514,0.0005375541108547655,-0.15277787467221382,-0.000605701739346949,0.5237704,1414.1295689437861,1631.0,1416.0,1631.8704310562139,123451.0,1.0,0.4,0.4,0.4,0.4,0.0,0.0,-0.010740328077155824,0.013030203059757942,0.0061801725264750374,-3.8138394269036815,0.18168998811144732,-8.976667331820474,16.099170369359353,24.895675943948167,101131.77159897251,0.980765911664565,-0.021908162692055484,-0.18892835060529634,-0.043868464371248424,nan,nan,nan,1.992950254046992,-0.16777743628457512,-0.02828937495179005,0.43602690058635096,-0.011660339475122662,0.33356437212805645,7022.535055713133,9500.803831982723,7026.446983447417,9498.121671777404,"1,1,25",1
717,72696773,57.11777300000051,0.00042929350082820635,-0.1532516678371983,0.0005101709919119735,0.525917168504496,1417.0,1634.6433136094674,1417.0,1633.0,123451.0,1.0,0.4,0.4,0.4,0.4,0.0,0.0,-0.006305392440388718,0.030766338475705146,-0.00025438688009006875,-3.8461640157857313,0.2042575009836454,-9.192842574306708,16.067892753246753,24.895704649350648,101132.147351545,0.980858406297403,-0.022107087912663755,-0.18840431575499886,-0.043955250973799126,nan,nan,nan,1.9929646722691263,-0.16760599997980408,-0.03368043148995929,0.43538442434202346,-0.012116017417561239,0.33310794539810173,7041.234520308093,9523.550910733322,7041.510354403454,9510.380021883953,"1,1,25",1
718,72746773,57.16777300000051,-4.8802053761061945e-05,-0.1530163768141593,0.0009670816209734513,0.5246703,1417.0,1633.0,1415.0,1631.0,123451.0,1.0,0.4,0.4,0.4,0.4,0.0,0.0,0.006130316417067004,0.04423068996207333,-0.005425591858154235,-3.7863147845764855,0.20550130041719344,-9.085433380530974,15.965784173906403,24.895732718270867,101133.37110686804,0.9810473760474507,-0.02210567010802625,-0.18742578791014639,-0.04392113698687532,nan,nan,nan,1.9929650936093057,-0.16760136921276533,-0.03806351165020944,0.4350421807608927,-0.010937672361147715,0.33273392637619553,7038.099545239186,9512.116768945145,7029.266585327128,9507.683148828157,"1,1,25",1
719,72796773,57.21777300000052,-0.0005094723771633385,-0.15254527309267793,-9.12977175609319e-05,0.5264246046492576,1418.0,1633.6080389144906,1418.0,1634.0,123451.0,1.0,0.4,0.4,0.4,0.4,0.0,0.0,0.006620568219047619,0.036741523655913974,0.004530698712749616,-3.731656734715822,0.22790513594470047,-9.121958205837172,16.017887890278963,24.895758484886162,101132.7383215479,0.9812300696639302,-0.02199240336736788,-0.1864876958029759,-0.043890150325038485,nan,nan,nan,1.9929644406776426,-0.16760954090365743,-0.04236922882030316,0.43361465967922785,-0.012270871884536634,0.3351880041710135,7047.337569726747,9514.457103369223,7042.41627876001,9515.778216552897,"1,1,25",1
720,72846773,57.26777300000052,-0.0002440595032329592,-0.15225359885573503,-0.0003034854452176294,0.5259002615001369,1418.0,1633.0,1417.967971530249,1633.967971530249,123451.0,1.0,0.4,0.4,0.4,0.4,0.0,0.0,4.4344464394852144e-05,0.04008347549205915,0.0030878027650602415,-3.7302709863910186,0.16623098812431544,-9.117428574205915,16.025590508975057,24.895783739373687,101132.650902168,0.9814203067160494,-0.021923869637037036,-0.1855056995308642,-0.043833246662551444,nan,nan,nan,1.9929773574005136,-0.16745548948521755,-0.04801070834665319,0.43307542802955173,-0.012337031509966283,0.33501611929789765,7054.16712688338,9510.789541294685,7048.896923595705,9516.054499395159,"1,1,25",1
721,72896773,57.317773000000514,0.0005066581358399779,-0.1511200046246907,-2.0695418438273306e-05,0.5246204,1417.0,1631.1737695903216,1417.8262304096784,1631.0,123451.0,1.0,0.4,0.4,0.4,0.4,0.0,0.0,-0.002799905036393939,0.03821312450523416,0.001791672636198347,-3.703706198539945,0.22613928261432506,-9.060530737741047,16.05179476767838,24.895809707514935,101132.33359981618,0.9815845052504127,-0.02199008818436984,-0.18463104859658777,-0.04381591303026968,nan,nan,nan,1.9929911756798284,-0.16729066009971846,-0.05374093480143957,0.43294191696907114,-0.014443765938240646,0.3361706331543492,7051.863943628038,9503.96801298844,7054.532709082062,9499.501696533242,"1,1,25",1
722,72946773,57.36777300000051,-0.00038186274812420463,-0.15112095848816492,5.036680649325529e-05,0.5267592186943243,1420.0,1633.0,1419.0,1633.0,123451.0,1.0,0.4,0.4,0.4,0.4,0.0,0.0,0.0073115709941460934,0.036860311069483336,0.0049966729983176375,-3.7922375091880887,0.2572676824993637,-9.03416709468058,16.01403658049292,24.895831123230202,101132.79087047718,0.9817790011975591,-0.02193778201957793,-0.1836020829722858,-0.043806352155860664,nan,nan,nan,1.9929912,-0.16729037,-0.05375102,0.43369262099166084,-0.010765894523764532,0.33741599102781084,7071.335615918156,9510.603223095592,7066.108479272477,9514.892976367351,"1,1,25",1
723,72996773,57.41777300000052,-0.00029990526026612326,-0.15047495445216974,0.00040470170586430113,0.5265746342292017,1420.0,1633.0,1419.0,1632.0,123451.0,1.0,0.4,0.4,0.4,0.4,0.0,0.0,0.00298309070572181,0.035579748245152025,-0.0035382700135264543,-3.7145302456308356,0.2033753989394302,-9.198141891309554,16.01001913813675,24.89585137740315,101132.8376820045,0.9819472796467391,-0.021776573956027667,-0.18274600274209488,-0.04369548911413043,nan,nan,nan,1.9929912,-0.16729037,-0.05375102,0.43151355418435067,-0.011315117113969684,0.3390200455551004,7075.038276082363,9506.933551554512,7068.982798278579,9511.835406005459,"1,1,25",1
724,73046773,57.46777300000052,0.0006953447086632201,-0.1497497275824717,-0.00036316129071639586,0.52749173422452,1420.0,1633.0,1422.0,1633.0,123451.0,1.0,0.4,0.4,0.4,0.4,0.0,0.0,-0.00859687866802068,0.02567703655169867,-0.0008168985398818319,-3.7059012477843427,0.27354898737075334,-9.092622381093058,16.007434182452155,24.895873718427396,101132.87152804168,0.9821046222263222,-0.021897627005166054,-0.18188825328659286,-0.043677144400738006,nan,nan,nan,1.9929987755977505,-0.16719967164154875,-0.05689115237221285,0.43013712731593096,-0.011996541421602638,0.33784029227777296,7078.694309179872,9511.981760156275,7090.521107177714,9510.367698584032,"1,1,25",1
725,73096773,57.51777300000052,0.00018112228522424817,-0.1486795515936538,-3.6496719649538255e-05,0.5269409,1421.0,1631.6466966611413,1421.3533033388587,1631.3533033388587,123451.0,1.0,0.4,0.4,0.4,0.4,0.0,0.0,0.002119819519421527,0.021851079928402087,0.0056559279976766234,-3.6243658207681366,0.25960217201043145,-9.120468544333807,16.01404236225818,24.895892467375162,101132.80133016374,0.9822367744907834,-0.021893724915437788,-0.18118200997695855,-0.043644288231336405,nan,nan,nan,1.993007287682334,-0.1670977709304986,-0.06027786801825722,0.43001367496578324,-0.012833058119157232,0.3390005413147526,7090.834765380931,9498.503193114997,7093.919546215948,9502.624151513532,"1,1,25",1
726,73146773,57.567773000000514,-0.0002971581128531856,-0.14768098002770083,-0.0003749938520221606,0.52756226,1422.0974320241692,1631.0,1423.0,1632.0,123451.0,1.0,0.4,0.4,0.4,0.4,0.0,0.0,0.0004963892631561322,0.020994787985394107,0.003871734929992446,-3.6750863633593553,0.19481161571896247,-9.305766040543944,16.074642561276075,24.895910857806964,101132.08057179383,0.9823334703703703,-0.021797607389770726,-0.18069217310405644,-0.0435451047654321,nan,nan,nan,1.993034840356564,-0.16676844496996854,-0.06369882950171608,0.4284259634772501,-0.012432009963989183,0.3403257883194952,7097.757952590263,9489.447826776488,7099.19558682114,9492.705144903297,"1,1,25",1
727,73196773,57.617773000000525,-0.0003336291264787138,-0.14701832627264494,-0.000244819364227808,0.5269654086775363,1422.2592928377153,1630.0,1422.7407071622847,1631.0,123451.0,1.0,0.4,0.4,0.4,0.4,0.0,0.0,0.003100030276466591,0.023013106693544734,0.0013770445636919592,-3.5826266522763306,0.20690543866817668,-9.16492395583239,16.06564427725573,24.895927380678476,101132.17140702774,0.9824558357339969,-0.021678129484279576,-0.18004649799592853,-0.04351889984143859,nan,nan,nan,1.9930623930307942,-0.16643911900943847,-0.06711979098517494,0.428064024422882,-0.012416538524402606,0.33973401371759593,7104.9542927489665,9489.74730341771,7100.578832739294,9486.823423095602,"1,1,25",1
728,73246773,57.66777300000052,-5.661275720551508e-05,-0.14702695020031217,-4.556546203954211e-05,0.5260233180801249,1421.190252801668,1629.190252801668,1421.809747198332,1630.0,123451.0,1.0,0.4,0.4,0.4,0.4,0.0,0.0,0.00350527982077685,0.03430919302398332,0.005425520931308655,-3.6745633617570386,0.24296539868873826,-9.124258611574557,15.988100057772552,24.895942769971928,101133.0990929368,0.9826042475460277,-0.021565986025977302,-0.17926103863051704,-0.04346607988247163,nan,nan,nan,1.9930760484602053,-0.16627588223300482,-0.07055431271227604,0.4305216235409775,-0.012722376817220334,0.33958545038205284,7097.5278588622905,9473.569919140653,7097.1086638429015,9482.979539599704,"1,1,25",1
729,73296773,57.71777300000052,-6.137359013605443e-05,-0.14667140229591838,0.0002560275927891157,0.5267937871598639,1423.0,1630.0,1422.0,1629.604617253949,123451.0,1.0,0.4,0.4,0.4,0.4,0.0,0.0,-0.006840457173469388,0.0365690676122449,-0.00045052005408163255,-3.5895055142857144,0.23297694173469388,-9.128433326530612,16.00435784272205,24.895957835828547,101132.91282669024,0.9827739172320348,-0.02153735560150012,-0.17835461626421487,-0.043373083390757315,nan,nan,nan,1.9930884937914426,-0.1661271076194651,-0.07399001519328052,0.42895881170247,-0.011014290759916326,0.3421106829712769,7100.279861084037,9476.76201269528,7106.820503662044,9482.938855468457,"1,1,25",1
730,73346773,57.76777300000052,3.1653749399999985e-05,-0.146791218,3.954550099999999e-05,0.52626354,1422.0,1630.0,1422.0,1629.1138138138137,123451.0,1.0,0.4,0.4,0.4,0.4,0.0,0.0,-0.00565686826329228,0.033049915342445176,0.0052786710012616405,-3.6469096367377594,0.22604761338239712,-9.07609493511565,16.022177840236104,24.895970381623215,101132.69381623217,0.9829431936842105,-0.02147473931548872,-0.1774540806526316,-0.04326167788992481,nan,nan,nan,1.993122563037258,-0.16571724221176165,-0.07641175798903474,0.42698853308548806,-0.01156007935778795,0.34178771739246977,7100.522594555663,9468.31542690433,7105.836336718783,9479.483350537006,"1,1,25",1
731,73396773,57.81777300000053,0.0007553517823255814,-0.14624330674418604,-5.093029767441859e-05,0.526720596744186,1422.0,1630.0,1423.6158178256612,1629.0,123451.0,1.0,0.4,0.4,0.4,0.4,0.0,0.0,-0.006710073272949816,0.03273251822888617,-0.0034003394552019586,-3.6548634810281517,0.2625856626438189,-9.254895438188495,15.975072845433528,24.895982238610532,101133.2634072232,0.9830898570124481,-0.021593029680497925,-0.17662447576763485,-0.04326535838174274,nan,nan,nan,1.9931581301094525,-0.16528929179556187,-0.07876326671322234,0.4277126214956012,-0.01292832571260997,0.34309160733137833,7101.4765497314875,9476.859534570294,7109.775119360314,9466.277941455046,"1,1,25",1
732,73446773,57.867773000000525,-9.166964837038789e-05,-0.14448307080889308,-0.00032490346846972566,0.52624315,1423.0,1627.9798721288184,1424.0,1628.0201278711816,123451.0,1.0,0.4,0.4,0.4,0.4,0.0,0.0,0.00503964898470255,0.021576064483002835,0.004347678462936733,-3.537921231680831,0.19930620333805477,-9.17124126487252,15.970022326639329,24.895994251791667,101133.32573180547,0.9832016735199139,-0.02152767048116254,-0.1759982667168999,-0.043308294370290636,nan,nan,nan,1.9931501734016566,-0.1653854801203599,-0.0799208086873622,0.4265243392259578,-0.0131647615771436,0.3427844841699244,7116.380905692065,9459.63966322528,7113.9004854911445,9458.65514941408,"1,1,25",1
733,73496773,57.91777300000052,-0.00014075902809741983,-0.14451050330841572,9.909275317193151e-05,0.52613014,1424.0,1628.0,1423.0,1628.0,123451.0,1.0,0.4,0.4,0.4,0.4,0.0,0.0,0.004900961646568745,0.022259038458463762,0.003480804571745726,-3.5858414087888275,0.2879569863111004,-9.219558072236937,15.980169109186935,24.89600526267246,101133.19806785435,0.9833042095329803,-0.021361649427058257,-0.1754536100385171,-0.043273680312951375,nan,nan,nan,1.9931392496494469,-0.16551739932431628,-0.08099695717094679,0.42732638011180757,-0.01259180591038455,0.343541293081484,7124.116856420878,9449.358582568291,7114.84215324713,9458.756283935616,"1,1,25",1
734,73546773,57.96777300000052,1.28225787146434e-05,-0.14367909233687404,0.000579156427663126,0.5257169348710167,1424.0,1627.3103971667088,1423.0,1626.0,123451.0,1.0,0.4,0.4,0.4,0.4,0.0,0.0,-0.0046674798288388565,0.024469406797622058,0.0002552972388312675,-3.5615288187452565,0.2052148547229952,-9.315615284341007,15.969037129875629,24.896014851336858,101133.33526155757,0.9834208472911392,-0.021311849984810127,-0.174808938121519,-0.043256561430886076,nan,nan,nan,1.9931384,-0.16552766,-0.08108066,0.4262304819204307,-0.01156332692521687,0.34355100583009274,7122.555123828009,9446.433054003748,7115.537508813415,9442.614623925625,"1,1,25",1
735,73596773,58.01777300000053,0.0003450268944682975,-0.1439257270693959,0.00044863488789316025,0.5250230616824764,1423.0,1627.0,1423.0,1625.369399725446,123451.0,1.0,0.4,0.4,0.4,0.4,0.0,0.0,-0.005837501096408529,0.03226508655780023,-0.003849908502768425,-3.5258130482603813,0.1634179596969697,-9.160423913580248,15.98812672072569,24.896023792162556,101133.11016766328,0.9835539576630502,-0.02135800530365382,-0.17404931033670035,-0.04327157389287941,nan,nan,nan,1.9931384,-0.16552766,-0.08108066,0.4248550600214475,-0.011337603772782708,0.3466268116426259,7111.61683491198,9438.596557910118,7114.041253735433,9432.729513622955,"1,1,25",1
736,73646773,58.06777300000053,0.00043539978363636364,-0.1432831696969697,0.0004729201412121212,0.5254551448484849,1424.0,1627.0,1423.8671381662036,1625.1328618337964,123451.0,1.0,0.4,0.4,0.4,0.4,0.0,0.0,-0.005513115727594041,0.032356930502398386,0.0013210743119919212,-3.5885006136329207,0.2511742222368089,-9.00606102158546,16.00175241143807,24.896032803167465,101132.94413405025,0.9837116374050633,-0.02136987161392405,-0.17315654575949366,-0.0432630167721519,nan,nan,nan,1.9931444591163312,-0.16545405792505594,-0.08212289276286354,0.4243892851634429,-0.012566745470415575,0.34408370941380184,7114.785058702402,9439.51772862407,7117.321524468423,9429.188305664333,"1,1,25",1
737,73696773,58.117773000000525,-0.00117222153561962,-0.1433744715876486,-0.0006814089560431753,0.5262437971512501,1424.577674545703,1625.422325454297,1424.0,1629.0,123451.0,1.0,0.4,0.4,0.4,0.4,0.0,0.0,0.01715842210599645,0.03108899334011747,0.0061272421024177025,-3.4702662983881982,0.29014047897828166,-9.183984691025815,16.00171067214626,24.89604122169304,101132.93878783223,0.9838686488993711,-0.021115445358490567,-0.17231965905660376,-0.04315862487421383,nan,nan,nan,1.9931510007430489,-0.16537459463806328,-0.08324812246883989,0.4255309575729856,-0.010981814896613467,0.3464652966800312,7127.958389204674,9435.188765180972,7121.867081143502,9452.083803178439,"1,1,25",1
738,73746773,58.16777300000052,-9.747229110502738e-05,-0.14140454039323044,0.00013079606585365854,0.5261261196416127,1425.7592730893703,1625.7592730893703,1425.0,1626.0,123451.0,1.0,0.4,0.4,0.4,0.4,0.0,0.0,-0.0026057678170064644,0.01943336359373446,-0.00432836034808553,-3.505372667926405,0.18931303287419193,-9.067203895077077,16.020771775952777,24.896050360066344,101132.71297505038,0.9839729941904999,-0.021006157145983587,-0.1717474495946282,-0.04311292809450386,nan,nan,nan,1.9931612714169782,-0.16525158086282354,-0.08497175864398265,0.424054738804617,-0.013384988252885624,0.3464583688524659,7139.079693457187,9428.128796484334,7131.633067456192,9431.623343408028,"1,1,25",1
739,73796773,58.217773000000534,0.001146756796677342,-0.1406074835668535,-0.00016292942960768615,0.5260079244995998,1425.0,1626.0,1427.0,1624.0,123451.0,1.0,0.4,0.4,0.4,0.4,0.0,0.0,-0.01093243544548245,0.015516011083544641,0.0029421557590417723,-3.4850692525824103,0.20645522256772988,-9.175366026958494,16.031138554423777,24.896057985968053,101132.59446832817,0.9840541070998668,-0.02113373964074567,-0.17125641725565913,-0.0431528632517976,nan,nan,nan,1.9931718502072284,-0.1651249686841724,-0.08674483876261968,0.4241533244881144,-0.014206468751122647,0.3457854849977341,7139.9861327146955,9435.705590771346,7147.000835229722,9418.744254443205,"1,1,25",1
740,73846773,58.26777300000053,-0.000689920927583878,-0.1406072781154684,0.0005653715868191721,0.5259129060784313,1426.7616557734204,1625.0,1425.0,1624.7616557734204,123451.0,1.0,0.4,0.4,0.4,0.4,0.0,0.0,0.013987387200827707,0.024613261812241344,-0.0031286338791330862,-3.450764409191897,0.24435924535830972,-9.25190432258767,15.968695196655675,24.896063839142723,101133.33444653792,0.984150421072129,-0.021117887282850294,-0.17070785449989104,-0.04313754657681412,nan,nan,nan,1.9931765156132666,-0.1650686721198373,-0.08788052964095745,0.4233818472644377,-0.011697635594442032,0.3476882665219279,7145.280144336067,9421.016114794635,7141.530740454075,9417.614197363535,"1,1,25",1
741,73896773,58.31777300000053,-0.0010450564022047243,-0.1399972397375328,-0.00041702352075876877,0.5254526,1426.0,1623.0,1426.0,1625.0,123451.0,1.0,0.4,0.4,0.4,0.4,0.0,0.0,0.00629953750513004,0.025862024380816036,0.004079151103364352,-3.5278932945120496,0.21569460387019804,-9.18921946862324,15.997387348423498,24.896070593678637,101132.99208428487,0.9842749727012864,-0.020789184216293475,-0.17006868729871366,-0.04297860499523583,nan,nan,nan,1.9931801660095954,-0.1650244449608886,-0.08890681510195035,0.42293331232497616,-0.011166881073826669,0.34652845279344147,7146.911748339824,9401.79215605461,7144.11397495123,9425.04301171866,"1,1,25",1
742,73946773,58.367773000000525,-0.0002386475610220441,-0.13911224517034068,-0.00021770213591182364,0.52549547,1427.0,1623.0,1427.0,1624.0,123451.0,1.0,0.4,0.4,0.4,0.4,0.0,0.0,-0.0060818174889944975,0.02155759135167584,0.0017689986991495747,-3.530577452926463,0.2256153405252626,-9.171495892446224,16.006714027727185,24.896076354233678,101132.89284208487,0.9843704899474606,-0.020728258756567426,-0.16953989035026268,-0.042911875271453584,nan,nan,nan,1.993200910220345,-0.16477343633382477,-0.0901686982489939,0.42210696431052447,-0.01124013290170198,0.3494863484300104,7153.118587573248,9402.138529980717,7150.5566410156425,9411.659275829952,"1,1,25",1
743,73996773,58.41777300000054,0.0005685944790642545,-0.13966112396132252,0.000416892381871491,0.5261972671865253,1427.0,1625.0,1427.0,1623.6159284674568,123451.0,1.0,0.4,0.4,0.4,0.4,0.0,0.0,-0.009771906232321131,0.02622301485440932,-0.005635642591909318,-3.4356326973169717,0.2437839824875208,-9.207352797212979,16.04001296079991,24.8960821632769,101132.47823258721,0.9844826414125234,-0.020947846590389015,-0.16885005706885792,-0.042951041839816934,nan,nan,nan,1.9932228251902617,-0.1645082651978324,-0.09144671753416743,0.422320238291675,-0.012257041517625971,0.3499119358668592,7154.529859448321,9415.589198193386,7158.358659179677,9410.692078320115,"1,1,25",1
744,74046773,58.467773000000534,-2.984098780452226e-05,-0.13826307876732313,0.00014316555830367128,0.5261782734500364,1428.0,1623.9353270119134,1428.0,1623.0646729880866,123451.0,1.0,0.4,0.4,0.4,0.4,0.0,0.0,-0.009181503216630197,0.027467795277899346,-0.0012218236065645513,-3.4657613884026257,0.22601462422319474,-9.130154507658643,15.987471582926183,24.896087844449493,101133.11263019354,0.9845852245481049,-0.021046039994169097,-0.16823991475218658,-0.04294805572594752,nan,nan,nan,1.9932273347316176,-0.1644532461979955,-0.09188560313209282,0.4207400770687237,-0.012516154379207575,0.35032771164358345,7164.26860708904,9405.597557350973,7165.36002976293,9407.719191849988,"1,1,25",1
745,74096773,58.51777300000053,0.00016373245493836477,-0.13832487094591195,0.00011207750904905661,0.52594167,1427.7408805031446,1623.7408805031446,1428.0,1623.0,123451.0,1.0,0.4,0.4,0.4,0.4,0.0,0.0,-0.004708378553402218,0.026469397026461693,0.003612243502721774,-3.3465832865675402,0.2033256502217742,-9.153330701612903,16.030527998095497,24.89609267767689,101132.59674483475,0.9846832415365239,-0.021140424286146094,-0.1676356284206549,-0.04301730385188917,nan,nan,nan,1.9932304966809113,-0.16441449794664928,-0.09225951992491808,0.42232750378150175,-0.013187782984017576,0.3501378555343988,7168.8255417131895,9405.272380208062,7166.6399631696995,9397.92266383001,"1,1,25",1
746,74146773,58.56777300000053,-0.0008982620160881412,-0.13685241379812818,-0.00044022669016704184,0.52549994,1428.1809027366426,1621.0,1428.0,1623.0,123451.0,1.0,0.4,0.4,0.4,0.4,0.0,0.0,0.0030114569427250088,0.020306802445037353,0.0015926800980434015,-3.3956025579864817,0.2312207583493419,-9.135339698327996,16.007511267155305,24.896096589696235,101132.87409842058,0.9847724499357552,-0.021001139910174046,-0.16714518792781216,-0.042950929541408715,nan,nan,nan,1.9932359632071628,-0.16434865292414097,-0.09193384241754339,0.4207049316820526,-0.011892127474537337,0.3505147361738829,7175.003033056536,9381.619368017627,7167.813623388694,9397.515646288984,"1,1,25",1
747,74196773,58.61777300000054,-0.0002503937878008496,-0.13769751677161418,0.0003342957064592704,0.5252908104072963,1428.0,1622.0,1427.0,1622.0,123451.0,1.0,0.4,0.4,0.4,0.4,0.0,0.0,-0.006604202530920888,0.03305958745844771,0.0015128932285999501,-3.450028461217869,0.23744147937858748,-9.310830278013476,16.00907681009245,24.8961004412943,101132.85838058552,0.9849046718515742,-0.02097724557946027,-0.16637364052473763,-0.04292520659295353,nan,nan,nan,1.9932418660248439,-0.16427767807118904,-0.09147572108068577,0.4185451663523435,-0.01247864017227461,0.3511550517032604,7167.527065940202,9386.562036754287,7163.844040327434,9388.599355379749,"1,1,25",1
748,74246773,58.66777300000054,0.0004646973317790495,-0.13678433227668577,-0.000254234936299577,0.5249515,1427.0,1621.2398009950248,1428.0,1621.0,123451.0,1.0,0.4,0.4,0.4,0.4,0.0,0.0,-0.010369570984347825,0.030669758627826088,0.003647279957913044,-3.324683335652174,0.24841878805217393,-9.345943233043478,15.999073324121797,24.896104252096844,101132.97195363168,0.9850382949215833,-0.021069282650485438,-0.16555522071695294,-0.042979645862584015,nan,nan,nan,1.9932423,-0.16427246,-0.09144204,0.41894268430669396,-0.012075046470884563,0.352405938633026,7161.212070336752,9382.711749853388,7161.861273632968,9378.84351254882,"1,1,25",1
749,74296773,58.717773000000534,-0.00010441942976281907,-0.13727475702281455,-6.452323443731646e-05,0.5247954235102779,1427.0,1621.0,1427.0,1621.665913711317,123451.0,1.0,0.4,0.4,0.4,0.4,0.0,0.0,-0.0011379217329171394,0.03402424319591373,0.0029690103855618613,-3.390025503200908,0.2236686493416572,-9.251029748467651,15.998640239594726,24.896108083222995,101132.98766710801,0.9851801980749383,-0.02124690564011667,-0.16470521075835765,-0.04290452566412385,nan,nan,nan,1.9932423,-0.16427246,-0.09144204,0.4193584574120091,-0.011715533435554832,0.35202642711015153,7158.378435229645,9375.407315136676,7164.193283642365,9379.662792773299,"1,1,25",1
750,74346773,58.76777300000053,0.0002095227160248447,-0.13587498512704685,0.00031005589634105026,0.5233725496103896,1427.0,1619.0,1427.0,1618.1518487157775,123451.0,1.0,0.4,0.4,0.4,0.4,0.0,0.0,-0.005587092589212087,0.022851429336910478,0.0014351140131601242,-3.389933654250212,0.18707474776899183,-9.268783157865009,16.001155376580957,24.89611261350602,101132.95220114703,0.9852883251691094,-0.021203737396279593,-0.16406418588218716,-0.04289762193968433,nan,nan,nan,1.993251263224993,-0.16416302041608294,-0.09025572884281312,0.41783245019228277,-0.013311110635959038,0.3538997515093117,7156.360004394503,9357.096824560376,7157.343135156263,9356.534583984125,"1,1,25",1
751,74396773,58.81777300000054,-0.00018424971775758898,-0.13610803468006114,0.00029327744325180174,0.5236088,1427.0,1619.3637753987327,1426.3637753987327,1619.0,123451.0,1.0,0.4,0.4,0.4,0.4,0.0,0.0,-0.0013586363694032789,0.026772442772459017,-0.0012381311960918033,-3.333036504262295,0.20097954654426228,-9.30466650557377,15.959434848544648,24.89611679411939,101133.4638973853,0.9853961652172963,-0.021212317391351824,-0.16341600508844725,-0.0428913389010701,nan,nan,nan,1.9932609197914584,-0.1640451152405636,-0.08897765175039027,0.4190736952309644,-0.011309602884865594,0.35324256580254493,7155.219411804185,9355.579898376565,7155.656824432354,9353.54412438964,"1,1,25",1
752,74446773,58.86777300000054,0.00019391831863179075,-0.13534035577464787,-0.0005715632755197853,0.5233385,1426.6827632461436,1618.0,1428.0,1619.0,123451.0,1.0,0.4,0.4,0.4,0.4,0.0,0.0,0.006459889189104711,0.020020870513954007,0.002143019841995981,-3.2871363856217903,0.2691923277919178,-9.28793053025229,15.963966060237963,24.89612199168471,101133.39062364685,0.9855099843247938,-0.021200492857577073,-0.16274466497828918,-0.04283543551215805,nan,nan,nan,1.9932621564561508,-0.1640304107542652,-0.08774980843068941,0.4172057183759324,-0.01275809861919443,0.3551955611874689,7152.314639624074,9349.246822753812,7160.00954121102,9352.285067675826,"1,1,25",1
753,74496773,58.91777300000054,-5.463721588345864e-06,-0.13470955523496242,-0.0006082476442152256,0.522830994906015,1426.0,1617.0,1428.0,1618.0,123451.0,1.0,0.4,0.4,0.4,0.4,0.0,0.0,0.009569595978893057,0.02436835448686679,0.00870736404174484,-3.311911452204503,0.2279921017260788,-9.293757169559099,15.994923697009718,24.89612645486275,101133.01292519574,0.985606349491279,-0.021088912016715117,-0.1621919116497093,-0.04276978707122093,nan,nan,nan,1.9932627550793174,-0.16402352658784794,-0.08652577171513519,0.41640772307124013,-0.012323538181002638,0.35430077903957785,7153.529891773711,9334.132291417478,7161.04100950718,9346.552836569424,"1,1,25",1
754,74546773,58.967773000000534,-5.416991430321779e-05,-0.13427092669992519,0.00016318201135944122,0.52220744,1427.0,1616.8308805188326,1426.8308805188326,1616.1691194811674,123451.0,1.0,0.4,0.4,0.4,0.4,0.0,0.0,0.0020807704878493013,0.013074109539920161,0.0014759502835828345,-3.3123822369760476,0.23062494531437125,-9.168844347804392,16.020951453614114,24.89613205618904,101132.70195788276,0.9857040103872096,-0.020899979115163628,-0.16165574895828128,-0.04264076204446665,nan,nan,nan,1.9932886226522708,-0.16370876035392296,-0.0849702383877843,0.41603607697757417,-0.014118384338106358,0.3550550394391329,7156.038384570341,9325.671042138654,7159.451617260813,9337.279422607298,"1,1,25",1
755,74596773,59.017773000000545,-0.0002781287613366448,-0.13417608782795215,6.303611694287654e-05,0.5228472326936103,1427.668848758465,1616.668848758465,1427.331151241535,1617.331151241535,123451.0,1.0,0.4,0.4,0.4,0.4,0.0,0.0,0.0061886467718348,0.020617648641841572,0.008701011165425411,-3.263730911396976,0.21712457157300835,-9.265886247573912,15.99622676369351,24.896138285522635,101133.00711794243,0.9857903507794848,-0.020815957446000902,-0.16114936163578852,-0.042603485632173525,nan,nan,nan,1.9933165402403514,-0.16336901631517856,-0.08338781145881904,0.41634696836861024,-0.012538436674720446,0.3561362928414537,7162.749949780157,9328.362895214756,7161.524245532349,9330.038587402503,"1,1,25",1
756,74646773,59.06777300000054,0.0003496735665993518,-0.13296559150835205,-0.0002610980794091249,0.522798132600349,1428.0,1616.0,1429.0,1616.1354452481917,123451.0,1.0,0.4,0.4,0.4,0.4,0.0,0.0,-0.0006607722613413112,0.01811670138494141,2.7226206651707885e-05,-3.1969520411867363,0.2527396707903266,-9.126766054849163,15.968875437106677,24.896145557674597,101133.34480775135,0.9858850698626717,-0.020741798910861423,-0.1605937246641698,-0.042545337121847694,nan,nan,nan,1.9933340549997989,-0.16315468211390777,-0.08311918204113224,0.415575220549364,-0.0126758235966773,0.356582211496872,7167.784305371317,9326.692195752019,7169.55323833007,9324.822663085757,"1,1,25",1
757,74696773,59.11777300000054,-0.0004588747986322706,-0.13224866234363591,3.770792328425409e-05,0.5230020352032125,1429.0,1616.0,1429.0,1616.0,123451.0,1.0,0.4,0.4,0.4,0.4,0.0,0.0,0.008452717170969314,0.013266419393570384,-0.0011910831269849,-3.2552741217243057,0.2654381403214807,-9.229581674622503,15.976385171581146,24.896153757294325,101133.25485411346,0.9859542647362023,-0.020615914010454657,-0.16016840764162413,-0.04260694240286895,nan,nan,nan,1.9933507411000764,-0.16295033769671505,-0.08295520592436975,0.41703885286773246,-0.012681605571362744,0.3568832832872541,7179.3385139648735,9323.929915429559,7175.231833789198,9318.035922851586,"1,1,25",1
758,74746773,59.16777300000054,-0.00025479547545319465,-0.13240580053491827,0.0006237190358098068,0.5230778,1430.0,1616.8395245170877,1428.0,1616.0,123451.0,1.0,0.4,0.4,0.4,0.4,0.0,0.0,0.0049230276947994055,0.026446807476968797,-0.0013483837315007427,-3.18662334576523,0.22196737567607727,-9.078795665676077,15.962636935674547,24.89616236369958,101133.41000347705,0.9860436613899614,-0.02040540644015444,-0.15964597405405406,-0.04259992170656371,nan,nan,nan,1.993331731621418,-0.16318208202248205,-0.08374499722185978,0.41627033723865137,-0.012670905016763986,0.357297586660388,7184.863319799812,9322.955354736501,7173.873750732431,9320.906689941703,"1,1,25",1
759,74796773,59.21777300000055,-0.0005720695340352596,-0.13189457155484818,-0.00020686123474289913,0.52392921165524,1430.0,1616.0,1430.0,1617.0,123451.0,1.0,0.4,0.4,0.4,0.4,0.0,0.0,0.004778197295958853,0.026407154844966935,-0.00031173575385745774,-3.2643088774430566,0.2475083931447465,-9.30149156943424,15.945096602133633,24.89617150735542,101133.61477933745,0.9861642562582539,-0.020219219911958915,-0.15892992359990216,-0.042574776892883345,nan,nan,nan,1.993310303408441,-0.16344337574456766,-0.08459941584985196,0.41537070370105617,-0.012768028553552066,0.3575813664314686,7192.208524902484,9327.549991210866,7185.996470214995,9329.543628906124,"1,1,25",1
760,74846773,59.267773000000545,-0.0003749895295366511,-0.13126616300318705,0.0002950981722628095,0.5243113370679088,1432.0,1616.730637254902,1430.269362745098,1616.730637254902,123451.0,1.0,0.4,0.4,0.4,0.4,0.0,0.0,0.007544699796959294,0.017343660872241297,-0.001814133112040216,-3.1980827263364393,0.29515856978420796,-9.202061501103481,15.961391305421488,24.896180371130626,101133.42471652033,0.9862335946653592,-0.02013646610492768,-0.15849072491542043,-0.042644461797989704,nan,nan,nan,1.9932934169533123,-0.16364938316959043,-0.08525064748951937,0.41437317639842813,-0.012460746290278489,0.3569655820365625,7206.6991417970585,9327.754601611294,7191.968802295067,9323.100200830228,"1,1,25",1
761,74896773,59.31777300000054,-0.0003332032648996554,-0.13089267686600448,-3.332829744577331e-05,0.5244545,1432.0,1616.0271639975674,1431.0,1616.9728360024326,123451.0,1.0,0.4,0.4,0.4,0.4,0.0,0.0,0.007546071324888527,0.02512297165342521,0.005582854002067288,-3.219749284961492,0.21220820151195785,-9.301800764896637,15.978493722582005,24.89618972472793,101133.21605753756,0.9862957780145867,-0.020085709880875203,-0.15810167944084277,-0.04267459380186386,nan,nan,nan,1.9932768007400898,-0.16385210097090253,-0.08588978917616051,0.4125626866377613,-0.011571703350098434,0.357114932288366,7214.049734643577,9324.232466113184,7199.575033813586,9319.205410010032,"1,1,25",1
762,74946773,59.36777300000054,-0.0005867700340062927,-0.13048864598059778,0.00027286598398846353,0.5245757,1432.8763116474292,1616.0,1431.0,1616.1236883525708,123451.0,1.0,0.4,0.4,0.4,0.4,0.0,0.0,-0.0024470212539228547,0.018982661779060616,-0.0058008755892679075,-3.190927863133036,0.21601021674363682,-9.260445577538704,16.009150072521905,24.896199018966982,101132.86006322328,0.9863785100551905,-0.019945298067148492,-0.15759360582654403,-0.0427090161434954,nan,nan,nan,1.9932647155531522,-0.1639989616512941,-0.08655727928405794,0.41547857981104525,-0.012200644088465173,0.3573998901073607,7220.220807739278,9320.09155521656,7204.3748393150345,9323.977536539585,"1,1,25",1
763,74996773,59.41777300000055,5.3521287315815086e-05,-0.12997426679805352,0.00027250101557177615,0.5250680437956204,1433.0,1617.0,1432.2783053323594,1616.0,123451.0,1.0,0.4,0.4,0.4,0.4,0.0,0.0,-0.0076373276826562884,0.025821705536122598,0.0030656793899537828,-3.2512289927754803,0.1708591941401119,-9.178743246412065,16.00193693086053,24.896209621015373,101132.94943723026,0.9864488495736906,-0.020069077728380024,-0.15713068529841656,-0.04272942126918392,nan,nan,nan,1.9932534330965923,-0.16413592651450082,-0.08722979168436157,0.4143691487450735,-0.011506774229501105,0.3581747694991829,7223.820893554695,9322.966468145622,7221.390880789708,9319.78094489401,"1,1,25",1
764,75046773,59.46777300000055,-0.00029760351288421054,-0.12942964412631577,0.0002494467014631579,0.52471894,1433.0,1616.0,1432.0,1616.0,123451.0,1.0,0.4,0.4,0.4,0.4,0.0,0.0,-0.0006955505641708412,0.027062499643026625,0.0017109233522805167,-3.248217450013182,0.1836127679013973,-9.20194366319536,15.973696241052572,24.896218283936868,101133.27199944318,0.9865416682194935,-0.020131088113328217,-0.15653782303914043,-0.0427355842686109,nan,nan,nan,1.9932620662377876,-0.1640311365783857,-0.08742353820393807,0.41253796922664954,-0.011491443759640103,0.3587118510261354,7225.4151747557,9319.651682031063,7219.364786059759,9319.470329980459,"1,1,25",1
765,75096773,59.517773000000545,0.0002640672098897464,-0.12848866323484012,0.00039089847923263506,0.5244189884454244,1433.0,1615.6327608982826,1433.0,1614.0,123451.0,1.0,0.4,0.4,0.4,0.4,0.0,0.0,0.0016471771286659315,0.025679505460198454,0.0017141504515104742,-3.21253073076075,0.18101350378390296,-9.248400697464168,15.948835123020013,24.896227786208858,101133.56516077017,0.9866409399714097,-0.02013276392038707,-0.1559278928788212,-0.04267175705432153,nan,nan,nan,1.9932722871907411,-0.16390707224650533,-0.08757911413459593,0.41199943816909895,-0.011554355701838218,0.35944903012269147,7222.405554736433,9310.157044482445,7227.98186867671,9305.700718017315,"1,1,25",1
766,75146773,59.56777300000054,-0.00014838968543213221,-0.12881489092386889,-1.9174538204172313e-05,0.5243686,1433.0,1615.0,1433.0,1615.0,123451.0,1.0,0.4,0.4,0.4,0.4,0.0,0.0,0.0075946915631878555,0.03338790839089184,0.0006898158874762809,-3.1006413314990513,0.1686140160341556,-9.089449901328273,16.00149195503747,24.89623637468776,101132.94524562864,0.9867474426746398,-0.020014298719760806,-0.15527310165805927,-0.042652693623810814,nan,nan,nan,1.993273,-0.16389842,-0.087589964,0.4147447828627196,-0.012531538049446974,0.3603605112556929,7224.202963818493,9306.14289248059,7226.374131005857,9305.438881738319,"1,1,25",1
767,75196773,59.617773000000554,-0.0008903240467085368,-0.1288452156106071,0.0004715911239125378,0.5253527099418469,1435.0,1615.4313953488372,1433.0,1616.0,123451.0,1.0,0.4,0.4,0.4,0.4,0.0,0.0,0.005792682383957219,0.030017577321553128,-0.0044731879366658915,-3.151643208835155,0.2052541554615206,-9.20398109997675,15.990602020359281,24.896246243862276,101133.08867065869,0.9868792832289492,-0.019814027051032242,-0.15445354027603803,-0.04267113880004639,nan,nan,nan,1.993273,-0.16389842,-0.087589964,0.4111142585721929,-0.012449852103493081,0.3611990357146679,7240.5537551515945,9313.108887353621,7227.042603442423,9316.555646582096,"1,1,25",1
768,75246773,59.66777300000055,8.969668961970444e-05,-0.12794160085467982,5.340709171748768e-05,0.5253846875123153,1434.0,1615.0,1434.0,1615.0,123451.0,1.0,0.4,0.4,0.4,0.4,0.0,0.0,-0.0006323025366465518,0.02849277404236453,0.00025987842870689665,-3.123826489704433,0.17843647730788176,-9.389278138177339,15.965878966467065,24.89625466452096,101133.38807185629,0.9869995008368201,-0.019678660167364016,-0.15371076949790796,-0.04263634818410041,nan,nan,nan,1.9932637770644486,-0.16401094466790433,-0.08688825199651518,0.4117211994307364,-0.010888098665581892,0.3613804994103361,7235.81973309614,9310.833433361193,7236.57155078142,9312.575770135561,"1,1,25",1
769,75296773,59.71777300000055,9.84835929699115e-05,-0.12706387559292034,0.00032071963047787614,0.5254889,1435.0,1615.0,1435.0,1614.2483577564426,123451.0,1.0,0.4,0.4,0.4,0.4,0.0,0.0,0.0006850270778761061,0.01841127521795196,-0.0002605060314538559,-3.145241977193426,0.21828856874083438,-9.227114609355247,15.913055673853819,24.896262473807116,101134.0119179575,0.9870806342683851,-0.01970084127899924,-0.15317676231235783,-0.04266858312357846,nan,nan,nan,1.9932539733325638,-0.1641305520833694,-0.08615959155011689,0.4120812248111397,-0.01211272230613745,0.36062824903140184,7248.360356054875,9311.012352099522,7244.835167822436,9303.302739306762,"1,1,25",1
770,75346773,59.767773000000545,-0.0001714959438305442,-0.12684643524706812,-0.0001998170156588483,0.5263486,1436.0,1615.0,1436.3822638028726,1616.0,123451.0,1.0,0.4,0.4,0.4,0.4,0.0,0.0,0.0003822006598984303,0.012721827930747923,0.007883087343490304,-3.1228441291782087,0.15180590619575254,-9.284026403508772,15.916528824436307,24.89626928907304,101133.96964829447,0.9871551635069984,-0.019638567416796267,-0.15271230038880249,-0.04263806421967341,nan,nan,nan,1.9932505100291495,-0.1641723810923836,-0.08813511753932293,0.4099519652154078,-0.01232020277968582,0.36202590566300835,7261.4849365722475,9310.326519921613,7256.7775357668415,9313.519174218853,"1,1,25",1
771,75396773,59.81777300000056,-0.00025924844470477535,-0.1255616428087509,-0.0002100841397482945,0.5254600416749,1436.0,1613.0,1436.0,1614.0,123451.0,1.0,0.4,0.4,0.4,0.4,0.0,0.0,-0.0005280466757706767,0.01916659492387218,0.005858497905921052,-3.101819834774436,0.26864573067669173,-9.261551258458647,15.983419935909302,24.896276899583526,101133.1751723739,0.9872320343327683,-0.019495073043109712,-0.15227303297892952,-0.04249616880552192,nan,nan,nan,1.9932470467257353,-0.16421421010139783,-0.09011064352852896,0.41084655925558117,-0.010809178731985383,0.3624987225927544,7260.581446728442,9295.06443129869,7260.3202947509835,9306.84827031234,"1,1,25",1
772,75446773,59.867773000000554,0.0003761617322316259,-0.12585249204008908,-0.00018360854981737195,0.5258638,1436.0,1614.0,1437.0,1614.0,123451.0,1.0,0.4,0.4,0.4,0.4,0.0,0.0,-0.0008799028752160356,0.03013395617193764,0.002227922475723831,-3.1041827102895323,0.2592981601959911,-9.297477061024498,15.959029853089703,24.89628460976832,101133.46724162521,0.9873192819369974,-0.019526526611930294,-0.15172058113270778,-0.04243059568900804,nan,nan,nan,1.9932750599288185,-0.16387327085638378,-0.09173416030798537,0.4093638934275006,-0.012070715257577887,0.3624720532654017,7260.304456787114,9295.732798046882,7267.05071257333,9298.929922998204,"1,1,25",1
773,75496773,59.91777300000055,-4.538755764832021e-05,-0.12609580736478437,-0.00018380021342744818,0.525433324017155,1435.6127801621365,1613.6127801621365,1436.0,1614.3872198378635,123451.0,1.0,0.4,0.4,0.4,0.4,0.0,0.0,0.0010703534571224389,0.03281704777322535,0.00781199032663173,-3.077419817746546,0.2863849712577418,-9.238826525964745,15.964228815605027,24.896292330675216,101133.39277644765,0.9874293567189728,-0.019534841494293867,-0.1510188002853067,-0.04236816227603424,nan,nan,nan,1.9933054875191738,-0.16350297159326282,-0.09333067642408141,0.40914014314385255,-0.0120935806034133,0.36487727224819194,7260.782655102551,9293.214974511597,7261.689552270401,9299.733779199243,"1,1,25",1
774,75546773,59.96777300000055,0.00048815257634752705,-0.12491708458873314,-0.00025155795485850305,0.5266569,1437.0,1615.0,1438.0,1614.0700872784978,123451.0,1.0,0.4,0.4,0.4,0.4,0.0,0.0,-0.006331446394432718,0.013372565777308708,0.0028957795661741425,-3.137023923509235,0.20237781344063324,-9.243178206332454,15.955786956090918,24.896298446843918,101133.50193383382,0.9875273967195767,-0.019540632154497355,-0.1503715785079365,-0.04238300283703703,nan,nan,nan,1.9933181484001246,-0.1633485554457047,-0.0947019472824722,0.4094218708018723,-0.011998027574653309,0.3636304027656503,7271.11481411146,9302.948606250231,7272.042373803926,9301.447421337789,"1,1,25",1
775,75596773,60.01777300000056,0.00029141060248209436,-0.1243770670738454,7.120216510743392e-05,0.5264286806742405,1438.0,1614.0,1438.0,1613.5522351197826,123451.0,1.0,0.4,0.4,0.4,0.4,0.0,0.0,0.004917582685280316,0.013948889624351691,-0.003086018148826871,-3.012242963250185,0.2366215970338355,-9.464924874783897,15.920056268265727,24.89630352041806,101133.93168473202,0.9875957847298298,-0.019660133585492227,-0.1499005680680977,-0.042401619796447076,nan,nan,nan,1.993329550965953,-0.1632094290731271,-0.0960572652985262,0.4101580521644763,-0.014272219822879332,0.36445832803863004,7277.185763037284,9300.520950146194,7285.595606982284,9292.703004784973,"1,1,25",1
776,75646773,60.06777300000056,-0.0004002761541351387,-0.1236054262262047,-9.573967611283685e-05,0.5259271499800876,1438.0,1612.0,1438.0,1613.0,123451.0,1.0,0.4,0.4,0.4,0.4,0.0,0.0,0.010732151491439947,0.018648324119177172,0.002829524004047777,-3.1408395271532847,0.19940257389648308,-9.301096669276708,15.934954888208534,24.89630766725531,101133.75392583066,0.987653312528689,-0.019551028706358848,-0.1495416957108141,-0.04238065807587417,nan,nan,nan,1.993334124477603,-0.16315367809321404,-0.09729597594655649,0.40727307582086925,-0.011549735618863275,0.3644900389626958,7283.180150171075,9279.906335107473,7283.430717993136,9282.690369287317,"1,1,25",1
777,75696773,60.117773000000554,-0.0004831110844790929,-0.12444324765698087,-6.147476196928891e-05,0.5260406598275454,1438.0,1613.0,1437.0,1614.0,123451.0,1.0,0.4,0.4,0.4,0.4,0.0,0.0,0.002446210012446859,0.03219464306093529,-0.0004628303936702881,-3.0908547591402926,0.2707560815422768,-9.464953967879074,15.949041,24.89631265634276,101133.58234365724,0.9877429248168282,-0.019274043678562988,-0.1489962553344363,-0.04233985507208698,nan,nan,nan,1.9933382858187438,-0.16310295927107174,-0.09852764870661554,0.40718533492825876,-0.011767611773832684,0.366797957317607,7288.559205761582,9283.9270379883,7277.067629345568,9291.965181494046,"1,1,25",1
778,75746773,60.16777300000055,-0.00033861786296473086,-0.12357197049058605,1.596066407849375e-05,0.5252158159771944,1438.0,1612.0,1437.0,1612.0,123451.0,1.0,0.4,0.4,0.4,0.4,0.0,0.0,-0.004701860132882883,0.026872769573661897,0.0050283135240063595,-3.0032097106783255,0.2512866847429783,-9.356876859565448,15.95503750360007,24.896316702101505,101133.50624226814,0.9878524160461416,-0.019146173101034208,-0.1482892871201273,-0.042324457417130736,nan,nan,nan,1.9933385537106578,-0.16309993543455403,-0.09802141520753847,0.4087415519242199,-0.010138271654531945,0.36474051939078755,7282.069538110247,9274.615199169803,7274.063459887767,9277.270611767335,"1,1,25",1
779,75796773,60.21777300000056,0.00016623130506035732,-0.12292313797682279,-0.00046716581096088847,0.5243520403476581,1436.3439690597052,1610.0,1437.6560309402948,1611.0,123451.0,1.0,0.4,0.4,0.4,0.4,0.0,0.0,-0.00018269080299951627,0.02759596695839381,0.003922306707643928,-3.0178935908563136,0.24061374446057088,-9.289142930333817,15.988124877961765,24.896320158296817,101133.1046725094,0.9879434367346939,-0.019249783911564625,-0.14768614720384707,-0.042262262735397606,nan,nan,nan,1.993338503641061,-0.1631008066455373,-0.09737325426382672,0.40696075338931376,-0.011596960820362873,0.367347864671365,7269.709617529307,9260.106184619202,7276.073291503779,9262.517835595607,"1,1,25",1
780,75846773,60.26777300000056,-4.195797030194471e-06,-0.12303853086745138,-0.00035621159773746163,0.52435654,1436.1053977999488,1610.1053977999488,1437.0,1611.0,123451.0,1.0,0.4,0.4,0.4,0.4,0.0,0.0,0.0004718889603278686,0.034245014002049184,0.009430152142827868,-3.0396771036885246,0.22168239231557377,-9.389274165983608,15.985752766841173,24.89632402124875,101133.12834667796,0.9880604743043145,-0.01927115389200919,-0.14689020838141437,-0.0422908014061782,nan,nan,nan,1.9933489005414708,-0.1629733064622614,-0.09550988061572974,0.4065419422976554,-0.010637342705694145,0.36637640684647305,7268.259714013626,9262.000592626835,7274.1095445067585,9264.035560253888,"1,1,25",1
781,75896773,60.31777300000056,0.00016510683710236221,-0.12269753661417324,-0.0007692019265354331,0.5229911312755906,1435.0,1608.350604944766,1437.0,1610.0,123451.0,1.0,0.4,0.4,0.4,0.4,0.0,0.0,-0.0015965431231960115,0.02536843252820782,0.004229564224513252,-2.9680079393859877,0.2291297617501968,-9.286908225400158,15.932201550471532,24.896327885978188,101133.77947607405,0.9881699977198697,-0.019262698501628664,-0.1461797721335505,-0.042196379166123774,nan,nan,nan,1.9933601167237145,-0.1628357390201311,-0.09355120644582392,0.40582163052369497,-0.013581163611132211,0.36638267114655865,7258.516774023391,9242.225587988203,7266.705325659116,9249.15395488264,"1,1,25",1
782,75946773,60.367773000000554,-0.00014970016959529064,-0.12238755771645818,-8.623343328574933e-05,0.5231225,1436.0571498650968,1609.0,1436.0,1609.0,123451.0,1.0,0.4,0.4,0.4,0.4,0.0,0.0,-2.1725511319921516e-05,0.02546837655642787,0.0011060879794896955,-3.0044062156526006,0.19922899636408242,-9.332379205839059,15.936648554767288,24.896331774694005,101133.73185507134,0.9882603925325153,-0.019228593604417178,-0.14557002804662578,-0.042201569533006134,nan,nan,nan,1.993370392259054,-0.16270974573512378,-0.09135982653175573,0.4049685883387139,-0.010987866564872176,0.3693901637928627,7263.4911055176835,9239.317547070303,7267.263179882823,9235.923081225596,"1,1,25",1
783,75996773,60.417773000000565,0.00020603456402005252,-0.12260565978992599,0.0006969793823466222,0.5230858954404393,1436.5448687350836,1610.0,1435.5448687350836,1608.5448687350836,123451.0,1.0,0.4,0.4,0.4,0.4,0.0,0.0,0.0025044086890692123,0.03831909283293556,-0.005968666756229117,-3.0095190668257756,0.18720107550357995,-9.417974656324583,15.951908503570285,24.896336425457353,101133.54871253086,0.9883664562231759,-0.019121247951359086,-0.1448582640486409,-0.04221726283619456,nan,nan,nan,1.99338051318851,-0.16258565479283396,-0.08913019881501653,0.4050627034817131,-0.01377452055188328,0.3674093506436405,7264.499648779199,9243.230487402392,7258.022595898091,9236.230525146255,"1,1,25",1
784,76046773,60.46777300000056,-0.0005447409655675423,-0.12119286415900563,0.0003689150143222327,0.5231590415947467,1438.0,1608.0,1436.0,1608.296904315197,123451.0,1.0,0.4,0.4,0.4,0.4,0.0,0.0,0.009015335431519701,0.01571384810096154,-0.0007603858873358347,-3.0486578713649157,0.21477904305581613,-9.30821859803002,15.901990660033976,24.896342455584822,101134.1506835013,0.9884593494047619,-0.018879330928571428,-0.14424557309523808,-0.04224914240476191,nan,nan,nan,1.9933687528771014,-0.16272961403975814,-0.08926929953777715,0.4050026736231143,-0.013089519524673996,0.3700941183354641,7273.829797265724,9231.807364160175,7260.461936499137,9236.677818408243,"1,1,25",1
785,76096773,60.51777300000056,-0.0004536089110560816,-0.12148240922068462,-0.0007572216440640933,0.5239759207647487,1437.270802919708,1608.270802919708,1438.0,1610.270802919708,123451.0,1.0,0.4,0.4,0.4,0.4,0.0,0.0,0.006591177288052453,0.013974752889266634,0.0030100428910150557,-3.005054759057795,0.22889471109519183,-9.228799363283146,15.916609000117864,24.896348739355915,101133.9637245231,0.9885381527568619,-0.018732947350740832,-0.14374776966723343,-0.04216683876366286,nan,nan,nan,1.9933556458062338,-0.1628900713970946,-0.08955419214916244,0.40464154930300805,-0.01249882643670968,0.3696114711397868,7281.644090478718,9234.358281884904,7272.0630566895525,9246.429308349765,"1,1,25",1
786,76146773,60.56777300000056,-0.00024113718826970142,-0.1212266063876652,-0.0003138593341189428,0.5245956370533529,1438.0,1609.0,1438.7678921568627,1610.0,123451.0,1.0,0.4,0.4,0.4,0.4,0.0,0.0,-0.00912767944796469,0.01565156234919078,0.002414702734379598,-2.9070550164786657,0.2362270618048063,-9.207227604217755,15.973574966014185,24.896354434950357,101133.28759489361,0.9885989231193335,-0.01876768811443274,-0.14330904802499386,-0.04222009375814752,nan,nan,nan,1.9933438625563158,-0.1630343070840981,-0.08903015877857501,0.4031173410796514,-0.011717152457572735,0.3706534151107835,7289.205792602673,9245.510756738375,7283.407053979714,9244.692055029358,"1,1,25",1
787,76196773,60.61777300000057,9.057459306778756e-05,-0.11949923870563117,0.0002419806299973312,0.52541363,1441.0,1609.705631171604,1440.294368828396,1609.0,123451.0,1.0,0.4,0.4,0.4,0.4,0.0,0.0,-0.008601283379973297,-0.007533865575433912,0.0022083808843791726,-2.956834258611482,0.2486304741388518,-9.421929006675569,15.935535115468749,24.896361244375,101133.7355625,0.9886208099638617,-0.0189114101368095,-0.1431190592256066,-0.04228867783531234,nan,nan,nan,1.9933323,-0.16317584,-0.08844913,0.40323339971326166,-0.011986873715658332,0.36879388169020166,7306.264135962018,9242.969611132516,7304.111889990578,9243.535365429623,"1,1,25",1
788,76246773,60.667773000000565,6.200086742089552e-05,-0.1173894627402985,-0.000740831204477612,0.52489805,1441.0,1607.0,1442.0,1608.0,123451.0,1.0,0.4,0.4,0.4,0.4,0.0,0.0,-0.014543317926710098,-0.009885659726384364,0.007214571915309446,-2.8582096498371334,0.20850537747557002,-9.430304021172638,15.990972369333127,24.8963687849296,101133.06654107998,0.9886016220786517,-0.019172196639887642,-0.1432389917022472,-0.04221134900730337,nan,nan,nan,1.9933323,-0.16317584,-0.08844913,0.40331079516404694,-0.01182235922900155,0.36792504950188176,7313.846483026488,9227.289859561042,7320.6328086169515,9230.043269066018,"1,1,25",1
789,76296773,60.71777300000056,0.0005847090617643215,-0.11749344625920279,0.0006774934688085385,0.5246291,1441.0,1608.0,1441.0,1606.0,123451.0,1.0,0.4,0.4,0.4,0.4,0.0,0.0,-0.010255220479493891,0.008982911507198954,-0.0034277677606893544,-2.923446490445026,0.21158169792539266,-9.341811778795812,15.984792397823435,24.89637468588912,101133.15507271355,0.9886006461286805,-0.01940446567938931,-0.1431974617557252,-0.042270452373173395,nan,nan,nan,1.9933325529033,-0.16317274040315646,-0.08843246804803485,0.404532916473319,-0.012545278716111219,0.36900994780590307,7315.566507836828,9231.65789360366,7317.279565747082,9216.074921484324,"1,1,25",1
790,76346773,60.76777300000056,6.712216909940359e-05,-0.11765996104373758,0.0003112514368389662,0.524052866222664,1441.0,1607.0479741486454,1440.0,1606.0,123451.0,1.0,0.4,0.4,0.4,0.4,0.0,0.0,0.005480527330342943,0.012441070546719682,-0.0027155785833996022,-2.8660207512922464,0.24973885281809144,-9.260127524850896,15.949512026833974,24.896381475364535,101133.56405794331,0.9886517119830804,-0.01954868650087086,-0.14280284063946255,-0.04234354283030605,nan,nan,nan,1.993346357668571,-0.16300354843571468,-0.08752297285343065,0.40395057253651,-0.01079007809218462,0.36916822679459704,7316.337921704081,9221.89199008781,7306.7971501951315,9211.002498144657,"1,1,25",1
791,76396773,60.81777300000057,-0.0009207898505277401,-0.11873637347550745,-9.129067955723952e-05,0.5240284315507443,1440.0,1607.0,1439.0,1608.0,123451.0,1.0,0.4,0.4,0.4,0.4,0.0,0.0,0.010443738871735895,0.02981116642254093,0.002818590213611149,-2.871415912528751,0.20965435742524693,-9.271039017994859,15.956400398199483,24.896388427171136,101133.4771603608,0.9887651083396481,-0.019310024210013533,-0.1420648499918809,-0.042287890784167795,nan,nan,nan,1.9933601624338422,-0.1628343564682729,-0.08661347765882646,0.4044390916159718,-0.013059522914034057,0.3686527740035232,7307.261257128878,9215.474268603532,7300.3550882080035,9223.546387304801,"1,1,25",1
792,76446773,60.86777300000057,-0.000761002527936747,-0.11909775443712349,-0.0001921411181814759,0.5238617,1439.3786870842225,1607.0,1439.0,1608.6213129157775,123451.0,1.0,0.4,0.4,0.4,0.4,0.0,0.0,0.00032163046477458237,0.03662460077885219,-0.0026732120588848426,-2.891924538063544,0.25319041967851313,-9.374243140399347,15.947662574553828,24.896396043561698,101133.59326232968,0.9888968580832915,-0.019162750000000003,-0.14118501134470648,-0.04222268661164075,nan,nan,nan,1.9933632195742823,-0.16279752051285784,-0.08531985389998649,0.40303385336772507,-0.013762694915352758,0.3729992177563031,7302.032014526446,9219.689197021622,7296.078327880936,9231.24191186496,"1,1,25",1
793,76496773,60.917773000000565,0.00019701032391304345,-0.11740979197578426,0.0005853451770198129,0.5242108805998899,1441.0,1607.8098514034123,1440.0,1606.0,123451.0,1.0,0.4,0.4,0.4,0.4,0.0,0.0,-0.007252225722788647,0.01731031045577294,-0.003739055569743731,-2.8924216931937172,0.22345997532102507,-9.244158902176908,15.946399,24.89640300552746,101133.61857932495,0.9889792668268433,-0.01927270306213753,-0.14056663206020437,-0.042304704326981496,nan,nan,nan,1.9933653980596573,-0.16277150393089504,-0.08399580131368398,0.40309747104700105,-0.011849032869387934,0.3723760329296738,7311.16863940433,9218.714413915985,7309.507179394848,9216.30660405257,"1,1,25",1
794,76546773,60.96777300000056,0.00023402631774972253,-0.11625359390954494,4.668171333240844e-05,0.5238856,1441.0,1606.0,1441.0,1605.0,123451.0,1.0,0.4,0.4,0.4,0.4,0.0,0.0,-0.004213397804011142,0.006458329973259053,0.0015843904334261836,-2.8365299630083567,0.19873171883565457,-9.410971013370473,15.965900012985518,24.89641220024935,101133.38219276877,0.9890195175375537,-0.019485990144045066,-0.14026252065182404,-0.04227509335354077,nan,nan,nan,1.9933641044977626,-0.16278745786092771,-0.08319667710299627,0.4006957601675286,-0.01149699571418468,0.37147328479777214,7316.861342504923,9208.909601220588,7320.423751977531,9200.372622655927,"1,1,25",1
795,76596773,61.017773000000574,-0.00020286674769707706,-0.11671455681133747,0.0006989109338573959,0.5242900166031886,1442.0,1607.0,1440.1879982285209,1606.0,123451.0,1.0,0.4,0.4,0.4,0.4,0.0,0.0,0.006293135793842747,0.017994706634772976,-0.003363219761129568,-2.9095939793576964,0.2354813304451827,-9.289507927131782,15.96401646083311,24.896419442761974,101133.39531314369,0.9890794697375964,-0.019444632250937156,-0.13983435422271223,-0.04230941732083793,nan,nan,nan,1.993362810935868,-0.16280341179096042,-0.08239755289230857,0.4024803337941851,-0.013392654986126191,0.3713894929424539,7321.836503198426,9209.539299462862,7315.06879802248,9204.363374316667,"1,1,25",1
796,76646773,61.06777300000057,-1.0374309883416242e-06,-0.11681486372674875,7.156175139593922e-05,0.524933273239455,1442.0,1607.0,1442.0,1607.0,123451.0,1.0,0.4,0.4,0.4,0.4,0.0,0.0,0.0019972977701205137,0.02881549808632434,0.00011416497266177614,-2.8627657670945768,0.22147270891668852,-9.210194509300498,15.90980351342809,24.896428351735498,101134.04330855873,0.9891725972951366,-0.01922863869353764,-0.13922695258494336,-0.04223446859826782,nan,nan,nan,1.9933596839066186,-0.1628417803691018,-0.08292552786854387,0.400619246928902,-0.013201832957257046,0.3730952372086664,7327.030700952228,9211.834288086107,7323.970284424043,9218.194013281169,"1,1,25",1
797,76696773,61.11777300000057,-6.921302683325323e-05,-0.11582563685247477,3.024136057280154e-05,0.5258474682364248,1443.247653429603,1607.0,1443.0,1607.0,123451.0,1.0,0.4,0.4,0.4,0.4,0.0,0.0,0.002216639214416146,0.014048430052378665,-0.0008654698270062471,-2.876956116338299,0.24212497003363767,-9.498233596588179,15.933207661901646,24.896436567954442,101133.7619241573,0.9892419048134777,-0.019243589779302045,-0.13871714951383873,-0.042280852509025274,nan,nan,nan,1.9933563848895315,-0.16288225154636576,-0.08357799097291896,0.40154381592087074,-0.013186756246285418,0.37350101833275745,7342.266445658587,9225.720652587854,7335.047119059392,9216.652141723616,"1,1,25",1
798,76746773,61.167773000000565,0.0004481137469268293,-0.11526510361899871,-0.0002447401984313222,0.5258109,1443.0,1607.0,1444.0,1607.0,123451.0,1.0,0.4,0.4,0.4,0.4,0.0,0.0,-0.0033617415849346655,0.013753049403535743,0.003637165288316679,-2.8480546561106843,0.19024412749423522,-9.385425180245964,15.891797921333202,24.89644366607543,101134.25324295877,0.9892936172909185,-0.019354709686505902,-0.13833617186762442,-0.04226976937095946,nan,nan,nan,1.9933650899070985,-0.16277493332641832,-0.08448683944042573,0.4000070114207076,-0.01429575279725187,0.3738979565551727,7344.453484057766,9217.461637597515,7348.929281835998,9218.569628418069,"1,1,25",1
799,76796773,61.21777300000058,-0.00029144074943671767,-0.11468371141168289,-0.00027197235919100603,0.5262782676541493,1444.6305909617613,1606.6305909617613,1445.0,1607.0,123451.0,1.0,0.4,0.4,0.4,0.4,0.0,0.0,0.00043792512633534597,0.0065721852834649324,0.004953546614398514,-2.833439440037157,0.2866802057779842,-9.381699078495123,15.906098522789417,24.89645220302099,101134.07654019499,0.9893371172741608,-0.019306254052264025,-0.13805142102951115,-0.042204933835098,nan,nan,nan,1.9933758632853291,-0.16264215018700579,-0.08543986450481546,0.40151534813361656,-0.011403447172310382,0.37257417062226666,7359.88354443378,9213.386530029296,7355.170610498138,9218.101787841733,"1,1,25",1
800,76846773,61.267773000000574,-0.00034000422389483933,-0.11430577916626096,0.00040945230156037003,0.5262718802945472,1446.0,1607.0,1444.0,1606.122900949136,123451.0,1.0,0.4,0.4,0.4,0.4,0.0,0.0,-0.006322535177209642,0.019046119122230337,-0.00030120263863209163,-2.8446761286827367,0.30530490591672754,-9.436488724859995,15.911295751382092,24.896460142409893,101134.034050964,0.9893790775401069,-0.019331052695187166,-0.13774412679144385,-0.04221451572192513,nan,nan,nan,1.9933774,-0.16262321,-0.085575804,0.4004445407488024,-0.012961051835280275,0.3751016996285402,7364.633503466724,9214.401364013409,7359.429765527387,9216.128187793036,"1,1,25",1
801,76896773,61.31777300000057,0.0007139054982673267,-0.11449974790222772,0.00022438530866336634,0.5259369616584159,1444.0,1607.0,1445.0,1606.0,123451.0,1.0,0.4,0.4,0.4,0.4,0.0,0.0,-0.012577699157178218,0.018894031580445544,-0.00030376248175742574,-2.8021664069306933,0.2706725780569307,-9.547060826732674,15.910811680027097,24.896466872379662,101134.03361503143,0.9894432193620178,-0.019483353552670626,-0.13727471131305638,-0.04216809867581602,nan,nan,nan,1.9933774,-0.16262321,-0.085575804,0.40108517465793236,-0.01383740487509235,0.3758438460276807,7354.316780541923,9210.450409179855,7360.709298852461,9206.963649218518,"1,1,25",1
802,76946773,61.36777300000057,0.0006209594081458967,-0.11389589151975685,-0.0005307128898966565,0.5263209098237083,1444.0,1606.0,1446.0,1606.0,123451.0,1.0,0.4,0.4,0.4,0.4,0.0,0.0,-0.010480749229880397,0.025153313879789176,0.003285693823231299,-2.811671394364484,0.29052127198864786,-9.41748884005676,15.94948614174509,24.896473558963635,101133.56231962355,0.9895136954517889,-0.019700686127754195,-0.1367400222720841,-0.04215233678593087,nan,nan,nan,1.99338705931449,-0.16250514704545227,-0.0875069529486861,0.3980645093103448,-0.015142183620689654,0.37532238689655173,7354.146484375,9206.1015625,7361.87548828125,9203.1865234375,"1,1,25",1
803,76996773,61.41777300000058,-0.0004634167915789474,-0.11419340268421053,-0.00019678693631578945,0.5265283963157895,1445.0,1606.0,1445.0,1607.0,123451.0,1.0,0.4,0.4,0.4,0.4,0.0,0.0,-0.004587941971291866,0.029160237294976077,0.00324534969569378,-2.750516789952153,0.18398114750956937,-9.349928838995215,15.984164465237168,24.89647935198563,101133.15651263234,0.9896076712562814,-0.019733769226130654,-0.13607523356783918,-0.04208012401005025,nan,nan,nan,1.9933973419631414,-0.16237946526113953,-0.08956272265709601,0.3997424489804481,-0.012900471906771838,0.37424953241419817,7364.243774218782,9204.963638915931,7368.365191699232,9214.129815722712,"1,1,25",1
804,77046773,61.46777300000058,-0.00043519426037209305,-0.11313094210542636,-5.211796448434109e-05,0.526487311379845,1446.2245277175596,1606.0,1446.0,1606.2245277175596,123451.0,1.0,0.4,0.4,0.4,0.4,0.0,0.0,0.001831440797018634,0.024681990720496892,0.0024533473416149068,-2.8130882926086955,0.20853000663975155,-9.418280929192546,15.947090286775435,24.89648453402308,101133.6038201353,0.9896871675069167,-0.01964741261758377,-0.1355388682293268,-0.041984624941284965,nan,nan,nan,1.993422149333269,-0.16207395431165691,-0.09012723553637286,0.39974986526780015,-0.01243604296747286,0.3749735264168263,7374.551273632765,9203.66104814455,7372.249160742122,9213.745994677558,"1,1,25",1
805,77096773,61.517773000000574,0.0003374265058830572,-0.11328555490268691,-0.0002137722399067242,0.5264939681748573,1445.1136173767752,1606.0,1446.0,1606.0,123451.0,1.0,0.4,0.4,0.4,0.4,0.0,0.0,0.00046228389447181624,0.01565316431691023,0.0006807883805678497,-2.8198494116075157,0.22213185404592903,-9.393259093110647,15.902243076225206,24.896490301794806,101134.14290235704,0.9897585538402671,-0.019630094060804227,-0.1350293170404898,-0.04195110449005148,nan,nan,nan,1.9934481126848138,-0.16175413126857807,-0.09057306351103805,0.39917003214438074,-0.013285100617907759,0.3750542494383088,7372.184079124792,9204.512163783485,7373.7949810268165,9205.4312300502,"1,1,25",1
806,77146773,61.56777300000057,0.00019307990831408776,-0.1125302445034642,-0.0005842441448868361,0.5256361772748268,1445.0,1604.0,1446.0,1605.0,123451.0,1.0,0.4,0.4,0.4,0.4,0.0,0.0,-0.005233714055381062,0.019216156629099305,0.0015221527442956118,-2.7796963165819863,0.1758586630531178,-9.527714393995382,15.927622554104936,24.896495404092697,101133.83142905553,0.989828467559991,-0.01964315692083427,-0.13452264335501235,-0.04192201602377214,nan,nan,nan,1.9934625595406636,-0.16157613645309732,-0.09012099355612674,0.39664203087006294,-0.0150785513729659,0.37592268339030177,7369.585873925732,9198.373387011623,7372.60785019515,9195.31948295874,"1,1,25",1
807,77196773,61.61777300000058,-0.0002904782992929782,-0.11212920511380145,-0.0005575696331002421,0.5252757814285715,1445.2779932137664,1603.2779932137664,1445.7220067862336,1605.0,123451.0,1.0,0.4,0.4,0.4,0.4,0.0,0.0,0.006682224254479419,0.01626647096731235,-0.0017432809805084742,-2.7426698234866826,0.21534724231234867,-9.329438852300243,15.925236724087451,24.896499495425214,101133.8492927863,0.989882551017935,-0.019626600081919535,-0.13413842676926804,-0.04188516320722249,nan,nan,nan,1.9934751000901676,-0.16142161822784415,-0.08952029605283614,0.3970368886503148,-0.014168419894412383,0.37758354129853094,7367.792393066551,9182.798234374925,7369.238736816384,9185.263665039061,"1,1,25",1
808,77246773,61.66777300000058,-0.00048503484166666667,-0.11160846013333332,-7.497187158333334e-05,0.5257162,1447.0,1604.0,1446.0,1604.2274114057732,123451.0,1.0,0.4,0.4,0.4,0.4,0.0,0.0,-0.0008232479077788192,0.012577156475164011,0.0031604713869962512,-2.770925766166823,0.2602827836082474,-9.440427472820994,15.928405207667236,24.896504056340213,101133.81117996275,0.9899285426456311,-0.019468153072330095,-0.13383856364320387,-0.04183046299174757,nan,nan,nan,1.993487758428838,-0.1612652578522198,-0.08886383516911538,0.39734478979942695,-0.013794912730255458,0.3775969105532911,7377.212078710892,9178.27623232428,7371.602570605432,9189.10465551743,"1,1,25",1
809,77296773,61.71777300000058,0.00023274879466010087,-0.11168543267427336,-0.00042501581981743935,0.525435953101129,1445.0,1604.0,1446.2515013211626,1604.2515013211626,123451.0,1.0,0.4,0.4,0.4,0.4,0.0,0.0,-0.006929298855710173,0.025488143755038387,0.007392119509596929,-2.74849067096929,0.2213473268977927,-9.333575342850288,15.891876181415409,24.89650794632425,101134.25665987062,0.989993644049904,-0.0195067676084453,-0.1333564985028791,-0.04181057746641075,nan,nan,nan,1.9935004258735052,-0.16110875506438452,-0.0882030633526836,0.39630475613983646,-0.014181040058581812,0.37649743210126374,7372.198582568296,9181.261608300802,7375.801549377535,9186.199000390652,"1,1,25",1
810,77346773,61.767773000000574,-0.0002889020175614898,-0.11192164054111033,-0.00027803523210822206,0.5257591470836261,1446.0,1604.0,1446.0,1605.0,123451.0,1.0,0.4,0.4,0.4,0.4,0.0,0.0,-0.005092696009360656,0.026191554063934426,0.0027999243931615923,-2.750633185714286,0.16750778745433254,-9.492312680327869,15.91373610934792,24.8965122777414,101133.99870430998,0.9900758684431977,-0.01949648399298738,-0.13276536035063113,-0.04175040230014025,nan,nan,nan,1.9935151308281747,-0.16092632828174772,-0.08835012649047419,0.3959341386583679,-0.014818737349930843,0.3780434339419087,7377.567478808693,9180.227472216997,7375.831880639782,9184.231740966601,"1,1,25",1
811,77396773,61.817773000000585,0.00013539234304452206,-0.1108613511464426,-0.0002823587084133566,0.525732458974247,1446.3551626282472,1603.3551626282472,1447.0,1604.0,123451.0,1.0,0.4,0.4,0.4,0.4,0.0,0.0,0.00034998003716968774,0.010988300512775715,0.0022103797479580693,-2.7678154242847786,0.1993878255426949,-9.354628201790783,15.919060432908227,24.896517519148773,101133.93211347141,0.9901417234248964,-0.019579337945498147,-0.1322664714497493,-0.04173292998364944,nan,nan,nan,1.9935300055201635,-0.1607417418683014,-0.08856448732946691,0.3977257136292522,-0.01444471930792097,0.3776193785132538,7379.945966186604,9181.327321972562,7384.917472216841,9180.278279101607,"1,1,25",1
812,77446773,61.86777300000058,0.00021555623162061241,-0.11077512932337566,4.631160899775953e-05,0.5258055167139657,1447.0,1604.0,1447.0,1603.058999253174,123451.0,1.0,0.4,0.4,0.4,0.4,0.0,0.0,-0.003560535121309435,0.014631197421956683,-0.0018554335701767492,-2.7968503774956437,0.17403651635548917,-9.41479043639532,15.917612611657425,24.89652049156701,101133.95374693302,0.9902026335068493,-0.019541254553424658,-0.13182595687671234,-0.041698293704109594,nan,nan,nan,1.993540765705384,-0.16060852796534383,-0.08878352043031743,0.3953962039026506,-0.015013318935751162,0.37743336344713896,7384.703482885552,9181.510673242248,7386.233570361331,9180.48173569332,"1,1,25",1
813,77496773,61.91777300000058,0.00019237249945104563,-0.11022486207604563,9.605235532153043e-05,0.5262037,1448.0,1604.0,1448.0,1603.0,123451.0,1.0,0.4,0.4,0.4,0.4,0.0,0.0,0.001631507391092896,0.005891381421857924,-0.002332953517486339,-2.766499419672131,0.2195364493442623,-9.520348666666667,15.935239021943575,24.896524349577277,101133.73301652893,0.9902489393648907,-0.019529647940294957,-0.1314793870956232,-0.041700628848239774,nan,nan,nan,1.9935511990999395,-0.16047939427365301,-0.08900292462098411,0.39555431730540686,-0.012854131649413151,0.3782225647124687,7391.906058715991,9184.065477587978,7389.599931274497,9171.169909716615,"1,1,25",1
814,77546773,61.96777300000058,-7.08169619941133e-05,-0.10928232604856512,0.0001349700566298749,0.52610135,1448.7474252084355,1603.0,1448.0,1603.0,123451.0,1.0,0.4,0.4,0.4,0.4,0.0,0.0,0.01141431978627451,-0.0005828383387254902,9.171878016666667e-06,-2.7414474838235297,0.2079365734117647,-9.457604982352942,15.902078216721481,24.896528151174195,101134.12319716116,0.9902745098159509,-0.01934228428834356,-0.13131455558282207,-0.04169897942331288,nan,nan,nan,1.9935453923584465,-0.1605515957909497,-0.09000095634620695,0.3954396835878473,-0.014979064883270037,0.3804440925414751,7400.738236596696,9175.168423583891,7396.052610302768,9171.690205712797,"1,1,25",1
815,77596773,62.01777300000059,-0.0004168501744621514,-0.10915920634661355,-0.00022660937099601593,0.52564406,1448.0,1602.0,1448.0,1603.0,123451.0,1.0,0.4,0.4,0.4,0.4,0.0,0.0,0.004755408092759393,0.013035131304802189,0.0007387554851455585,-2.6459020486688227,0.17937237428464792,-9.306898559840757,15.9173254615429,24.896531997845866,101133.95009693613,0.9903140686704913,-0.01909134815564979,-0.13106807880269394,-0.041651028515340485,nan,nan,nan,1.9935367515125606,-0.16065893108525867,-0.0911318067808252,0.3954116431512567,-0.013198925677343253,0.37952514243444335,7402.492946435418,9161.748773779138,7395.374884033264,9172.214959374944,"1,1,25",1
816,77646773,62.067773000000585,0.00025110086652173916,-0.10841266866666666,2.3530201681159417e-05,0.52544165,1448.0,1602.0,1448.0,1601.1736953083816,123451.0,1.0,0.4,0.4,0.4,0.4,0.0,0.0,0.0020376020944385866,0.009832607791512914,-0.0032668895302583024,-2.615307790774908,0.1895093051502372,-9.29496588455456,15.940564454097592,24.896535907725994,101133.6705975915,0.9903511548507272,-0.01891690840418474,-0.13082844116356213,-0.041602597075784634,nan,nan,nan,1.9935445328661319,-0.1605624182844517,-0.09101591264566021,0.3930297704354588,-0.01272499266874028,0.37909931922239504,7404.919067431508,9158.249977490295,7397.72084428716,9157.581630566394,"1,1,25",1
817,77696773,62.11777300000058,6.704628687101668e-05,-0.10947635114459137,-0.00037599056108389336,0.52591398378062,1448.0,1602.341426403642,1448.0,1603.0,123451.0,1.0,0.4,0.4,0.4,0.4,0.0,0.0,-0.000707559850680685,0.031690773662258837,0.003484727444439627,-2.6751681544548016,0.2604541043832647,-9.336405023845654,15.941113,24.896539688913236,101133.664,0.9904302824166306,-0.018917859479428322,-0.13023485390212214,-0.041580151786054564,nan,nan,nan,1.9935523142197031,-0.16046590548364476,-0.09090001851049521,0.3952142544612245,-0.012851707148571428,0.379838407367347,7398.468633984355,9166.24687792975,7404.514427978543,9163.73010605488,"1,1,25",1
818,77746773,62.16777300000058,-0.000315569552115942,-0.1093616578531401,-0.0001357940819613527,0.5260459821014493,1448.0,1602.8881642512076,1448.1118357487924,1603.0,123451.0,1.0,0.4,0.4,0.4,0.4,0.0,0.0,0.010960070250120715,0.03376560267551908,-0.00042484297201834877,-2.744383474070497,0.298721593853211,-9.457529916586191,15.948150210036562,24.896543550560057,101133.57168543847,0.9905295956439942,-0.01882873860853835,-0.12951839918958033,-0.04149374110709117,nan,nan,nan,1.9935618822675734,-0.1603470286554016,-0.089939687671953,0.39287413183238695,-0.013881567855141544,0.3803210122572222,7400.912345776475,9163.972676562618,7398.25309750959,9171.374084960786,"1,1,25",1
819,77796773,62.21777300000059,-0.0002268578505576047,-0.108469025803862,-0.0003509150475569538,0.52522564,1448.0,1601.0,1448.0,1602.0,123451.0,1.0,0.4,0.4,0.4,0.4,0.0,0.0,0.008099361325966972,0.018759661012603214,0.005964446262820513,-2.6970709645588875,0.206855043287701,-9.378801981095176,15.957964335906155,24.896546532879906,101133.45868480379,0.9906143882429501,-0.018674040551409976,-0.12889854918004337,-0.041468023060737526,nan,nan,nan,1.9935715957674147,-0.16022633120687832,-0.08891061257024976,0.39284084226783583,-0.014103200494619371,0.37979226121163806,7396.21036572262,9156.57685082989,7398.226068359362,9163.207447119017,"1,1,25",1
820,77846773,62.26777300000059,0.00023508375816184973,-0.10756341072254336,0.0004931266413641618,0.5250705,1449.0,1601.0,1448.2613220273656,1600.0,123451.0,1.0,0.4,0.4,0.4,0.4,0.0,0.0,0.003898452049267823,0.013571475904624278,-0.006466776030500963,-2.6418496723121385,0.2581401939537572,-9.270990542581888,15.966054778047596,24.89655025206411,101133.37495871783,0.990665008393992,-0.018648722987098017,-0.12851108432120162,-0.041473876804544584,nan,nan,nan,1.9935731,-0.16020764,-0.08875125,0.39369412977222146,-0.013939728298006345,0.3804752973267983,7402.799809430922,9151.04778636526,7401.498238188283,9143.332748837554,"1,1,25",1
821,77896773,62.317773000000585,-0.0009170426310283601,-0.10768411422811344,-4.647398115906289e-05,0.5258305,1450.0,1601.0,1448.7553637484586,1602.0,123451.0,1.0,0.4,0.4,0.4,0.4,0.0,0.0,0.009341012871763256,0.016202570128729964,-0.0016610427821948212,-2.6564742970406905,0.20538614711467326,-9.469032857706535,15.947117672944419,24.896554091027408,101133.61500976114,0.990703465892813,-0.01847924533366263,-0.12825826870832305,-0.04141350292763645,nan,nan,nan,1.9935731387859732,-0.16020715667534496,-0.08875076668605933,0.3918282172068096,-0.012284090040184952,0.3800923986300967,7417.007613769629,9144.681042236401,7404.64246059557,9155.36759721689,"1,1,25",1
822,77946773,62.36777300000058,0.00010200081332675708,-0.10713892205178792,0.000631101862540074,0.52544904,1450.0,1601.2643649815043,1449.0,1600.0,123451.0,1.0,0.4,0.4,0.4,0.4,0.0,0.0,-0.006132750936251542,0.015617574549691739,0.0006206179409617755,-2.665762108236745,0.1835871830431566,-9.384002222194821,15.968456333549813,24.896557956555455,101133.34999612275,0.9907514813504189,-0.018444509742237557,-0.12786741101034993,-0.041487950578610155,nan,nan,nan,1.9935822009292452,-0.16009423035407447,-0.08863784286814332,0.3930694235462953,-0.012752678680450727,0.38243638795152546,7416.814759618995,9148.836578857394,7407.9623255617025,9140.438495654304,"1,1,25",1
823,77996773,62.417773000000594,0.0006176884278963415,-0.10732534452489838,9.882059120934857e-07,0.5260188,1449.0,1602.0,1450.0,1601.0,123451.0,1.0,0.4,0.4,0.4,0.4,0.0,0.0,-0.006728873065173117,0.018309627010183297,-0.0019220977291242362,-2.589513175254582,0.1649637769348269,-9.448571268839103,15.948274699266268,24.89656182247538,101133.58563189805,0.9908144915521628,-0.018636132952671754,-0.12736255906870228,-0.04145092086819338,nan,nan,nan,1.993591199329667,-0.1599821007253272,-0.0885357854836799,0.3923032745094244,-0.014766669208221138,0.38372203963901047,7412.002661718824,9150.021592431678,7419.031396557668,9149.60326748048,"1,1,25",1
824,78046773,62.46777300000059,8.485463106111643e-05,-0.10670925178055822,0.00015242619244802694,0.527008837603465,1451.0,1602.0,1451.0,1601.7898655139288,123451.0,1.0,0.4,0.4,0.4,0.4,0.0,0.0,0.0016135538385539275,0.024504671607254384,0.0004113661722796062,-2.591674527047802,0.19663570829690127,-9.445205302906558,15.919402134696798,24.89656369075587,101133.92879315485,0.990881216354449,-0.018639532038698545,-0.12687267161449345,-0.04135646755089968,nan,nan,nan,1.9935911030174613,-0.15998364172061755,-0.08998413083998691,0.3933154189518036,-0.01365459051042607,0.38222732327271164,7421.267059082108,9155.774223486449,7430.845046533314,9161.212530761757,"1,1,25",1
825,78096773,62.51777300000059,0.0005620214224663359,-0.10592848560595322,-7.226724942310418e-05,0.5268257531963146,1451.0,1602.0,1452.0,1601.0,123451.0,1.0,0.4,0.4,0.4,0.4,0.0,0.0,-0.0019323686476617856,0.012524863643835616,0.00020962380941898923,-2.5964764428908835,0.18436505938119982,-9.398448941426548,15.919241782630175,24.89656672233969,101133.93024629977,0.9909370011875286,-0.018673634912654745,-0.12643347071068317,-0.04135046323727648,nan,nan,nan,1.9935910067052556,-0.1599851827159079,-0.09143247619629391,0.39017604438403847,-0.015008760435627565,0.3843935143861103,7430.207939502012,9159.823649902313,7437.074323217896,9153.130229540917,"1,1,25",1
826,78146773,62.567773000000585,-0.0005560469342929834,-0.10562110752945904,-0.0004175507449678629,0.5272033,1452.0,1601.0,1452.0,1602.0,123451.0,1.0,0.4,0.4,0.4,0.4,0.0,0.0,0.008162920312265667,0.010863378584359935,0.0031138797925013397,-2.5873057569362614,0.17185373023031603,-9.438233768612747,15.912062393073594,24.896570663203462,101134.0204969697,0.9909894889605158,-0.01855319381332259,-0.1260496205855493,-0.041317220180499596,nan,nan,nan,1.9936043211975787,-0.1598183891748872,-0.09206963978858707,0.39232214337237425,-0.014850339389942712,0.38467734161680456,7441.64481247585,9154.846145654146,7441.01816772466,9155.281851953197,"1,1,25",1
827,78196773,62.6177730000006,-0.0005238351678334497,-0.10509566973638268,0.00016408977545600558,0.5273621771281425,1453.0,1601.0,1452.0,1601.6925091671033,123451.0,1.0,0.4,0.4,0.4,0.4,0.0,0.0,0.006671231461016062,0.005038282001309358,0.00036096851623603344,-2.57041845487081,0.19594186466480445,-9.440211890712291,15.91501097717862,24.89657324850158,101133.98861687684,0.9910270458862527,-0.0182491520760642,-0.12580856288381018,-0.041287199948011166,nan,nan,nan,1.9936186392155701,-0.1596389992211986,-0.09264610294190834,0.39033804918817255,-0.013427397658603943,0.3843278112208361,7452.261252148369,9147.297727148301,7445.422623852689,9156.947000048727,"1,1,25",1
828,78246773,62.667773000000594,-0.00045796029572511615,-0.1057021778576669,-0.0003691331547419907,0.5272836304719981,1452.0,1601.0,1452.0,1602.0,123451.0,1.0,0.4,0.4,0.4,0.4,0.0,0.0,0.01011495019691781,0.015543441920743641,0.005323914999143835,-2.6033587943493153,0.28460989712328766,-9.44646783537182,15.89405408904595,24.896575154092208,101134.23006397363,0.9910809630716557,-0.018084162783321107,-0.12543560568109563,-0.041200145627781855,nan,nan,nan,1.9936264061692321,-0.15954188651474532,-0.09284530822574329,0.3903042701746791,-0.014996439676255031,0.3845258151378446,7447.061243627859,9145.324620117191,7445.720689184717,9155.854923535217,"1,1,25",1
829,78296773,62.71777300000059,7.664656420761537e-06,-0.10514219424377792,-3.154196005913636e-05,0.52721334,1452.0,1601.0,1452.0,1601.0,123451.0,1.0,0.4,0.4,0.4,0.4,0.0,0.0,0.0010603241759999998,0.01409347476,0.002236959312,-2.5668505,0.2191758368,-9.37528552,15.914931851384223,24.896577077956678,101133.98108884513,0.991135575334324,-0.018115188343239226,-0.12501319618127787,-0.04115820325111441,nan,nan,nan,1.9936334851221496,-0.15945341466487936,-0.09300489342922552,0.39167395981832076,-0.01426466198811444,0.3833312586340097,7444.96584731442,9150.880763281157,7452.577279223601,9152.7745122071,"1,1,25",1
830,78346773,62.76777300000059,6.703649788406525e-05,-0.10458687275282308,0.000276775865855458,0.5262154281104141,1452.0,1600.0,1451.1718436873748,1599.1718436873748,123451.0,1.0,0.4,0.4,0.4,0.4,0.0,0.0,-0.0026022755115673512,0.003685700030045067,-0.0028088347313970953,-2.5501140753129694,0.24226412274411618,-9.469711792188283,15.939736359963021,24.896578,101133.69318901429,0.9911812240401506,-0.01812270451442911,-0.12466495005144292,-0.04111060260928482,nan,nan,nan,1.9936527347589919,-0.1592125976620746,-0.09204035653412812,0.39054399060836503,-0.01551596033460076,0.38450917323193917,7444.480818334732,9137.72658505827,7444.655158495971,9137.51940087877,"1,1,25",1
831,78396773,62.8177730000006,-0.0002024923493442623,-0.10369380613934426,-9.304046148540983e-05,0.5247855142622951,1451.0,1597.6941451990633,1451.0,1598.0,123451.0,1.0,0.4,0.4,0.4,0.4,0.0,0.0,0.0009852786456802246,0.01218256774801309,0.0015744877608228145,-2.5180322802010284,0.21301655025245442,-9.536659438522674,15.914312663294798,24.896578,101133.99165462427,0.9912225179503256,-0.01814076262527128,-0.12435579107788763,-0.04104438369520135,nan,nan,nan,1.993673142099588,-0.15895728923409488,-0.0909688905312459,0.3897978337305542,-0.012422856720977597,0.38431225928630236,7431.518056054704,9110.740679931425,7433.828670068255,9117.23187294888,"1,1,25",1
832,78446773,62.8677730000006,3.059558436966713e-05,-0.10431641430567276,-0.00028888810215424286,0.5242961107126114,1450.0,1597.0,1450.162212845757,1598.0,123451.0,1.0,0.4,0.4,0.4,0.4,0.0,0.0,-0.0032078635149011296,0.027783167449858755,-0.001595768434180791,-2.5123313616525427,0.2559454809533898,-9.410756995762712,15.903187293424663,24.896578882211863,101134.12060093248,0.9912668245964992,-0.018138322228461016,-0.12400221628779269,-0.04104297768697431,nan,nan,nan,1.9936862159086153,-0.15879304589605575,-0.08960436518540116,0.3898128044193018,-0.01527463567507978,0.38491450361473745,7423.985078857432,9098.69159028331,7426.567973046748,9109.688787646588,"1,1,25",1
833,78496773,62.917773000000594,0.0008239033119957851,-0.10492451285353004,0.00037474739313804006,0.5239998075616438,1449.0,1599.0,1449.3329820864067,1597.0,123451.0,1.0,0.4,0.4,0.4,0.4,0.0,0.0,-0.015552776818794776,0.0375577307922461,-2.2319406068267798e-05,-2.520026499325748,0.24674971643489255,-9.373271555415085,15.902362985107391,24.896580733074586,101134.13582578459,0.9913600278011794,-0.018237386885004214,-0.12324194583824769,-0.041038144752737996,nan,nan,nan,1.9936987255026266,-0.15863580877196654,-0.08821729292879002,0.38931967688442215,-0.012685150725609178,0.3851509351910496,7413.281668407978,9113.76973222671,7419.414062548853,9109.953101367038,"1,1,25",1
834,78546773,62.96777300000059,0.0003330993539512712,-0.10418506672139831,-0.0002571912245233051,0.5242812,1450.0,1597.0,1451.0,1597.0,123451.0,1.0,0.4,0.4,0.4,0.4,0.0,0.0,-0.0019663166714550756,0.02320530680625497,0.004184926102570898,-2.513112049112112,0.21441537266366287,-9.420864695732838,15.87558117269272,24.896582814540494,101134.45275080402,0.9914397347044792,-0.01838609257884972,-0.12257935714285714,-0.04103082737079247,nan,nan,nan,1.9937057741859932,-0.158547025256488,-0.08635084992910769,0.38949396704496786,-0.014149808975573004,0.386838789454358,7416.722681421127,9105.212984814498,7424.3808966063225,9104.954595898604,"1,1,25",1
835,78596773,63.0177730000006,-0.0005357839540816327,-0.10413856285714286,0.00020418013040816326,0.52476937,1451.0,1598.0,1450.0,1598.0,123451.0,1.0,0.4,0.4,0.4,0.4,0.0,0.0,0.00013264367514278608,0.020983462892972437,0.0021753259575862925,-2.5616454340948596,0.27008713253041966,-9.440555746213063,15.857009349641705,24.89658621926487,101134.66943422247,0.9915084147908366,-0.018284570582918325,-0.12204405915986055,-0.04101252897908367,nan,nan,nan,1.99371233818834,-0.1584643174382515,-0.0844503298502983,0.38871950280430806,-0.01309766353598862,0.38670301223003456,7426.88964101553,9102.908519726536,7423.698955419835,9112.245372949166,"1,1,25",1
836,78646773,63.0677730000006,-1.3040102899211853e-05,-0.10332644455099116,0.0004897737986625269,0.5233785116670647,1450.2142006194902,1596.2142006194902,1449.0,1595.7857993805098,123451.0,1.0,0.4,0.4,0.4,0.4,0.0,0.0,-0.0031630508759914,0.01636817365575729,0.002539814379001433,-2.5545297888676544,0.2338376372288581,-9.34166403332537,15.888495580667486,24.896590625884343,101134.30323900338,0.9915589935155675,-0.018313390509683745,-0.12162274962981122,-0.04102814967246874,nan,nan,nan,1.9937164268756853,-0.15841265129815824,-0.08323082774090731,0.3881616434408975,-0.01384785026530082,0.3870711199263655,7421.22460363767,9091.524916357164,7416.168420312634,9092.890548144547,"1,1,25",1
837,78696773,63.1177730000006,0.00035403271847779625,-0.1025658232400855,2.340767509760152e-05,0.5237182222274994,1450.0,1596.0,1451.0,1595.0,123451.0,1.0,0.4,0.4,0.4,0.4,0.0,0.0,-0.01176391028456057,0.012877037834204276,-0.0008552608371021377,-2.494329119809976,0.18438518364845605,-9.353235021852731,15.903548810134888,24.89659402306015,101134.11820400995,0.991585031648038,-0.018433364221165278,-0.12140309162140309,-0.040996591998573126,nan,nan,nan,1.9937205155630306,-0.15836098515806493,-0.08201132563151635,0.38844924496559247,-0.014898306066444277,0.38706493127265856,7420.6189024658215,9084.980225830104,7426.0767936037055,9089.145371093646,"1,1,25",1
838,78746773,63.167773000000594,0.00010672442276257494,-0.10249795690383112,0.0003701952111076362,0.5235487,1451.0,1596.0,1450.0,1595.0,123451.0,1.0,0.4,0.4,0.4,0.4,0.0,0.0,-0.004311453458587438,0.010529637548866303,0.000858182102892885,-2.5366660682564506,0.1828331913213448,-9.520097551211883,15.882204906324045,24.896599773102142,101134.36624726778,0.9916161276937125,-0.018581566567179755,-0.12112014214714323,-0.041015118361596666,nan,nan,nan,1.9937220449393604,-0.15834226931803147,-0.08094846633857873,0.38551283602222974,-0.013477821942404851,0.38692543359380266,7426.649710693353,9088.259402099422,7426.714922900384,9080.651470068491,"1,1,25",1
839,78796773,63.217773000000605,-0.0002757247543932972,-0.10204502961902415,0.0004370045192163627,0.5235834151971415,1451.572695909315,1595.572695909315,1450.427304090685,1595.0,123451.0,1.0,0.4,0.4,0.4,0.4,0.0,0.0,-0.002221491739886672,0.01157330786794777,-0.0002114395497166792,-2.4788008708548905,0.21346195752648436,-9.322037137965017,15.928919726453826,24.89660546131771,101133.81947785882,0.9916581479034245,-0.018498143270756343,-0.1207945009026854,-0.040995094208918455,nan,nan,nan,1.993723147475193,-0.1583290489110955,-0.07991173184925328,0.38706600131764596,-0.015463070935798495,0.38725634171488094,7433.919485400393,9079.155324365205,7426.791488476666,9083.721982861178,"1,1,25",1
840,78846773,63.2677730000006,0.00023789073559432535,-0.101875276848603,2.8829763710201434e-05,0.5235874,1451.0,1595.0,1451.0,1595.0,123451.0,1.0,0.4,0.4,0.4,0.4,0.0,0.0,-0.012031382269322363,0.01992697213942412,-0.0002986255349014938,-2.4732944216280583,0.17978836365014073,-9.423618959948042,15.89798124320198,24.89661446267128,101134.19017876814,0.9916921653696076,-0.01860710649338825,-0.12051085044331238,-0.04095901563667895,nan,nan,nan,1.9937233,-0.15832722,-0.07976831,0.38692526106293706,-0.014100430623376623,0.38715806899100896,7429.985194775431,9078.772139551042,7430.058223266653,9081.50087285151,"1,1,25",1
841,78896773,63.3177730000006,0.0006280723681089743,-0.10199339936355312,0.0003390013039102564,0.5241704505494506,1451.2399816807877,1596.7600183192123,1452.0,1595.0,123451.0,1.0,0.4,0.4,0.4,0.4,0.0,0.0,-0.003020505476083086,0.008291649461424333,-0.00019050018008902076,-2.56843813768546,0.20816059824925817,-9.418345715133531,15.880572626962142,24.896624087661586,101134.39737015235,0.991741094828767,-0.01883465717808219,-0.12004937744863013,-0.041023783530821915,nan,nan,nan,1.9937233,-0.15832722,-0.07976831,0.3867295440857788,-0.016106968753197892,0.38662809158389766,7431.885757324495,9094.348972713644,7440.748195800865,9079.96099373856,"1,1,25",1
842,78946773,63.3677730000006,-4.516474434900542e-05,-0.10181230826401447,0.0003985148434719711,0.5249293,1453.0,1596.7581395348836,1452.2418604651164,1596.0,123451.0,1.0,0.4,0.4,0.4,0.4,0.0,0.0,0.0019709425483053038,0.016135344733117722,-0.007419307062871927,-2.5185571172315653,0.2816601776093144,-9.321910738421733,15.898362716220376,24.896630820502462,101134.19538492613,0.9917762545463944,-0.018838596728353578,-0.11974481017058672,-0.041064229254846214,nan,nan,nan,1.993723967557252,-0.15831874647328242,-0.07979865492748091,0.38800122026742995,-0.015348351997464732,0.38908934714209775,7448.582788550094,9095.68615766593,7445.055028393497,9089.716392529466,"1,1,25",1
843,78996773,63.41777300000061,-0.0009993375623115579,-0.10059541763819095,-9.460628363316582e-05,0.52518624,1454.0,1595.0,1453.0,1597.0,123451.0,1.0,0.4,0.4,0.4,0.4,0.0,0.0,0.010683928592464679,-0.001027033953029827,0.004768546345180534,-2.4365301429827317,0.16327417554160126,-9.35001901821036,15.930936997763014,24.89664221380979,101133.7788269744,0.99180137173258,-0.018511270145951036,-0.11960521947269304,-0.041012493678907726,nan,nan,nan,1.9937246922649532,-0.15830954751686152,-0.07983159772388636,0.38564526287489925,-0.01613269234170449,0.3865803375675561,7466.477672754076,9082.978771386666,7453.486696875209,9094.944748388705,"1,1,25",1
844,79046773,63.467773000000605,0.00014376858170478662,-0.09963609299457675,-0.0003820159724946946,0.52555966,1454.0,1595.0,1455.0,1596.0,123451.0,1.0,0.4,0.4,0.4,0.4,0.0,0.0,-0.0009503133642418517,0.0015999558939300898,-0.0017641950017005205,-2.501524235285782,0.23026268669815775,-9.469396747283893,15.874875481544992,24.896650944597077,101134.460600072,0.9918076978455191,-0.018489609435250975,-0.1195698142699977,-0.04097196812972725,nan,nan,nan,1.9937218289614869,-0.1583455263975498,-0.07990301522199535,0.3868004471299273,-0.014991644456056184,0.38778977353973987,7471.205027392677,9084.81426025402,7472.012560473754,9085.321745312292,"1,1,25",1
845,79096773,63.5177730000006,0.0005995708033621518,-0.10001355233909702,-0.00021809666393852065,0.5257009173871278,1454.0,1596.0,1455.0,1596.0,123451.0,1.0,0.4,0.4,0.4,0.4,0.0,0.0,-0.0043782807353283625,0.011976460456579264,-0.0014128032406543179,-2.4081809292518646,0.19724541990377675,-9.530458853019004,15.91047635041977,24.896662360884477,101134.03263874108,0.9918198121973408,-0.018678479390482856,-0.11944475016095171,-0.0409583922113366,nan,nan,nan,1.9937183391236861,-0.1583893941795756,-0.07998115112773849,0.3862817303426105,-0.01522641631383481,0.38900562436715974,7471.28474226083,9087.826699511796,7476.157548437309,9083.92679838863,"1,1,25",1
846,79146773,63.5677730000006,-1.3577610166948484e-05,-0.09988233817377733,0.00017081809161550467,0.5262970470707596,1455.0,1597.0,1455.0,1596.0,123451.0,1.0,0.4,0.4,0.4,0.4,0.0,0.0,-0.0007099975890866509,0.014573302385376009,0.0015351501937548792,-2.5162014358053604,0.21514343539942754,-9.33982426671871,15.965349975336109,24.896673086112656,101133.36353272857,0.9918700871648409,-0.018621308858894108,-0.11904980115545122,-0.040917577026343244,nan,nan,nan,1.9937281736504295,-0.15826558914005753,-0.08117893237218567,0.3856051727167572,-0.013897410248242509,0.38877126592760636,7474.378004614489,9095.923762304914,7477.264894555676,9092.641483447216,"1,1,25",1
847,79196773,63.61777300000061,-0.00083905910020183,-0.09956141824919268,-0.0003440399332212056,0.5263869915365985,1456.0,1595.0,1455.0,1597.0,123451.0,1.0,0.4,0.4,0.4,0.4,0.0,0.0,0.010424152049636804,0.010564909990960452,0.0011566744225181597,-2.481970554237288,0.16931802284907183,-9.500644134786118,15.890921873838995,24.89668414166589,101134.26539019079,0.9919178776811204,-0.018450282785348774,-0.11867406194182602,-0.04092679943738217,nan,nan,nan,1.9937389883221666,-0.15812945002816844,-0.0824590751258526,0.3856521684676627,-0.014924497119225477,0.3881332005509141,7488.7334459339645,9090.024288396484,7479.7363938877015,9095.946516157619,"1,1,25",1
848,79246773,63.66777300000061,-0.0002937851368939394,-0.09938877093939394,-0.00015551843159090909,0.52717847,1456.634595959596,1596.634595959596,1456.365404040404,1597.0,123451.0,1.0,0.4,0.4,0.4,0.4,0.0,0.0,0.003769309596363636,0.014514116553598485,0.004505673520656566,-2.3767166541161617,0.2779540803320707,-9.480053303535355,15.904803662383063,24.896693539206687,101134.10936449036,0.9919593420879121,-0.018264495670329672,-0.11836926263736264,-0.04088954010989011,nan,nan,nan,1.9937379869546168,-0.15814230120633463,-0.08466200546435709,0.3855304749881047,-0.015132276264869153,0.38883041194290247,7492.39853969732,9092.609428271579,7487.996662719968,9098.632172265781,"1,1,25",1
849,79296773,63.717773000000605,0.0007101917582417583,-0.09879592052947053,-0.00033181313732267735,0.5278695003796204,1457.0,1597.0,1458.0,1597.0,123451.0,1.0,0.4,0.4,0.4,0.4,0.0,0.0,-0.005154133263236763,0.010888415446053946,0.0031139366112887114,-2.4823874277722275,0.2677010137362637,-9.569600431068931,15.894046532875139,24.896704411051186,101134.23139600086,0.992004123253493,-0.018351873636726548,-0.11799805912275449,-0.04083657800399201,nan,nan,nan,1.993736989286813,-0.15815504409320194,-0.0868895050665262,0.38527357868127726,-0.013110196057241032,0.388701774928763,7499.8862802735475,9103.57425799565,7508.063552093627,9100.532852294957,"1,1,25",1
850,79346773,63.7677730000006,-0.00018775885204781596,-0.09784597473507367,0.000312070412520031,0.5274459464926338,1458.0,1596.1885033661315,1457.0,1596.0,123451.0,1.0,0.4,0.4,0.4,0.4,0.0,0.0,0.004032681477440291,0.015953415642523363,0.003555914920768433,-2.401049395482866,0.2444321298650052,-9.497239327102804,15.898826175347155,24.896713995903372,101134.17346078393,0.992033594515402,-0.018389347879288757,-0.11773305792386676,-0.04086883607638367,nan,nan,nan,1.9937451943385143,-0.158050951823666,-0.08871956725708852,0.3845012481242128,-0.013729347232486429,0.3901649609520087,7507.533308520571,9099.130479394546,7508.698991626041,9094.788121924059,"1,1,25",1
851,79396773,63.817773000000614,-0.00031628926022916665,-0.09817714745833334,0.00017246903252083332,0.5278778114583333,1458.0,1597.0,1457.258873169521,1597.0,123451.0,1.0,0.4,0.4,0.4,0.4,0.0,0.0,0.0012420520496531217,0.01661310568235877,0.000915563185629336,-2.3864163242814667,0.14415780205153617,-9.541549183845392,15.911399000537404,24.896722847843222,101134.02386070507,0.9920902098610767,-0.018218304369139172,-0.11728875904639048,-0.040847875336641026,nan,nan,nan,1.9937533993902155,-0.15794685955413004,-0.09054962944765083,0.38402961978206784,-0.014644312666882276,0.3895612070096527,7513.406915942261,9101.204714306656,7509.860529956159,9101.618040625002,"1,1,25",1
852,79446773,63.86777300000061,7.703562343922518e-05,-0.09765657894237288,0.0008019846256658596,0.5272395,1458.0,1597.0,1457.0,1595.0,123451.0,1.0,0.4,0.4,0.4,0.4,0.0,0.0,0.0029959629814814816,0.01223149247385621,-0.00044285788827886675,-2.4084268209150324,0.22039610601307189,-9.49228302832244,15.86361865737422,24.896730560467276,101134.58724488442,0.9921403642611765,-0.01809805281270588,-0.11687056108235294,-0.04088151951152941,nan,nan,nan,1.993746653616758,-0.15803199256793202,-0.0927704959014587,0.38453721450314254,-0.013099559419653474,0.3917693883777816,7514.549272290136,9100.089386083859,7505.662834960873,9089.471466211075,"1,1,25",1
853,79496773,63.91777300000061,-0.0005848337455184028,-0.09740014584075053,0.0007051159132282896,0.5275798197065191,1459.0,1596.0,1457.0,1596.0,123451.0,1.0,0.4,0.4,0.4,0.4,0.0,0.0,0.005857865180471381,0.016814364494468496,-0.004886165558537758,-2.4605801077441076,0.22584901058682058,-9.35352821981722,15.844196147836303,24.896737773644016,101134.8133906403,0.9922043598078308,-0.017846008880614942,-0.11634861387220755,-0.04092822875210185,nan,nan,nan,1.9937387270055775,-0.15813207086738393,-0.09502222863932953,0.3824765587101737,-0.014279082075980148,0.391266625907196,7520.76806250009,9092.644284375005,7500.250460766686,9093.370949560527,"1,1,25",1
854,79546773,63.967773000000605,-0.0001835976842565101,-0.0976498505237284,0.00047396462773424187,0.5280187390484302,1459.0,1597.0,1458.0,1596.0,123451.0,1.0,0.4,0.4,0.4,0.4,0.0,0.0,-0.0036884978614897756,0.013166318962999026,-0.0041063551423563775,-2.3857839267770204,0.19963846004868552,-9.55464840701071,15.909338140000385,24.896745547883715,101134.03526341342,0.99226933542377,-0.01775476188650755,-0.11579329164150023,-0.0409685242084754,nan,nan,nan,1.9937170760856786,-0.1584046713110646,-0.09658177451096765,0.38399291487563203,-0.015285452648426031,0.3904627617154624,7517.986248596206,9101.00920666492,7510.558124939259,9098.376019734678,"1,1,25",1
855,79596773,64.01777300000062,0.0004867673484381139,-0.09674468564587427,0.0005202356925736739,0.5283210116060904,1459.8209724950884,1597.0,1459.1790275049116,1595.1790275049116,123451.0,1.0,0.4,0.4,0.4,0.4,0.0,0.0,-0.01092384345802651,0.00863576869359352,0.0018501077479381443,-2.377748195066274,0.22625437824005892,-9.58708971539028,15.913631951314217,24.89675197067279,101133.98566532257,0.9923018977876106,-0.017892106039823007,-0.11549261256637168,-0.04096717094247788,nan,nan,nan,1.993693150420246,-0.15870586656305755,-0.09802659336686709,0.38261024325471904,-0.01413490624731413,0.39055656821298634,7520.414135454803,9098.729387006062,7527.818305061091,9091.314759823024,"1,1,25",1
856,79646773,64.06777300000061,-0.0002155175439778662,-0.09647023724222831,-4.126620425143001e-05,0.52865845,1460.0,1596.3796791443851,1460.0,1596.6203208556149,123451.0,1.0,0.4,0.4,0.4,0.4,0.0,0.0,-0.0022388716674369485,0.00491757985178283,-0.004797009339110449,-2.3737028343148214,0.2029340521369114,-9.499686740340415,15.857393820530318,24.89675671037239,101134.67078670306,0.9923237474909904,-0.017963592384366844,-0.11530457710575369,-0.04093596150553001,nan,nan,nan,1.9937043714465057,-0.15856481456046662,-0.10026955463245875,0.3833627625695804,-0.014205627802961954,0.39152038420971996,7529.254345459098,9097.741338329863,7534.351090649359,9094.49197016612,"1,1,25",1
857,79696773,64.11777300000061,-0.0008687408429284525,-0.09630028928785357,0.0001655408254276206,0.5294584218968387,1461.7546362339515,1597.0,1460.0,1597.2453637660485,123451.0,1.0,0.4,0.4,0.4,0.4,0.0,0.0,0.007929004496077965,0.013359419919420015,0.0015385595997456619,-2.381503769455669,0.22341757062039458,-9.640481090801046,15.850520451698703,24.896761607241732,101134.76535931815,0.9923509330718021,-0.01777012212077984,-0.11512293263813599,-0.04087249908202568,nan,nan,nan,1.993718711929157,-0.15838451075468601,-0.10258335529492144,0.3817811018416603,-0.014370305247189111,0.3909402695101023,7545.727871142651,9089.088527832117,7538.335143872243,9104.646566406433,"1,1,25",1
858,79746773,64.16777300000061,0.0002992339481581161,-0.0961463220713685,0.00010176811906043494,0.5290443930373663,1460.7016342225427,1597.0,1461.0,1596.0,123451.0,1.0,0.4,0.4,0.4,0.4,0.0,0.0,-0.011112532706772335,0.014958360914385207,0.0036528753204851105,-2.4050879804755043,0.27269786468539864,-9.649788593539865,15.867682198221205,24.896766227897146,101134.54837442761,0.9923875862095005,-0.017793644901583434,-0.11481884768550549,-0.04082859967588307,nan,nan,nan,1.993731839915879,-0.15821913059238746,-0.1044759962703015,0.38240004859276966,-0.014082225788168508,0.39209642068718253,7544.367014330864,9096.45864448247,7543.853023266545,9096.136220214672,"1,1,25",1
859,79796773,64.21777300000062,0.00037757442247261347,-0.09542740391236307,-0.0008938272913928012,0.5289841486697966,1460.0,1595.0,1462.0,1596.6609903652252,123451.0,1.0,0.4,0.4,0.4,0.4,0.0,0.0,-0.007350932239203401,0.010649317899530096,0.007878696073506377,-2.3808011523830834,0.2360056273618259,-9.504029705750728,15.915787097900584,24.896769287242,101133.97042776115,0.9924283517925163,-0.018009636962581222,-0.1144527895944432,-0.0407707721017253,nan,nan,nan,1.9937447495898055,-0.15805643746782994,-0.10629280643562862,0.38275392529518015,-0.01566507486500618,0.39228995773362485,7535.148756766353,9090.892374209356,7544.926460681948,9090.549779436427,"1,1,25",1
860,79846773,64.26777300000062,-0.0005267549444894895,-0.09606277916666667,-0.0006045188147897897,0.5284221,1460.0,1595.0,1460.0,1597.0,123451.0,1.0,0.4,0.4,0.4,0.4,0.0,0.0,-0.0010492091986713456,0.019056356449736776,0.0062458668898220104,-2.345132517999499,0.18608551602406617,-9.551007486588118,15.878111473076341,24.896770522909723,101134.42099666767,0.992476518271543,-0.017970536062124245,-0.11405988811873748,-0.04071664681863728,nan,nan,nan,1.9937587165072492,-0.15787995063208402,-0.10729338947933471,0.3814066561752524,-0.014755525171887135,0.3938755350970748,7537.712236303811,9084.406617773326,7538.721117577897,9092.772306591592,"1,1,25",1
861,79896773,64.31777300000061,0.00039322068102570377,-0.09587834846903305,-8.262506894212974e-05,0.5277773,1459.0,1595.0,1460.0,1595.0,123451.0,1.0,0.4,0.4,0.4,0.4,0.0,0.0,-0.0033931755618115057,0.0232260388249694,-0.0003655282642105263,-2.438355306731946,0.2299113977111383,-9.662306114443085,15.831669529394258,24.896772,101134.98059413504,0.9925246205466238,-0.017904272932228543,-0.11364575633687855,-0.04073002634701954,nan,nan,nan,1.9937727469332511,-0.15770262699952797,-0.10821966968032021,0.3816525897651357,-0.013426954926235211,0.3931027247573069,7532.8949008787895,9080.10535102542,7534.045545874052,9078.836619677577,"1,1,25",1
862,79946773,64.36777300000061,6.935072094808126e-05,-0.09481203923024831,-0.0004688843811060948,0.5277301451241535,1460.0,1594.0,1461.0,1594.3115827500565,123451.0,1.0,0.4,0.4,0.4,0.4,0.0,0.0,-0.0027708189472034285,0.010480265041271988,0.0018697071008119078,-2.2728394528416778,0.20254779088858815,-9.557074946549392,15.87950826516397,24.896772,101134.39725033149,0.9925701365826205,-0.017958670124943718,-0.11326581439149032,-0.04065669038226025,nan,nan,nan,1.9937825246939032,-0.15757908523452177,-0.10718939474703054,0.3832777939918551,-0.0145973456154923,0.3941665176816697,7531.255798828189,9068.499494433405,7542.116538745244,9075.63851235338,"1,1,25",1
863,79996773,64.41777300000062,1.12231670099975e-05,-0.09473664593851537,0.000949678523544114,0.5277165096275931,1461.0,1595.0,1459.0,1593.0,123451.0,1.0,0.4,0.4,0.4,0.4,0.0,0.0,0.00023612032743628168,0.01918533915042479,-0.004573108312143928,-2.3486355308345828,0.25155464178910547,-9.462915602198901,15.900059450472014,24.896772,101134.17380656033,0.9926119334456929,-0.017903358289637954,-0.11289913111610488,-0.04068173153483146,nan,nan,nan,1.993792302454555,-0.15745554346951554,-0.10615911981374089,0.381091282109437,-0.016013855646312452,0.3931088915463917,7535.825810174557,9071.224753534276,7531.926274506998,9072.160134300651,"1,1,25",1
864,80046773,64.46777300000062,-0.0005511929958937197,-0.09525648646135265,-0.0005659925741545894,0.52745223,1459.0,1593.0,1460.0,1595.0,123451.0,1.0,0.4,0.4,0.4,0.4,0.0,0.0,0.0010080392024691357,0.018805898555555554,0.005572779598765433,-2.325387459259259,0.20978602086419754,-9.526154185185186,15.91519589727263,24.896772,101133.97441614489,0.9926817464181307,-0.017936013789459568,-0.11230535376558938,-0.0406058799326807,nan,nan,nan,1.993793,-0.15744673,-0.10608562,0.38013535321979464,-0.015200568561002409,0.39345529589866035,7526.616187524359,9064.911488769285,7531.264506762784,9075.954172998092,"1,1,25",1
865,80096773,64.51777300000062,-0.0005953784070731137,-0.09489091792151366,-0.0008912790126839523,0.5271747,1459.0,1592.4393178367013,1460.0,1595.0,123451.0,1.0,0.4,0.4,0.4,0.4,0.0,0.0,-0.0006433256978906799,0.005971581990049054,0.008806977094604065,-2.28377428269096,0.19550410881569727,-9.463265427470217,15.929217440305635,24.896772,101133.81965297676,0.9927319738364633,-0.017954145609005018,-0.11185986372331738,-0.040600717268167504,nan,nan,nan,1.993793,-0.15744673,-0.10608562,0.3786518265858514,-0.015112060544045503,0.39574779318876646,7531.777687451161,9060.928346191033,7529.83889917017,9068.372195605461,"1,1,25",1
866,80146773,64.56777300000061,0.0002512621314610222,-0.09384131925658235,-0.0007909880391120289,0.52657413,1459.0,1592.0,1461.0,1593.0,123451.0,1.0,0.4,0.4,0.4,0.4,0.0,0.0,-0.006213481648167269,0.004208213444037171,0.008542438465952503,-2.2936056129581828,0.20970601055498192,-9.48607213706763,15.884088714829488,24.896772,101134.35443000853,0.992742517852349,-0.018098356718120805,-0.1117564212080537,-0.04056239144295302,nan,nan,nan,1.993805188776179,-0.15729209352636303,-0.10514375876811229,0.38129905589386914,-0.015179870908294693,0.39541016039155075,7528.6343125000785,9048.6767751464,7539.221501464992,9055.093688281071,"1,1,25",1
867,80196773,64.61777300000062,0.00023076515435005118,-0.09385256431422723,-0.00019015105163766631,0.5271441490890482,1460.0,1593.0,1461.0,1593.0,123451.0,1.0,0.4,0.4,0.4,0.4,0.0,0.0,-0.008712326605020491,0.012106025946721312,0.006065144491198771,-2.3146576473360656,0.1404074924487705,-9.490071667008197,15.868634799474984,24.896772,101134.5500556361,0.9927613984053156,-0.0182701472862254,-0.11158358727063633,-0.04049771727932532,nan,nan,nan,1.9938185492674418,-0.15712259174664475,-0.10411135579552902,0.37946313682766336,-0.01491240669769042,0.39639814788955313,7530.537136303851,9054.156523095928,7545.790425292989,9054.378694580128,"1,1,25",1
868,80246773,64.66777300000062,0.0001154573236613783,-0.0945222642687159,1.661181919286069e-05,0.5274379,1460.0,1594.0,1460.0,1594.0,123451.0,1.0,0.4,0.4,0.4,0.4,0.0,0.0,0.0010132066031631136,0.01630643420872583,-0.0014023466548339124,-2.247333088398612,0.18737678223599405,-9.675093275904809,15.892699832606686,24.896772,101134.2554855331,0.9928017245661874,-0.018274542099157163,-0.11122473896380763,-0.040495333030738725,nan,nan,nan,1.9938400662341826,-0.15684934347887508,-0.10359223831723958,0.3802997673209706,-0.014015023910830537,0.3946579041033734,7536.810668847559,9064.836278076113,7537.895447827141,9060.310413671896,"1,1,25",1
869,80296773,64.71777300000062,-0.0007072283673014399,-0.09371321955643289,-0.00034342934273107293,0.5275234032605667,1461.0,1592.3867902665122,1460.6132097334878,1594.0,123451.0,1.0,0.4,0.4,0.4,0.4,0.0,0.0,0.010411911276294403,0.01648838652937079,0.00011866295820756956,-2.3560781043649874,0.26147176802646854,-9.624732450893895,15.896763695713101,24.896772,101134.19176676667,0.9928506084483922,-0.018110405290757813,-0.11083594808185293,-0.04043597589745896,nan,nan,nan,1.9938622080822754,-0.1565681470175632,-0.10311244450693811,0.37915219093297325,-0.015723979018561256,0.3950712225367051,7542.062087353652,9055.891807031192,7540.86222802722,9064.756261474691,"1,1,25",1
870,80346773,64.76777300000062,-0.00035483336120020693,-0.09259618885411278,0.00020882496363424735,0.527145,1462.0,1592.0,1461.0,1592.0931195033627,123451.0,1.0,0.4,0.4,0.4,0.4,0.0,0.0,0.00024293111081423024,0.0036299224045795602,-0.0018964397885381638,-2.240956992160414,0.17500065510737386,-9.607980893143596,15.868449072507437,24.896772,101134.53625218308,0.9928707923566052,-0.01791132422086686,-0.11069508538541396,-0.04041627848144303,nan,nan,nan,1.9938677456301421,-0.1564979316408775,-0.10181949498019811,0.37922715260755574,-0.014038621832552542,0.3954743243348949,7552.25722512199,9043.68392685529,7543.386889648423,9053.220410790564,"1,1,25",1
871,80396773,64.81777300000063,0.00023977788308215725,-0.09198201838079637,2.967584199747984e-05,0.5269928641683468,1461.0,1592.0,1461.8508440413202,1591.1491559586798,123451.0,1.0,0.4,0.4,0.4,0.4,0.0,0.0,-0.000728211950234375,0.00800081024873992,-0.0005697279525924899,-2.3003068047883066,0.24022228829133063,-9.43687668939012,15.872193136694337,24.896772,101134.48424455294,0.9928715662207184,-0.01797169853748048,-0.11067613004372723,-0.04042114916918271,nan,nan,nan,1.9938720835492758,-0.15644295924148385,-0.10046779651801428,0.3795955243329047,-0.01482331453771117,0.394744500835809,7549.95215625012,9039.481068080511,7550.152443661653,9035.559122860786,"1,1,25",1
872,80446773,64.86777300000062,-0.0006430483000897532,-0.09257019797307404,0.00017482130137372228,0.52738583,1462.0,1592.0,1461.0,1593.0,123451.0,1.0,0.4,0.4,0.4,0.4,0.0,0.0,0.0039249398143106455,0.014047681219645973,-0.004195426863375717,-2.268230963101471,0.237910235771628,-9.468623460982299,15.856794904466549,24.896772,101134.66846973654,0.992897871675,-0.0179814939785,-0.11040151132249999,-0.040522822635,nan,nan,nan,1.9938563328639924,-0.15664294693393208,-0.09961328934844876,0.3800385089797709,-0.014266149636071168,0.39578661609797705,7560.228048688621,9044.486064220611,7545.359084565721,9046.741627185991,"1,1,25",1
873,80496773,64.91777300000062,0.00014929875680009763,-0.09333789367097876,0.000472180164749817,0.5275083,1461.724205378973,1593.724205378973,1461.0,1592.275794621027,123451.0,1.0,0.4,0.4,0.4,0.4,0.0,0.0,-0.006434381584919473,0.02880397054807223,0.0022726028285505124,-2.2656100487554904,0.18808171750610053,-9.595747448023426,15.862512683777915,24.896772,101134.61241276364,0.9929627443575966,-0.01808680541304348,-0.10978499552369321,-0.04056107245896434,nan,nan,nan,1.993836607963404,-0.1568933744816443,-0.09885714367795952,0.3764447364053919,-0.01419544879805292,0.3968820260968547,7547.643271996893,9052.04999741222,7548.469142187585,9049.832768945476,"1,1,25",1
874,80546773,64.96777300000062,-3.557458490505123e-05,-0.09216478024646169,-0.0002799323015519766,0.5267181924841386,1461.0,1591.0,1461.0,1592.0,123451.0,1.0,0.4,0.4,0.4,0.4,0.0,0.0,-0.009068720682593855,0.013781702375426622,0.0007634374100682594,-2.2954060177474402,0.24588856969283276,-9.514508633105802,15.870855327238116,24.89677082052761,101134.52358944777,0.993022233448865,-0.018179661946302172,-0.10921697682450573,-0.040597047840126924,nan,nan,nan,1.9938312263486355,-0.15696221542733235,-0.09865750665644171,0.3785530967503126,-0.01592880289203835,0.395408520506461,7546.79541015625,9056.3701171875,7544.66845703125,9047.66796875,"1,1,25",1
875,80596773,65.01777300000063,2.6633488321799308e-05,-0.09185631396539792,-0.0001353054114878893,0.526827265882353,1461.0,1591.0,1461.3383977900553,1591.0,123451.0,1.0,0.4,0.4,0.4,0.4,0.0,0.0,-0.0006363423286966552,0.007468444792387544,0.00048674949753633215,-2.257747362399077,0.2185352517647059,-9.483292724336794,15.863947269919075,24.89677,101134.6083200123,0.9930612972549019,-0.018161568813379467,-0.10887361631326413,-0.04056957846920416,nan,nan,nan,1.993826947255611,-0.15701709840135009,-0.09850064664528722,0.37599238985164696,-0.016019115697343055,0.397489997519068,7550.458283911219,9034.109972314423,7549.806004590067,9036.240204003887,"1,1,25",1
876,80646773,65.06777300000063,0.00046470763708141325,-0.09143972575576037,-0.00031264439178187403,0.5272291896850998,1461.0,1591.0,1463.0,1591.0,123451.0,1.0,0.4,0.4,0.4,0.4,0.0,0.0,-0.003058648440849757,0.009009936521371897,-0.00253152819416432,-2.2434207932940873,0.2518378658510366,-9.45341111313028,15.880859511595709,24.89677,101134.40580685358,0.9930860348273216,-0.01824617506779227,-0.10864275866206191,-0.04054599809311845,nan,nan,nan,1.9938263,-0.1570254,-0.09847692,0.37623241435922333,-0.015470415046359223,0.39814082125970873,7552.867687151334,9038.817286784077,7561.295118582516,9034.216627557707,"1,1,25",1
877,80696773,65.11777300000062,-0.00047849337898370615,-0.09177761745650373,-0.0007399287205219552,0.5275926314609224,1462.0,1591.0,1463.0,1593.0,123451.0,1.0,0.4,0.4,0.4,0.4,0.0,0.0,0.0030972678996686914,0.01479113374765323,0.007476041091882937,-2.24767203478741,0.2237397563279956,-9.656192548315847,15.91383658383478,24.89677093536569,101133.99631100397,0.9931261696379216,-0.018255679108347155,-0.10828565722636815,-0.040515154133775565,nan,nan,nan,1.993825814168367,-0.15703150056529672,-0.098367799319487,0.3765706440502043,-0.015633485213294565,0.39813235736869224,7557.427451799679,9042.516800734626,7563.530702915755,9044.54844749832,"1,1,25",1
878,80746773,65.16777300000062,-0.00041141969896523064,-0.09152129180080344,0.00021798578936417786,0.52742034,1463.0,1592.0,1462.0,1591.9419587200443,123451.0,1.0,0.4,0.4,0.4,0.4,0.0,0.0,0.009851925320775624,0.008868170940720222,0.0006528696006648199,-2.186790637783934,0.28658532543490306,-9.545632868144043,15.902195614575508,24.896772,101134.12301277235,0.9931603530160487,-0.018069156686496956,-0.10800085593262314,-0.04052058102282789,nan,nan,nan,1.9938190288103605,-0.15711670399122846,-0.09684376746874691,0.37631953444384897,-0.0160165740846285,0.39854332960730815,7566.569529483148,9037.959234886588,7558.652508207734,9040.562663783365,"1,1,25",1
879,80796773,65.21777300000063,-0.00021071522278790186,-0.09016646576080932,0.0001344066886744734,0.5268206016213969,1463.0,1590.0358974358974,1462.0,1590.0,123451.0,1.0,0.4,0.4,0.4,0.4,0.0,0.0,-0.001492018969322433,0.008335207348953858,-0.009028392456145213,-2.2543359663987808,0.19269720879589858,-9.634226581127892,15.885428292365562,24.896772,101134.3345376732,0.9931692628915997,-0.017956914313834213,-0.10791008365123372,-0.04059283210451899,nan,nan,nan,1.9938122434523542,-0.1572019074171602,-0.09531973561800682,0.3761655958009925,-0.016657898125291597,0.39944701504220215,7571.925127563388,9032.13551054679,7557.269933959981,9026.160919091655,"1,1,25",1
880,80846773,65.26777300000063,2.0081168095119583e-07,-0.09065280325291059,-0.00044384302863512506,0.52707976,1462.0,1590.0,1463.0,1591.0,123451.0,1.0,0.4,0.4,0.4,0.4,0.0,0.0,0.001053687949367873,0.009397474823252355,0.0036743723409023298,-2.1774589018591968,0.2661261848066435,-9.369189751115519,15.9046945190907,24.896772,101134.10898972629,0.9931861196428572,-0.017958631446428574,-0.10777232379464285,-0.04054670758928572,nan,nan,nan,1.9938112,-0.15721501,-0.09508537,0.3760824229685761,-0.017056612010360475,0.39729532378414245,7561.976248803977,9024.83937866234,7567.481651782265,9027.94662880859,"1,1,25",1
881,80896773,65.31777300000063,-0.00020392087414393764,-0.09005827713958287,-0.00021735421062113225,0.5277463103598441,1463.678505957837,1590.321494042163,1464.0,1591.678505957837,123451.0,1.0,0.4,0.4,0.4,0.4,0.0,0.0,-0.0038736135359761685,0.008957607441796515,-0.0009959976566819432,-2.190120976168653,0.18045074254353805,-9.625704721814849,15.895318539526228,24.896772,101134.21647008878,0.9932028278704798,-0.017928082860316708,-0.10761123327865753,-0.040577906904987,nan,nan,nan,1.9938112,-0.15721501,-0.09508537,0.3760212268471322,-0.014809972425001237,0.3975594895432276,7573.280496801693,9032.927996045028,7572.698285669139,9028.86683598622,"1,1,25",1
882,80946773,65.36777300000062,0.0005060609939449541,-0.08998941819571867,0.0002039619947706422,0.5277890163914373,1463.1062962018864,1591.1062962018864,1464.0,1590.0,123451.0,1.0,0.4,0.4,0.4,0.4,0.0,0.0,-0.001805499852433121,0.01180182982955414,0.0017462347689936302,-2.2604442784713377,0.18659208619363057,-9.496003711592357,15.905646277845992,24.896772,101134.08322136468,0.9932287531305903,-0.017972079661896245,-0.10737041186046511,-0.04056320164579607,nan,nan,nan,1.9938109758814033,-0.15721862727415098,-0.09489916151215645,0.37534880556288086,-0.014947784934422136,0.3987354662261512,7574.322969610303,9032.554945498474,7583.167676129927,9025.703854492333,"1,1,25",1
883,80996773,65.41777300000064,-0.000613629374072893,-0.08960401933940774,-5.930959824145786e-05,0.5280356277084283,1464.3363698474152,1590.0,1464.0,1591.0,123451.0,1.0,0.4,0.4,0.4,0.4,0.0,0.0,0.0098428368229927,0.0072881005931797445,0.0013942762306500913,-2.238114108941606,0.2983955627395073,-9.582345693430657,15.880315236277541,24.896772,101134.39149932355,0.9932702949121606,-0.01771841613689254,-0.10704567802235912,-0.04051530641638147,nan,nan,nan,1.993810734202411,-0.1572225279730866,-0.09469836300476592,0.37624606404796723,-0.013797271059081604,0.3974623912957005,7587.069667731407,9029.70179410368,7579.875149414101,9033.587506413736,"1,1,25",1
884,81046773,65.46777300000063,-0.00043904982755791234,-0.08994893820680994,-0.00017931343333631037,0.5288883,1465.0,1591.6171875,1465.0,1592.6171875,123451.0,1.0,0.4,0.4,0.4,0.4,0.0,0.0,0.006206702638431482,0.020232483881942508,0.006043586467038795,-2.131423699804633,0.19728391537817472,-9.632083038794306,15.9079453998003,24.896772,101134.08101447827,0.9933137229178312,-0.017471752766349914,-0.10670439571827836,-0.04045830483174958,nan,nan,nan,1.9938179266920197,-0.15713087166082357,-0.09485055548695705,0.37423237886447513,-0.016364794684962665,0.3998718349454983,7593.514922607364,9031.237476074255,7587.654101501634,9043.914857666185,"1,1,25",1
885,81096773,65.51777300000063,0.0005177625750942921,-0.08967683853608248,-5.154882690922806e-05,0.5290469,1465.0,1592.0,1466.0,1591.8320764203118,123451.0,1.0,0.4,0.4,0.4,0.4,0.0,0.0,-0.009881030618028665,0.017197833541362836,0.0018193898450842346,-2.1829031686195624,0.18148334087503143,-9.58987686069902,15.939187294180648,24.896772,101133.68284501566,0.9933585416771594,-0.01743355312943843,-0.10630291438932259,-0.04043055824603375,nan,nan,nan,1.993826344700616,-0.1570234628229049,-0.09506093835779508,0.37502548593253104,-0.015748408055966362,0.3991145163201392,7596.829729003765,9039.909516314478,7592.369431726846,9040.79417112808,"1,1,25",1
886,81146773,65.56777300000063,0.0006593150927312776,-0.08962496901321586,0.0002273170977092511,0.5298026037004405,1466.0,1593.3669321039397,1466.0,1592.0,123451.0,1.0,0.4,0.4,0.4,0.4,0.0,0.0,-0.006676176422359858,0.014562275234306109,0.004081819325030022,-2.174834965169011,0.19711664351249214,-9.620277590279237,15.902498286522583,24.896771590385097,101134.14252881969,0.9934040251919867,-0.01750948282888147,-0.10586986881469115,-0.040416410482470785,nan,nan,nan,1.9938366153466849,-0.15689326130644166,-0.09617196569991311,0.3752281821059416,-0.015312298559637462,0.4000693342723061,7593.9237776924865,9050.31600948657,7601.338947684351,9046.263310407483,"1,1,25",1
887,81196773,65.61777300000064,0.0003436752676294821,-0.08849964888446216,4.702538731075697e-05,0.5294499814143426,1466.0,1592.0,1466.2626992031871,1591.0,123451.0,1.0,0.4,0.4,0.4,0.4,0.0,0.0,-0.004293749618692518,0.0005302817563261248,0.002191305244767586,-2.1639586852846135,0.3037236333880189,-9.56102084389759,15.891870191083882,24.896769836361923,101134.27909142319,0.9934332680348259,-0.01758752211840796,-0.10560265108457711,-0.04036408254129353,nan,nan,nan,1.9938472415048316,-0.1567586859863483,-0.09745582231482741,0.37613051390731944,-0.015411837730241075,0.39950707652382406,7601.070063574375,9045.63185664059,7606.771143847617,9040.461779638445,"1,1,25",1
888,81246773,65.66777300000064,-0.0003275382345959052,-0.08783013692349138,2.3210150311422417e-05,0.5294669561422414,1467.0,1591.0,1466.8138469827586,1591.0,123451.0,1.0,0.4,0.4,0.4,0.4,0.0,0.0,0.00879311540989485,-0.0007643833475330288,-0.0021660278849015904,-2.104787257913184,0.2395184444513346,-9.48539591641952,15.87410283271224,24.89676856282753,101134.47972516595,0.9934327892363637,-0.017503705407272727,-0.10560049014545454,-0.04041684808,nan,nan,nan,1.9938478148038092,-0.1567512051262901,-0.0994033103986638,0.37530611238532113,-0.016256578617681403,0.4009046424286906,7616.640225903484,9034.626677295008,7609.131369946555,9030.639581201496,"1,1,25",1
889,81296773,65.71777300000063,-0.0007927112490403707,-0.08750891841297154,0.00012157410109861018,0.5305538134348114,1469.0,1591.3101698654314,1467.3101698654314,1592.0,123451.0,1.0,0.4,0.4,0.4,0.4,0.0,0.0,0.0033707455915747684,0.006285165174415527,0.0010742984067048963,-2.1974240995588885,0.18241353076312306,-9.655626446404941,15.908356224155934,24.896764602718797,101134.08191843602,0.993450473066424,-0.017291543161965423,-0.10548703406733394,-0.04036862870518654,nan,nan,nan,1.9938476153721894,-0.15675349360412824,-0.10140180967572418,0.3742003532172792,-0.014712086767504835,0.39834336843455836,7627.6406493897275,9039.22575786127,7620.963547387804,9046.445937353457,"1,1,25",1
890,81346773,65.76777300000063,-0.00045467570915403425,-0.08792308244889975,0.00028569277687041564,0.5304377,1468.0,1592.0,1467.0,1592.0,123451.0,1.0,0.4,0.4,0.4,0.4,0.0,0.0,0.004714799459056466,0.012345307332559277,-0.005802430338523588,-2.2093738951601076,0.16765551615252994,-9.697042422146174,15.897402291583932,24.89675986281885,101134.20491007331,0.9934776438007117,-0.01715165998434164,-0.1052577915658363,-0.04036109948754449,nan,nan,nan,1.9938551158705797,-0.1566578715573026,-0.10175245953863502,0.3748497609727812,-0.015892275030897053,0.40015051830715304,7629.153219091546,9042.728181201122,7617.1370665528875,9045.09711992195,"1,1,25",1
891,81396773,65.81777300000064,-0.00011434488092155147,-0.0876517446824147,-0.0003389519338291047,0.52977234,1467.0,1591.0,1467.320583941606,1592.0,123451.0,1.0,0.4,0.4,0.4,0.4,0.0,0.0,-0.0005142187466336341,0.015131562309822209,0.007002726618566015,-2.1828433307199067,0.1996694966190615,-9.673584819586127,15.922606298721982,24.896756997785808,101133.8901402323,0.9935186913066355,-0.017153048801520025,-0.10488848817597193,-0.04031082685004385,nan,nan,nan,1.9938632834421948,-0.15655376989847083,-0.10195806006949514,0.3746818736810819,-0.01461807350750483,0.400075622153366,7621.425409667789,9039.985572265428,7620.265387695262,9042.445354492003,"1,1,25",1
892,81446773,65.86777300000064,-0.0001757487291049383,-0.08759462722592593,-0.0001832848175987654,0.52910894,1467.0,1590.0,1467.0,1591.0,123451.0,1.0,0.4,0.4,0.4,0.4,0.0,0.0,0.0007805340966038901,0.012943739502624266,0.00063162110157456,-2.1287571232787896,0.19959910492744676,-9.682260779561593,15.891813461834285,24.896751170959092,101134.25917259061,0.9935559208436724,-0.01727123960049628,-0.10452138808933002,-0.04029523801488834,nan,nan,nan,1.9938747138798172,-0.15640855051091176,-0.10115396000033619,0.37401517332902395,-0.015260918864253393,0.40154975187330316,7610.541709326211,9025.842321484146,7615.6600479736,9030.059751269591,"1,1,25",1
893,81496773,65.91777300000064,0.00048272071716962996,-0.0874047233685728,-0.00040721124822200864,0.5281883193656896,1465.0,1589.7534246575342,1467.0,1589.2465753424658,123451.0,1.0,0.4,0.4,0.4,0.4,0.0,0.0,-0.004939653841100168,0.013691139472976219,0.00890404497742013,-2.165640037280807,0.2817144683305309,-9.615571121546962,15.868978573081748,24.89674454442671,101134.53744517919,0.9935895600000001,-0.0172596194,-0.104228856,-0.040228343,nan,nan,nan,1.9938861443174396,-0.1562633311233527,-0.10034985993117723,0.3746596471922273,-0.014230017370106178,0.4016146981699668,7601.5022341306085,9015.910203027215,7612.378694726503,9019.860056835932,"1,1,25",1
894,81546773,65.96777300000063,-0.0006351279910144168,-0.08783330404456094,-8.854948098600265e-05,0.5279874,1465.7522935779816,1589.0,1465.0,1590.0,123451.0,1.0,0.4,0.4,0.4,0.4,0.0,0.0,0.00951314899527311,0.020159641546218486,-0.005712278838813025,-2.177976466596639,0.2634708457352941,-9.447134012605042,15.867129,24.896738629818095,101134.55104969683,0.993638125510204,-0.017218921247776034,-0.10378678,-0.04018790439246468,nan,nan,nan,1.9938965430657374,-0.15613073032117533,-0.09765665209334816,0.3722904167061979,-0.014114454872145162,0.4020408148019947,7597.1472886965985,9016.240020019393,7594.099741015704,9016.881220996243,"1,1,25",1
895,81596773,66.01777300000064,3.6957479183168316e-05,-0.08681967621534653,0.0002139767404950495,0.5282436497277228,1466.7393564356435,1589.7393564356435,1466.2606435643565,1589.0,123451.0,1.0,0.4,0.4,0.4,0.4,0.0,0.0,-0.0037275420390316207,0.0029859722526679846,0.005376843545652174,-2.1014242341897234,0.2492760555533597,-9.508561138339921,15.898970028031252,24.896731114150672,101134.17127828687,0.9936692320543881,-0.017076967740173053,-0.10351818195302843,-0.040172749812855374,nan,nan,nan,1.9939068583323318,-0.15599915058316308,-0.09481058241021711,0.371908705784275,-0.014526457366258395,0.40110276942315287,7605.806940869006,9012.852120361256,7600.74966750507,9015.384274218513,"1,1,25",1
896,81646773,66.06777300000064,0.0005139304238837703,-0.08725457204819277,0.0005599163707819513,0.5269691529128278,1465.0,1589.0,1465.0,1587.0,123451.0,1.0,0.4,0.4,0.4,0.4,0.0,0.0,-0.0020681945701372453,0.015126650032418362,-0.0064021341443681965,-2.1527579503549457,0.20626007926644582,-9.66241772266919,15.89320720668147,24.896724217109202,101134.25044163367,0.9936942263302753,-0.01717174872110092,-0.10322486246100918,-0.04026876762706422,nan,nan,nan,1.9938849273795816,-0.15627859400726865,-0.09024431858511628,0.3727671552913611,-0.015396418791773331,0.40042234082527006,7593.726467846648,9008.986287744165,7591.078447045772,8993.812083105335,"1,1,25",1
897,81696773,66.11777300000064,-0.000372588230284894,-0.08635143564045936,-0.00025148182154814485,0.5265294993727916,1465.0,1586.3709997792982,1465.0,1588.0,123451.0,1.0,0.4,0.4,0.4,0.4,0.0,0.0,0.007827907922293416,0.010761155213433495,0.0008445219230022094,-2.090265352187362,0.25919350414935927,-9.583161255634113,15.85957076878568,24.89671825582472,101134.63897592964,0.9937216496478873,-0.01709605083450704,-0.10295049297887324,-0.04032678396830986,nan,nan,nan,1.9938604983089876,-0.15658987943692995,-0.08554479114746548,0.37484197589445184,-0.014631766038388491,0.4024527617731442,7590.686395092349,8986.518533641896,7580.240652123755,8986.481061669818,"1,1,25",1
898,81746773,66.16777300000064,-0.00020979850593805135,-0.08626721306998628,-0.0004233282573416977,0.52448510029406,1463.0,1584.2449019607843,1463.0,1585.7550980392157,123451.0,1.0,0.4,0.4,0.4,0.4,0.0,0.0,0.0033352330355882354,0.00934526210235294,0.0075606514,-2.142343995882353,0.221849029,-9.417278027941176,15.903036291448904,24.896712646836427,101134.12165499091,0.9937482409633835,-0.016928104902095165,-0.1027550069512434,-0.04024127938437439,nan,nan,nan,1.9938588,-0.15661152,-0.08521808,0.37440825182688825,-0.014245521653052191,0.3999328841950022,7569.680701733313,8963.883404883014,7568.863749072275,8970.785176904206,"1,1,25",1
899,81796773,66.21777300000065,-0.0003928667855252918,-0.0866440702918288,0.0004131893926070039,0.5251406042801556,1464.0,1586.0,1463.0,1586.0,123451.0,1.0,0.4,0.4,0.4,0.4,0.0,0.0,0.0005517800828172973,0.011503866694486487,-0.00037144957122162164,-2.134391370854054,0.18408094973837838,-9.378642301405405,15.904474379317072,24.89670894009756,101134.10972292683,0.993781533297344,-0.016915433682573956,-0.10241200080544158,-0.04029764193262794,nan,nan,nan,1.9938588,-0.15661152,-0.08521808,0.3723514100252738,-0.014380882580244314,0.4020750860193766,7576.603076660281,8976.369645507972,7569.170410156536,8973.160533203207,"1,1,25",1
900,81846773,66.26777300000064,0.00021862609487031698,-0.08654461553314122,0.0006177036914121037,0.5256326,1464.0,1587.0,1463.343509984639,1586.0,123451.0,1.0,0.4,0.4,0.4,0.4,0.0,0.0,-0.004028452666512791,0.015738662670705904,-0.004544642642123486,-2.1273852625889598,0.24325754615310638,-9.488452442777458,15.896194,24.896706677035215,101134.21661482392,0.99380593013982,-0.01698533678778012,-0.10213738253514652,-0.040365010937559856,nan,nan,nan,1.9938601307703954,-0.15659425210690459,-0.08370169925655285,0.3715823026122242,-0.014747626773269084,0.40337461720263756,7578.506234545948,8983.211903564297,7579.734003930686,8970.90391723656,"1,1,25",1
901,81896773,66.31777300000064,-0.0006840198378403537,-0.08675226570514312,8.143674117360949e-05,0.525921718796835,1465.0,1586.0,1463.6803164262449,1587.0,123451.0,1.0,0.4,0.4,0.4,0.4,0.0,0.0,0.012690571156373806,0.018393244890934513,-0.0005453393310370543,-2.04786805868096,0.2720577107853647,-9.523678459566534,15.906168970094287,24.89670474164626,101134.08787285733,0.9938469372746935,-0.01690112747969238,-0.10176352239701995,-0.04033394826363855,nan,nan,nan,1.9938615942490336,-0.15657526220995366,-0.0820341006736039,0.37095534633626925,-0.0149069661201744,0.40236649731212476,7584.4435340090395,8976.573570556448,7581.1286701902745,8983.492636963188,"1,1,25",1
902,81946773,66.36777300000064,-0.0003245635813715084,-0.08596256677653631,7.966630652234636e-06,0.5253897545502794,1464.0,1585.7351955307263,1464.0,1586.0,123451.0,1.0,0.4,0.4,0.4,0.4,0.0,0.0,-0.00011852470491191274,0.004501172184395972,-0.0007481228133389261,-2.0971572560402687,0.20335351375838925,-9.485941185402684,15.905809759668509,24.896704,101134.10089686925,0.9938810762664427,-0.016731023082563672,-0.10145612534284915,-0.04033900431122306,nan,nan,nan,1.9938568200655022,-0.15663620123908298,-0.07954328691048035,0.3707190820003243,-0.014668162034858741,0.4019801534303433,7584.6308084716775,8972.104181933584,7578.29818571804,8977.05545898452,"1,1,25",1
903,81996773,66.41777300000065,-0.0006253844529947313,-0.08548215834668071,-0.0002555989988809273,0.5260793,1465.0,1585.0,1465.0,1587.0,123451.0,1.0,0.4,0.4,0.4,0.4,0.0,0.0,0.005764660681919596,0.002486718701262892,0.0026639789024626393,-2.1391667997263735,0.2415391518690802,-9.560518580088402,15.923041558364835,24.896704,101133.89197902856,0.9939012104665825,-0.01668465265069357,-0.10129322276166457,-0.04027225953593947,nan,nan,nan,1.9938515600416833,-0.15670336578850735,-0.0769883543975784,0.37181525843873026,-0.014173766278164,0.40286465198760363,7590.01980898453,8970.452677392457,7588.05900070815,8982.828898290907,"1,1,25",1
904,82046773,66.46777300000065,0.0005578227557130989,-0.08547818364165051,-0.0002713416714843534,0.5256091029022432,1464.146855084511,1586.146855084511,1465.146855084511,1585.146855084511,123451.0,1.0,0.4,0.4,0.4,0.4,0.0,0.0,-0.001403325834979264,0.0013780771762786836,0.0029530730366602157,-2.0908459410008295,0.27529174393972905,-9.492704606027095,15.88297243604886,24.896705000173124,101134.36212084255,0.993913163287178,-0.01679591696372196,-0.10117804343782885,-0.040219819804763225,nan,nan,nan,1.9938620889182246,-0.15656904163410088,-0.07474101713548648,0.3726186739098971,-0.014264460663640927,0.40416300773236846,7587.79104924322,8974.755677099498,7596.602659423772,8974.496982177552,"1,1,25",1
905,82096773,66.51777300000064,0.00033046358648271127,-0.08468715541332723,0.0004854824278314632,0.5261829130753378,1466.0,1586.3179111314705,1466.0,1585.0,123451.0,1.0,0.4,0.4,0.4,0.4,0.0,0.0,-0.005408371478589421,0.009266592173116556,-0.0007808970015479735,-2.122962643233341,0.1899430213647813,-9.647869226471261,15.847259807875684,24.896706942256753,101134.79616810878,0.9939166346181131,-0.016896053746275716,-0.10111305991014424,-0.04025618161834949,nan,nan,nan,1.9938741310404595,-0.15641540632397843,-0.07252316053247343,0.3737274676778529,-0.015552521999294812,0.40324759069855226,7598.176939673037,8976.685363037226,7601.619190600654,8963.43540346682,"1,1,25",1
906,82146773,66.56777300000064,-0.00027600167019350215,-0.08456408546106067,-0.0007897031552388915,0.5267018,1466.0,1585.0,1467.0,1587.0,123451.0,1.0,0.4,0.4,0.4,0.4,0.0,0.0,0.006353717283186053,0.006636752383162169,0.005609259267208025,-2.0351616556962027,0.23202898945545736,-9.599785433484595,15.8712586024926,24.896709311461414,101134.51311461416,0.9939330066364287,-0.01685410394175221,-0.10096005653139174,-0.04025238139269515,nan,nan,nan,1.9938732093636553,-0.15642723530565408,-0.0722864614062174,0.3706872813391877,-0.01372944980021954,0.4033342630186608,7604.441373242382,8971.968278662154,7606.699452953919,8978.323507910187,"1,1,25",1
907,82196773,66.61777300000065,-0.0003607327893697978,-0.08450116644272691,-0.0002329893355410226,0.52709794,1467.0,1586.0,1467.0,1587.0,123451.0,1.0,0.4,0.4,0.4,0.4,0.0,0.0,0.004241387676956608,0.014489045392114127,-0.0006716588659322372,-2.085393570913414,0.23256157740241729,-9.487200984743412,15.87080378384976,24.896711781523912,101134.51827714132,0.9939628760402555,-0.016654515335784787,-0.10068866404102961,-0.04027793350145152,nan,nan,nan,1.9938713357753164,-0.15645121791574365,-0.07220278829074367,0.3706716406162774,-0.012784888702891947,0.4038025962179272,7615.803397680639,8977.229218505816,7603.419706152539,8982.664543457173,"1,1,25",1
908,82246773,66.66777300000065,-0.00030336809497170784,-0.08464624395576131,0.00031747320862911526,0.5279522,1468.0,1587.0,1467.0,1587.0,123451.0,1.0,0.4,0.4,0.4,0.4,0.0,0.0,-0.0007396609699331278,0.015506949691615226,-0.0004505225515046298,-2.0643760269804527,0.2568589289506173,-9.672268787680041,15.888980526583193,24.896715089929973,101134.29588350587,0.9940007725449872,-0.016631035189717223,-0.10033412849614395,-0.04023566603907455,nan,nan,nan,1.9938746981170885,-0.1564087287939082,-0.07202123666890822,0.37007593871844824,-0.014116958089526257,0.40273964383553695,7622.041570532449,8983.728143213086,7613.835582641667,8994.115866699192,"1,1,25",1
909,82296773,66.71777300000065,0.00033785832903996814,-0.08427558271544283,0.00010470523430792724,0.527994,1468.0,1587.0,1468.0,1586.9245884227296,123451.0,1.0,0.4,0.4,0.4,0.4,0.0,0.0,-0.018858136081586627,0.006679226588405413,0.00242778952734147,-2.071485255730963,0.17663603023746352,-9.611931392677104,15.92479918508789,24.896720217152794,101133.8592281244,0.9940315463647424,-0.01678146972272543,-0.10000500465323779,-0.040233717683385156,nan,nan,nan,1.9938780604588608,-0.15636623967207278,-0.07183968504707279,0.37147122236842106,-0.01394518272323049,0.4013313126225045,7625.338144112934,8987.596252139187,7622.226333496235,8987.730371232981,"1,1,25",1
910,82346773,66.76777300000064,0.0010015286897384307,-0.08366902543259558,0.0001980424671026157,0.5282454446277666,1468.0,1588.0,1469.0,1586.0,123451.0,1.0,0.4,0.4,0.4,0.4,0.0,0.0,-0.008547557955745536,0.0077310523210963045,-0.002803114731707317,-2.0541117998491325,0.211841205345738,-9.62961246190596,15.938708077255727,24.89672408952782,101133.70294845721,0.994035668718593,-0.01713909321733668,-0.09988441113065326,-0.04027923548994975,nan,nan,nan,1.9938741178310304,-0.1564166110091369,-0.0713659508447504,0.37155654506604197,-0.015665631319992025,0.40329924760952995,7626.229636523443,8991.457953515539,7637.368889184582,8977.118797851697,"1,1,25",1
911,82396773,66.81777300000066,4.80319565412913e-05,-0.08379387862862864,-7.746628294544544e-05,0.5282373563613614,1468.0,1587.0,1468.736868434217,1587.0,123451.0,1.0,0.4,0.4,0.4,0.4,0.0,0.0,-0.0004132111967633817,0.007694654550025013,-0.0024254353899449727,-2.0342620212606306,0.23755901051525763,-9.501356708854427,15.940658132508732,24.896727724216916,101133.6875935788,0.9940511078207381,-0.017277468497363797,-0.09970147304042179,-0.040294444367311076,nan,nan,nan,1.9938700882744758,-0.15646808738039986,-0.07088873968627718,0.3699023029711142,-0.015398419398441082,0.4030803962219166,7631.786182031305,8989.840290234295,7634.623646630663,8982.242353759926,"1,1,25",1
912,82446773,66.86777300000065,-0.0004586718016024036,-0.0840821383975964,0.00033670283054581873,0.52829874,1469.0,1587.0,1468.0,1587.0,123451.0,1.0,0.4,0.4,0.4,0.4,0.0,0.0,0.006733952463711496,0.016083519392937642,-0.001977189179714501,-2.0770518024042075,0.22940596853493614,-9.554052052592036,15.9215841388571,24.896730782635235,101133.9117395285,0.9940866700576585,-0.01708613227024317,-0.09936650864677865,-0.04032428592153422,nan,nan,nan,1.9938698,-0.15647177,-0.0708546,0.3680697981889462,-0.014848030257169643,0.40444913100098007,7635.645677831918,8990.06569506849,7627.385515576314,8990.583224365459,"1,1,25",1
913,82496773,66.91777300000065,-0.0005095124446781009,-0.08385981428933631,-0.000504351160636341,0.52907205,1469.0,1587.0,1469.3754970178927,1589.0,123451.0,1.0,0.4,0.4,0.4,0.4,0.0,0.0,0.005721374813845389,0.007062145478051206,0.006077239140740741,-2.0105062467810093,0.192655911205568,-9.622780776037784,15.908411149158058,24.896734306980573,101134.06897810362,0.9941274176409237,-0.016936493291283834,-0.09901572554258753,-0.04024578727141793,nan,nan,nan,1.9938698,-0.15647177,-0.0708546,0.3694148066523458,-0.016905737234060837,0.40367364720012033,7636.732471020632,8988.91978334956,7640.166337744416,8999.705336767596,"1,1,25",1
914,82546773,66.96777300000065,-0.0003371669778821656,-0.08247832235031846,0.00010116375847292995,0.5295076,1471.0,1587.0,1470.0,1587.070310427169,123451.0,1.0,0.4,0.4,0.4,0.4,0.0,0.0,-0.00605661747413107,-0.0002714027325550544,0.00514327821790926,-2.0183122177765984,0.2056311421544176,-9.660977593791458,15.86219599166836,24.896736503740925,101134.63096007833,0.994136107414803,-0.01691183345740149,-0.09893579434797657,-0.0402384967814164,nan,nan,nan,1.9938714990472,-0.15645014291761533,-0.0716894983805269,0.3693804417621277,-0.015238938440681343,0.40325328549855566,7655.866115405144,8989.385828271441,7647.473789306881,8998.91783637695,"1,1,25",1
915,82596773,67.01777300000066,0.00012289198833805623,-0.08209804861855213,-0.00010255788363072838,0.5294612623201239,1471.0,1587.0,1471.0,1587.0,123451.0,1.0,0.4,0.4,0.4,0.4,0.0,0.0,-0.007619329849402391,-0.0037424390400252324,0.001470848745207769,-2.0519824878486053,0.19814208643426295,-9.753697071713148,15.883260614797864,24.896740105067575,101134.35684797277,0.9941316005969489,-0.01705724190714128,-0.09896542409064779,-0.04021502426155207,nan,nan,nan,1.993873316637649,-0.15642700690445213,-0.07258264797778713,0.3691629346881946,-0.013831306490417278,0.40400698625288317,7655.584540673698,8988.74278012691,7659.296200122116,8991.069178222544,"1,1,25",1
916,82646773,67.06777300000066,0.0003326765842138614,-0.0823859411469307,0.00015628924365148516,0.52894455,1470.0,1587.0,1470.0,1586.0,123451.0,1.0,0.4,0.4,0.4,0.4,0.0,0.0,-0.0073565706081384595,0.007593319959373761,-0.0009642606639846739,-2.0304093848064473,0.28864926328973445,-9.5482745307174,15.888105926547404,24.896742061149947,101134.3022931231,0.9941433191433104,-0.017244343165256477,-0.09882774864674775,-0.04018499528424114,nan,nan,nan,1.9938856707362225,-0.15626891213378677,-0.07434640260101089,0.3720951000072337,-0.013541782325049998,0.40422446071018253,7650.428620535787,8988.929211216562,7656.500274553439,8983.42504520074,"1,1,25",1
917,82696773,67.11777300000065,0.00031141665919697686,-0.08223213996221067,0.0002540718243977326,0.5294137213745866,1471.0,1587.2475200755787,1470.7524799244213,1586.7524799244213,123451.0,1.0,0.4,0.4,0.4,0.4,0.0,0.0,-0.0037980460742392075,0.015666144095187545,-0.006059179550601557,-2.0078495568294406,0.19141056929228592,-9.71083104175513,15.882919530636254,24.896744024023228,101134.37566063872,0.9941651250993377,-0.0173151818448439,-0.09857079606433301,-0.04024476027057711,nan,nan,nan,1.9938999708620635,-0.15608589132320366,-0.07627095253705032,0.36955662720536375,-0.014610319575384214,0.40498211347773083,7658.01498972398,8995.360936612205,7656.605961647612,8984.826875887691,"1,1,25",1
918,82746773,67.16777300000065,0.00017805029639760838,-0.08272820644245141,3.929051933183856e-05,0.52943844,1470.0,1587.7585949177878,1470.2414050822122,1587.0,123451.0,1.0,0.4,0.4,0.4,0.4,0.0,0.0,0.0015832135722509961,0.02264879280478088,-0.002543935647609562,-2.007711930478088,0.1661923024701195,-9.516628603585659,15.877906152773297,24.89674592159244,101134.4278437921,0.9942075618597712,-0.0172730344495276,-0.09815042611636002,-0.04024498282943809,nan,nan,nan,1.9938925392932099,-0.15618036348757722,-0.07678599712736613,0.3699621688545515,-0.016542248261504872,0.40467151438402754,7654.406473437693,8988.759095898555,7657.688016918863,8991.616939941609,"1,1,25",1
919,82796773,67.21777300000066,-0.0004165336663540622,-0.0829193842011033,2.4291569360330992e-05,0.5295398942076228,1471.0,1587.0,1470.0,1588.0,123451.0,1.0,0.4,0.4,0.4,0.4,0.0,0.0,0.007352635160602259,0.02091440289033877,-0.0002779005692848174,-2.051994924165621,0.20845746929987452,-9.511982232747805,15.858369771317387,24.896746,101134.67688451413,0.9942626748322484,-0.01705532331096645,-0.09764504204807212,-0.0402039035768653,nan,nan,nan,1.9938832446840833,-0.15629862489596036,-0.07718020598622799,0.36901768471637986,-0.01423607247511889,0.4056473505834191,7660.637686279302,8988.726838964878,7654.505455883627,8998.414946240166,"1,1,25",1
920,82846773,67.26777300000066,-0.00019710291793756396,-0.08224818230040941,-0.00015192808271494369,0.5295186,1471.0,1587.0,1471.0,1587.1405128205129,123451.0,1.0,0.4,0.4,0.4,0.4,0.0,0.0,-0.00027331832187100076,0.008820501142564628,-0.0029287557333432302,-2.0453678079600714,0.25620922540312263,-9.694703521499871,15.85186213046875,24.896746,101134.73555625,0.9942984164230871,-0.016967248451151707,-0.0973018231771247,-0.040190533392110143,nan,nan,nan,1.99388713932496,-0.1562495909748315,-0.07911360275569565,0.3680479224316857,-0.015780565270451113,0.4057522405866609,7662.813686279294,8988.782617675599,7658.806658203168,8992.899515625031,"1,1,25",1
921,82896773,67.31777300000066,0.00018697282478260873,-0.0822294128416149,0.00016268527585921324,0.5307597759627329,1472.0,1588.653786307054,1472.346213692946,1588.0,123451.0,1.0,0.4,0.4,0.4,0.4,0.0,0.0,-0.009693004731435964,0.00947351428305304,0.005429094332470893,-2.008019178499353,0.26227114008020697,-9.71469802690815,15.89650273169554,24.89674428835197,101134.209389111,0.9943235672892695,-0.017002593465614127,-0.09703575438587102,-0.04019635485094996,nan,nan,nan,1.9938921827273168,-0.15618598591203142,-0.08118106020198826,0.3682955088426528,-0.01621926264672735,0.40504833811009966,7667.648388671773,8996.613753906167,7669.195349121524,8999.392879883035,"1,1,25",1
922,82946773,67.36777300000065,0.000419219377338827,-0.08207350416868638,-0.0001127671630731944,0.5302358672370335,1471.3255757575757,1588.0,1472.0,1588.0,123451.0,1.0,0.4,0.4,0.4,0.4,0.0,0.0,-0.007272801388794567,0.00918987549454281,0.004997336033834586,-1.9863792463982537,0.19741645339558572,-9.608656958525344,15.889074282777086,24.896744,101134.30711006981,0.9943524736909354,-0.017116050942622953,-0.0967346793442623,-0.0401577707391514,nan,nan,nan,1.993895542005729,-0.15614295059629776,-0.08375702781345161,0.3692439527738466,-0.015662593413529578,0.4040637611661478,7665.289692708318,8998.19994335941,7674.013044209794,8999.405530436157,"1,1,25",1
923,82996773,67.41777300000066,0.0004531835863323782,-0.08070007876790831,1.430221027363897e-05,0.53172684,1474.0,1589.0,1474.0,1588.0,123451.0,1.0,0.4,0.4,0.4,0.4,0.0,0.0,-0.003360807319360229,-0.0022775052402816904,-0.003338181467247553,-1.990256765624254,0.1874732760515636,-9.7181130105037,15.89163864415883,24.89674096587076,101134.27414676893,0.9943538564048339,-0.01718574841389728,-0.09669877781268882,-0.04018163299093656,nan,nan,nan,1.9938986220562418,-0.15610332574645025,-0.08641730645535467,0.36836202762644943,-0.01580563861215514,0.40577700789084364,7682.519888843137,9003.028689843957,7684.147821020603,8990.476042041255,"1,1,25",1
924,83046773,67.46777300000066,-1.6771146171066258e-05,-0.08070555701863354,0.0002470304279218426,0.53063905,1473.6718426501036,1587.6718426501036,1473.0,1587.0,123451.0,1.0,0.4,0.4,0.4,0.4,0.0,0.0,0.009277115889334714,-0.0026625000088532228,-0.005496411766606265,-2.0102351906031584,0.2674484519725602,-9.822151015014239,15.86657030594512,24.89673854120001,101134.57822999824,0.9943640927233814,-0.016990928795077583,-0.09662774657570894,-0.040181647467094704,nan,nan,nan,1.9938960622635433,-0.156136086757627,-0.08762678196651372,0.369145859681263,-0.01455814799436501,0.4065315801827028,7689.417358666948,8993.2954053709,7684.119818554459,8991.582024999641,"1,1,25",1
925,83096773,67.51777300000066,-7.492118494667344e-05,-0.08093672511630269,-0.00048741651003047235,0.5297998572117827,1472.0,1586.0,1472.7555217060167,1587.0,123451.0,1.0,0.4,0.4,0.4,0.4,0.0,0.0,0.00756645802026924,0.0097389477002794,0.0008664387835077467,-1.991945128422657,0.2481283677520955,-9.4816759498349,15.88782737567053,24.896733823498874,101134.31715406355,0.994373487388535,-0.016867803344713377,-0.09656110664713376,-0.04016085602292994,nan,nan,nan,1.993892943049183,-0.15617602779441359,-0.08869235087096515,0.3669423807756185,-0.015228732034928517,0.40576268629740603,7677.637916317828,8978.630766089937,7680.297767182811,8982.77871772709,"1,1,25",1
926,83146773,67.56777300000066,-0.000671759466993335,-0.08110180140162923,0.0005066006141569983,0.52937835,1472.7551221920514,1586.0,1471.0,1586.2448778079486,123451.0,1.0,0.4,0.4,0.4,0.4,0.0,0.0,0.009164032325973386,0.01929878190192213,-0.004803062609167077,-2.004716844504682,0.21878691328733366,-9.648038609167077,15.920787253608689,24.896730007129953,101133.92081994443,0.9944077285753019,-0.016632818512940597,-0.0962633867266453,-0.040125993618437265,nan,nan,nan,1.9938927,-0.15617914,-0.08877538,0.36654173692836484,-0.0157398820337008,0.4053194456314708,7674.080811669611,8977.972794775345,7667.070168603495,8985.140773486242,"1,1,25",1
927,83196773,67.61777300000067,0.00015851024136699751,-0.08138183041191067,-0.0005196507117890819,0.528951,1470.0,1585.7329686723024,1471.2670313276976,1586.2670313276976,123451.0,1.0,0.4,0.4,0.4,0.4,0.0,0.0,0.005788938733159723,0.01793675564236111,0.009857324862847223,-1.937647857638889,0.29277131871527773,-9.599971168402778,15.955553334458221,24.896725214204448,101133.49267186686,0.9944610535705368,-0.0165059803196005,-0.09575132193508115,-0.04008152869538077,nan,nan,nan,1.9938927169117941,-0.15617892470584707,-0.0887705710767955,0.3679723465342521,-0.01481615372002432,0.404903486546818,7659.720129565273,8974.769946239963,7664.427656762715,8981.774619629028,"1,1,25",1
928,83246773,67.66777300000066,-0.0003421213594200078,-0.08049702954145582,-0.0005975547885169327,0.5270346898949008,1469.0,1583.0,1470.0,1584.0,123451.0,1.0,0.4,0.4,0.4,0.4,0.0,0.0,0.0008567172164032702,0.009939792863370961,0.0031644777749708056,-1.918167249552355,0.2185358508602569,-9.601221089529,15.914502045269206,24.896719488118492,101133.98896375808,0.9945015688273244,-0.016375288522960153,-0.09538003203263758,-0.04001637462542694,nan,nan,nan,1.9939035578054434,-0.1560409156334679,-0.08568792799698254,0.3670826407421894,-0.014121579072214344,0.4055710422221679,7644.176623364366,8949.847503710847,7648.886139037849,8957.292337841573,"1,1,25",1
929,83296773,67.71777300000066,-7.461981473758542e-05,-0.08089045661958998,0.00013841717752164007,0.527048,1469.8334851936218,1583.8334851936218,1469.1665148063782,1584.0,123451.0,1.0,0.4,0.4,0.4,0.4,0.0,0.0,0.0023129255607061503,0.01256483496810934,0.006323174374373576,-1.9834843323462414,0.2896759637243736,-9.552410883257403,15.877699362879852,24.89671399845303,101134.42997937374,0.9945348029057293,-0.016371452567678614,-0.095029803292399,-0.04002448221387811,nan,nan,nan,1.9939143986990928,-0.15590290656108868,-0.08260528491716958,0.3677993739509456,-0.012939329039745862,0.4061221072606383,7645.613607910141,8949.473010400287,7642.806386059548,8951.462132666056,"1,1,25",1
930,83346773,67.76777300000066,1.2752232493445193e-05,-0.08078119316203461,-0.00028064939632931307,0.5270773,1469.0,1583.717653221582,1470.0,1584.0,123451.0,1.0,0.4,0.4,0.4,0.4,0.0,0.0,-0.007700783004461942,0.014573963784514435,0.0010697732771128609,-2.0057001315485565,0.2894637051338583,-9.622431645669291,15.886496481299544,24.896709835145153,101134.31622585966,0.994569443985849,-0.016403586418238993,-0.09465851124371069,-0.0400292435259434,nan,nan,nan,1.9939125050098458,-0.15592662359619847,-0.08107760608794734,0.3672319648246067,-0.01606921373613619,0.4046115247394893,7641.89257001046,8946.31369094136,7643.266874860416,8950.79829636331,"1,1,25",1
931,83396773,67.81777300000067,0.0007269628952228572,-0.08125934473142858,-0.00033275445933714286,0.5272857,1468.7725714285714,1584.0,1470.0,1584.0,123451.0,1.0,0.4,0.4,0.4,0.4,0.0,0.0,-0.00859920561930546,0.015929763114918893,0.005037373004021019,-1.9266806381082933,0.2589319806031528,-9.532180822252686,15.908121113608136,24.896706796304922,101134.0555565906,0.994598015046793,-0.016545669986761016,-0.09432816545902761,-0.04004192958388496,nan,nan,nan,1.9939106097922656,-0.1559503600407703,-0.07955011387682935,0.3655096285613362,-0.015194424008187685,0.40844870183559295,7641.451978295687,8952.404792773455,7645.5727401124195,8952.670178857588,"1,1,25",1
932,83446773,67.86777300000067,-0.00013615668792852202,-0.08025874182384136,-0.00027676050811390357,0.5269749719391285,1469.704335793358,1582.704335793358,1470.0,1584.0,123451.0,1.0,0.4,0.4,0.4,0.4,0.0,0.0,0.0025983869475347766,0.004058655508567481,-0.0038561970292491942,-1.981097956978351,0.21783916781206816,-9.536923798710271,15.926488955997904,24.896702990047146,101133.83866946046,0.9946207631700024,-0.0165587637989418,-0.09411441500621118,-0.03997384926132965,nan,nan,nan,1.9939179846955475,-0.15585594308558806,-0.07799384026944431,0.3663873664958347,-0.015440062277115321,0.4083864623611565,7647.163081982494,8943.433940576015,7652.495625732335,8951.746586572195,"1,1,25",1
933,83496773,67.91777300000066,-0.0004658525998285714,-0.07965936928809524,0.0004356350458809524,0.5270569857523809,1471.0,1583.0,1469.2488687782804,1583.0,123451.0,1.0,0.4,0.4,0.4,0.4,0.0,0.0,-0.0014210337755222462,0.0036067182443492744,-0.001962107254770402,-1.942904037497026,0.16458460179633597,-9.671770447061624,15.90971833230083,24.896699694957253,101134.05974674762,0.9946298012276945,-0.016437567839400428,-0.09400870985010706,-0.040047603505353316,nan,nan,nan,1.9939271709813764,-0.1557384389442297,-0.07643194277433864,0.3659375590849195,-0.013300810160322108,0.4065393827818448,7654.890324365124,8943.305021093698,7646.986678173843,8942.981838427691,"1,1,25",1
934,83546773,67.96777300000066,8.745475179870968e-05,-0.08016214400129032,0.0004550552495677419,0.5271768475870968,1470.0,1584.0,1469.3447297122952,1583.0,123451.0,1.0,0.4,0.4,0.4,0.4,0.0,0.0,-0.006494287299870968,0.004248319320670968,0.0023584738250541936,-1.9640862335612903,0.2536891922464516,-9.58734198167742,15.964740382210136,24.896697917653913,101133.40039463973,0.994648047595149,-0.01648545867165527,-0.09380607245323185,-0.0400503936289511,nan,nan,nan,1.9939200587111232,-0.15582928263066168,-0.07391676601912983,0.36398268627377,-0.015364916940386357,0.40658002751584665,7649.340443457032,8950.119418017739,7644.658454125899,8943.045642773355,"1,1,25",1
935,83596773,68.01777300000067,-0.00044999810515751574,-0.07958610532493249,0.00011828182151215121,0.5263785181818181,1470.0,1582.0,1469.0,1582.0,123451.0,1.0,0.4,0.4,0.4,0.4,0.0,0.0,0.00019801720406116481,4.143932089048811e-06,-0.0024474023046042277,-1.9917660369237689,0.246405034459186,-9.587054322914325,15.838640441515967,24.896696,101134.89297037321,0.9946583704456095,-0.01652883940017475,-0.09372370107470512,-0.039969083200524246,nan,nan,nan,1.9939099439736914,-0.15595850747868126,-0.07122597924816898,0.3657885782127681,-0.015321889267809828,0.40873142764635306,7644.474864209158,8927.654223193358,7642.959432055485,8937.484899706782,"1,1,25",1
936,83646773,68.06777300000067,0.00013457183924155193,-0.07968697855319148,-0.0003441232301026283,0.52645415,1469.0,1582.0,1470.0,1582.762703379224,123451.0,1.0,0.4,0.4,0.4,0.4,0.0,0.0,-0.0018025485257700978,0.005147259521187077,0.0015299215560480844,-1.9380196331329826,0.2508944508264463,-9.436521802404208,15.884389768180068,24.896696,101134.33506348597,0.9946586280130293,-0.01655920584389877,-0.09372674408669507,-0.039942833826359304,nan,nan,nan,1.9939291577248963,-0.1557124822733009,-0.06914962710654407,0.36496554762183797,-0.014961086411009782,0.40909436044402264,7644.411074047923,8929.032476757839,7646.191443920907,8933.250142187282,"1,1,25",1
937,83696773,68.11777300000067,0.0005555384456366874,-0.0797360506522707,-0.00010245748106678539,0.5260187315449688,1469.0,1582.0,1470.0,1581.678984861977,123451.0,1.0,0.4,0.4,0.4,0.4,0.0,0.0,-0.011388534153671562,0.0003432875484201156,-0.001206981025189141,-1.9347900046728972,0.18814792729417001,-9.483727346684468,15.909825895193629,24.896696,101134.03607018468,0.9946561647050969,-0.01674355475183619,-0.09371821974182061,-0.039947065408413085,nan,nan,nan,1.9939510414257957,-0.15543229578611062,-0.06712921066522444,0.3671812656281407,-0.014994958041876047,0.4069657747068677,7641.173321728401,8930.045602441409,7646.559096508876,8924.318134716666,"1,1,25",1
938,83746773,68.16777300000066,0.00010524659149109414,-0.0793983890534351,-0.00027136452290076334,0.527566,1471.0,1583.0,1471.0,1583.0,123451.0,1.0,0.4,0.4,0.4,0.4,0.0,0.0,-0.007329479150267244,-0.00010745987350470852,0.0009440564551692543,-1.9522855764062101,0.20696102656655638,-9.517011253245101,15.951888709805601,24.896697773851727,101133.53992929214,0.99466085,-0.016903593791018117,-0.09364706409798418,-0.03993026196682827,nan,nan,nan,1.9939550227298999,-0.15538125174493753,-0.06672962190340581,0.366264758961774,-0.0146142903862302,0.40772493971995777,7653.291558667417,8940.127210742317,7661.00690253918,8939.019233007928,"1,1,25",1
939,83796773,68.21777300000068,-0.0004920826946341463,-0.07895666746341463,0.00044059527492682925,0.52855855,1473.0,1584.0,1471.0,1584.0,123451.0,1.0,0.4,0.4,0.4,0.4,0.0,0.0,0.011679938040305473,0.0005155287316504029,-0.004510618886380992,-1.9069293595672465,0.15939755680101825,-9.484120978150191,15.885998679572632,24.89669973279749,101134.31607478927,0.9946554654006377,-0.016859780662061636,-0.09370568949585548,-0.03994487160361318,nan,nan,nan,1.9939574225868268,-0.1553504538482701,-0.0664969799427574,0.36545927981343457,-0.015482540751108876,0.40773508762403404,7673.2578125,8951.1826171875,7671.6572265625,8945.408203125,"1,1,25",1
940,83846773,68.26777300000067,0.00046525979449122805,-0.07824666772932332,0.0006639550610676692,0.5286545542681704,1473.0,1584.2811797050738,1472.7188202949262,1582.2811797050738,123451.0,1.0,0.4,0.4,0.4,0.4,0.0,0.0,0.003909150809238095,-0.003981160885538847,-0.0016536314436766918,-1.9689468736842106,0.19334981104010027,-9.639107554636592,15.871125237139855,24.896701487419705,101134.49780339953,0.9946585787631184,-0.01674371635682159,-0.09369562271364318,-0.03994005874887556,nan,nan,nan,1.9939587981548414,-0.15533302682452496,-0.06778077670021156,0.3663604156373226,-0.015268753083054021,0.4079934468331033,7680.859018531498,8952.321290690144,7681.278666387788,8943.836790317759,"1,1,25",1
941,83896773,68.31777300000067,-0.00030061135466059223,-0.07838844719817768,-0.0003918223104328018,0.5289976382687928,1473.0,1583.0,1473.0,1584.799408014572,123451.0,1.0,0.4,0.4,0.4,0.4,0.0,0.0,0.003963978184671533,0.004200007301824817,0.002172009767518248,-1.951853386131387,0.18242942211678834,-9.618731164233576,15.877025622315164,24.89670337268161,101134.43638446655,0.9946635201769911,-0.016652739773230087,-0.0936751983340708,-0.0399032474960177,nan,nan,nan,1.993960173722856,-0.1553155998007798,-0.06906457345766571,0.36596732611089333,-0.015449795243782396,0.408234856931051,7683.442206201255,8948.663956249957,7682.669614355423,8952.09239472683,"1,1,25",1
942,83946773,68.36777300000067,-0.0007737213993715512,-0.07860197522072349,0.00022252761655364807,0.5298426,1474.3097209444957,1584.3097209444957,1473.0,1585.0,123451.0,1.0,0.4,0.4,0.4,0.4,0.0,0.0,0.01058965689178418,0.006947440425045984,0.0026052193938994484,-1.9591135433476394,0.24170743019313307,-9.661952264255058,15.866538878117728,24.89670661156516,101134.55669390973,0.9946841447123962,-0.016403123560135343,-0.093511388078745,-0.039877138903414336,nan,nan,nan,1.9939603,-0.155314,-0.069182426,0.3652428833476009,-0.014516168104823868,0.4078820448679536,7697.265330175985,8955.919155029458,7683.349899633807,8964.20924516603,"1,1,25",1
943,83996773,68.41777300000068,-0.000181630403678447,-0.07827490764559482,-0.00015139213473618714,0.5299708011149826,1474.0,1585.0,1474.0,1585.0,123451.0,1.0,0.4,0.4,0.4,0.4,0.0,0.0,-0.0044568864268656715,0.0031031981947761194,-0.0026911771783582087,-1.9895761361940298,0.2273295519402985,-9.584172473880596,15.882097231184982,24.896708,101134.38004765502,0.9946982862595045,-0.016334889247485898,-0.09339240278145695,-0.03982921152072602,nan,nan,nan,1.9939603,-0.155314,-0.069182426,0.36538235840749644,-0.01483662361487514,0.4069526531982534,7695.645350073443,8959.158435595868,7691.439090771439,8969.804090917754,"1,1,25",1
944,84046773,68.46777300000068,0.0003055425218017553,-0.07764910490061952,-3.939405501177852e-05,0.5314116344992257,1475.7625193598349,1586.0,1476.0,1586.0,123451.0,1.0,0.4,0.4,0.4,0.4,0.0,0.0,-0.00862508581509434,-0.004934544745463944,-0.0039373653248643056,-1.9060836979064357,0.25584239711811835,-9.738777392866375,15.92100724912919,24.89670917381376,101133.91187388731,0.9947105769179143,-0.016486675087248322,-0.09321638268456375,-0.03987404735647909,nan,nan,nan,1.9939670276827388,-0.15522739069571329,-0.07326475216968566,0.365440068,-0.014918946745454544,0.4084666732727273,7709.788325854742,8978.097903173917,7713.3211629397165,8976.022476611284,"1,1,25",1
945,84096773,68.51777300000067,0.0005374405605797102,-0.07723643871853547,0.00036640173510297483,0.5310004,1476.0,1586.0,1476.0,1584.0,123451.0,1.0,0.4,0.4,0.4,0.4,0.0,0.0,-0.011420073598730965,0.0034278955347715736,-0.0027268183488578677,-1.9539113318527919,0.17842307486294415,-9.579674878680203,15.926795589018912,24.89671,101133.84690713501,0.9946992991867852,-0.01676067532147395,-0.0932575142841169,-0.03994325967801779,nan,nan,nan,1.993974178341755,-0.1551353362320193,-0.07770439087717035,0.36473690105033035,-0.01542649392217256,0.40765277114263504,7717.691334863292,8972.941175830183,7720.193704589765,8959.413648193131,"1,1,25",1
946,84146773,68.56777300000067,7.942328893046778e-05,-0.07808509548419722,0.0005206847654816687,0.53226066,1477.0,1587.897597977244,1476.0,1586.102402022756,123451.0,1.0,0.4,0.4,0.4,0.4,0.0,0.0,-0.005874901530333669,0.013538728212841253,-0.00780261311602629,-1.8665732932254804,0.23940396102123357,-9.620345103134479,15.8972186986034,24.896708984972808,101134.20853139035,0.9947116522532352,-0.016785915173813754,-0.09308607538442021,-0.04002544215478305,nan,nan,nan,1.9939613722106957,-0.15530020276036652,-0.08052869373720628,0.3652646425990618,-0.014628975822337558,0.4091250007485777,7730.74144458008,8989.21934989401,7720.351814188688,8981.355054199346,"1,1,25",1
947,84196773,68.61777300000068,-0.00024000228063732494,-0.07766275521291797,-0.0007619953798513861,0.5317961,1476.0,1585.0,1477.0,1587.0,123451.0,1.0,0.4,0.4,0.4,0.4,0.0,0.0,-0.0002720952214261217,0.007831102912474993,0.005455218622249214,-1.9903089603743926,0.23173496357244927,-9.613617733495284,15.891185380176628,24.89670707198485,101134.27574131834,0.9947379278974956,-0.01671196811298777,-0.09283157611648224,-0.039994114931857894,nan,nan,nan,1.993948566079636,-0.15546506928871373,-0.08335299659724221,0.3658509783173569,-0.014490591057515123,0.4092336111140065,7725.267838122972,8975.139075195102,7724.517931780303,8983.136459728483,"1,1,25",1
948,84246773,68.66777300000068,-0.0006772802974450387,-0.07746651919191919,4.1796833640522875e-05,0.53205992761735,1477.0,1585.7943203422053,1476.0,1586.7943203422053,123451.0,1.0,0.4,0.4,0.4,0.4,0.0,0.0,0.004458594891634981,0.009488870737357415,0.002339217722718631,-1.8954921896387833,0.1628360587785171,-9.735501130703422,15.89879253124274,24.896704276113045,101134.178227952,0.9947572196364932,-0.016669336944404846,-0.09263043378332146,-0.039998750901639346,nan,nan,nan,1.9939391364744066,-0.15558563475037093,-0.08494501502002967,0.36530596409295046,-0.016706984916567094,0.40970288668864074,7728.399517309383,8973.22246391615,7723.036065942522,8979.802749755814,"1,1,25",1
949,84296773,68.71777300000068,0.00046937034014739515,-0.07698049426810673,0.00023883167353748412,0.53146577,1476.7880559085133,1586.0,1477.0,1585.0,123451.0,1.0,0.4,0.4,0.4,0.4,0.0,0.0,-0.005815487144187817,0.01841236483324873,0.003942001505076142,-1.914828400279188,0.28198219034771577,-9.777281427918782,15.886171885588082,24.896699620647844,101134.32775910849,0.9947856891929735,-0.016750044512983706,-0.09231411755346232,-0.03998891788900204,nan,nan,nan,1.9939297243824183,-0.15570597043286352,-0.08653064187462908,0.3644451869220039,-0.015682575640503838,0.407941827903828,7720.379810327082,8976.306189013658,7726.2201220945835,8969.123134668065,"1,1,25",1
950,84346773,68.76777300000067,9.405155086492559e-05,-0.0776103154436956,2.583925966582421e-06,0.5312911408312272,1476.0,1586.0,1476.0,1585.7168589924008,123451.0,1.0,0.4,0.4,0.4,0.4,0.0,0.0,-0.001850632204157303,0.02152630066067416,0.001254893572808989,-1.899742406516854,0.20562004025842695,-9.698379331460675,15.899683346740481,24.896693893232403,101134.16634579896,0.9948240913426737,-0.016783651384121422,-0.09188764298657326,-0.040000380113251605,nan,nan,nan,1.9939299445900514,-0.15570274107605675,-0.08693431831346997,0.3637732451712278,-0.013073650421663925,0.4091574343013808,7717.21718974611,8975.730229394367,7719.185466479339,8969.674136035292,"1,1,25",1
951,84396773,68.81777300000068,-0.00045893233818835693,-0.0779832810200045,-0.00022434207643290627,0.5309304553045628,1475.0,1585.0,1475.0,1586.0,123451.0,1.0,0.4,0.4,0.4,0.4,0.0,0.0,0.009882463051460674,0.018590582495955056,-0.00019016789611011242,-1.8713453137977527,0.22808517896629213,-9.710682826292135,15.91676785488741,24.896687853071775,101133.96175425786,0.9948695245195647,-0.01659839017735587,-0.09144144316971521,-0.03997086568256541,nan,nan,nan,1.993932026340387,-0.15567563148231034,-0.08710957046547937,0.36417186825515946,-0.014632065887429643,0.4095699228330206,7714.389387280267,8967.806334863171,7712.27078688946,8972.712006445165,"1,1,25",1
952,84446773,68.86777300000068,-8.843173214899714e-06,-0.07739843008595988,-0.0004630927270487106,0.530959257191977,1475.0,1585.0,1476.0,1586.0,123451.0,1.0,0.4,0.4,0.4,0.4,0.0,0.0,0.002659528390987124,0.006634646556032428,0.0034518670138769672,-1.858152600524559,0.20297423385312352,-9.726364499761564,15.887898486326995,24.89668013233309,101134.31673506384,0.9948951417938932,-0.016461059041030537,-0.09119775292938931,-0.03994613958683206,nan,nan,nan,1.993935443445762,-0.1556317650327203,-0.08781028363523903,0.3636407840994428,-0.014946429949249893,0.41098704885255033,7715.41110322288,8964.299323144647,7715.387522851619,8968.138826904047,"1,1,25",1
953,84496773,68.91777300000068,-0.00011048164954907162,-0.07721885694854112,0.0003125756116604774,0.5310842541697613,1476.0,1585.721706864564,1476.0,1585.0,123451.0,1.0,0.4,0.4,0.4,0.4,0.0,0.0,0.007219473497348887,0.008757594838282078,-0.0003418188278897136,-1.9139608947507953,0.2267629401749735,-9.685182384941676,15.893553,24.896670751382064,101134.234,0.9949079885258554,-0.01640989152971443,-0.09104590206843324,-0.0399926880360175,nan,nan,nan,1.9939389820847915,-0.15558637350412519,-0.08855882018986494,0.3644516334290911,-0.014451702708221386,0.4104885704418634,7719.037968823208,8964.631688818197,7717.736783984383,8965.237188379047,"1,1,25",1
954,84546773,68.96777300000068,-0.00020172920566046,-0.0764727167211391,0.00033164676933187295,0.5308164034523549,1477.0,1585.0,1476.0,1584.0,123451.0,1.0,0.4,0.4,0.4,0.4,0.0,0.0,0.0040175920875822725,4.539824616059656e-05,-0.0014079273420798595,-1.9148095161035543,0.21530225051777097,-9.751131551118913,15.89017678251882,24.89666229634541,101134.27786910566,0.9949173344592528,-0.01629798777998689,-0.09097384140048066,-0.039970607696963076,nan,nan,nan,1.9939352642586698,-0.15563427898182405,-0.08904993526226201,0.3613662974243239,-0.017262487776712798,0.41100726915252583,7719.496486072401,8956.148212751172,7719.1142604166,8962.178300223108,"1,1,25",1
955,84596773,69.01777300000069,-0.0006579845652846931,-0.07686422267192507,0.00046147447899433076,0.5306022,1477.0,1584.0,1475.0,1584.1750493096647,123451.0,1.0,0.4,0.4,0.4,0.4,0.0,0.0,0.003735721909144688,0.007317016474242051,-0.0021019565607591816,-1.932164820335223,0.21796697410648264,-9.675024652699038,15.87820713164981,24.89665388438753,101134.4342301478,0.9949310795033358,-0.01625495136916234,-0.0908281414306894,-0.039977299503335804,nan,nan,nan,1.993930302282509,-0.15569818060525323,-0.08949691438960142,0.3641166263499513,-0.013157897670950507,0.41104745474567705,7719.443104808167,8953.301469266993,7712.600610207837,8956.845242474807,"1,1,25",1
956,84646773,69.06777300000068,-5.1847312278827356e-05,-0.07648881610423452,-0.00016654933140065146,0.5305242,1476.0,1584.0,1476.0,1584.2491228070176,123451.0,1.0,0.4,0.4,0.4,0.4,0.0,0.0,-0.007475324478915663,0.00945187322939257,0.00038770291684236957,-1.8486889447289157,0.16063041427208835,-9.660747735190764,15.884690307195198,24.896643171099957,101134.35696189872,0.9949417608543591,-0.016274551936047963,-0.09071483443917062,-0.03996173321109168,nan,nan,nan,1.993925096922988,-0.15576461667919836,-0.0889543282613725,0.36184757190710115,-0.014061457872081712,0.41005713857344356,7717.57224011206,8953.037763916014,7721.843339868018,8958.253302734198,"1,1,25",1
957,84696773,69.11777300000068,1.7280191136824315e-05,-0.07619364547297297,0.0006539168951013514,0.5300183,1476.0,1584.0,1475.0,1583.0,123451.0,1.0,0.4,0.4,0.4,0.4,0.0,0.0,-0.008728160759402121,0.003917491037945997,-0.0011928513393442623,-1.8625553580038574,0.21304389542912247,-9.555664736258437,15.907217917688095,24.896633095991582,101134.0789905879,0.9949591868447653,-0.016353241049338146,-0.09048608383730444,-0.04001293146762936,nan,nan,nan,1.993919891451459,-0.15583105391952726,-0.08841128672363767,0.3634382661431795,-0.014966031310769231,0.41127910721641026,7712.884343774405,8952.07981889643,7709.172584570222,8944.337371142483,"1,1,25",1
958,84746773,69.16777300000068,8.915104920394241e-05,-0.07666169742987111,5.03137071165024e-05,0.5297536,1475.0,1583.75783619818,1475.0,1583.0,123451.0,1.0,0.4,0.4,0.4,0.4,0.0,0.0,-0.002187402327723023,0.009742907965579984,-0.000417043761981299,-1.8693950497851908,0.2084247754359363,-9.6804471119535,15.928166403410401,24.89662068005749,101133.80700143726,0.9949759181473045,-0.01639173426778031,-0.09030556777524677,-0.03999078508554796,nan,nan,nan,1.9939195,-0.15583605,-0.08837045,0.36392999952905397,-0.014971780846827334,0.40886708107460484,7710.874780236886,8945.758442041162,7709.419945959344,8946.296973852506,"1,1,25",1
959,84796773,69.21777300000069,0.00014877386536501196,-0.07613538292142288,4.862736564905759e-05,0.53028476,1476.0,1583.7830589484865,1476.0,1583.2169410515135,123451.0,1.0,0.4,0.4,0.4,0.4,0.0,0.0,0.003620296178787879,-0.002443656260606061,0.003555932084848485,-1.8480946666666667,0.20681513575757576,-9.621535909090909,15.951608921642386,24.89661003364267,101133.54084106676,0.9949867309207026,-0.01634412678392762,-0.09016385341405002,-0.04005946680441724,nan,nan,nan,1.9939195,-0.15583605,-0.08837045,0.36276233641467615,-0.014558774035951736,0.41103416620044325,7717.516949414157,8952.870722265357,7710.982847534401,8945.928785839978,"1,1,25",1
960,84846773,69.26777300000069,-0.00040188078808143894,-0.07512368574569073,-0.00035870262536847366,0.5301049,1476.306943056943,1582.0,1477.0,1583.0,123451.0,1.0,0.4,0.4,0.4,0.4,0.0,0.0,-9.485638955522221e-05,0.004221263441379311,0.00019354059220389776,-1.884340556621689,0.2701379596701649,-9.67426250149925,15.888407779259714,24.89659946338932,101134.30246746358,0.994987068690773,-0.016303304075561097,-0.09015243614513715,-0.04009377584064838,nan,nan,nan,1.9939099464098875,-0.15595820402290958,-0.08844155873600576,0.36318279191748054,-0.01415003222583217,0.4109514277058003,7723.052693638307,8944.824170898206,7717.018359305447,8942.481939313568,"1,1,25",1
961,84896773,69.31777300000068,-0.00021468841781992798,-0.07555876297719087,0.00022800511340456182,0.52935445,1476.0,1582.0,1475.0,1582.0,123451.0,1.0,0.4,0.4,0.4,0.4,0.0,0.0,-0.002141250151769508,0.008963891067082834,0.0008930670739639855,-1.8819773164705882,0.2457294728907563,-9.568932914045618,15.895369898883338,24.896586091627935,101134.20599425277,0.9949987902610115,-0.016351705236308554,-0.09004296465625729,-0.04002872487974831,nan,nan,nan,1.9938985025176563,-0.1561045278087671,-0.08852673726072456,0.362284708218937,-0.01638851532291447,0.4109601114480817,7714.549022033698,8931.7982954101,7713.4713631284285,8936.902552490006,"1,1,25",1
962,84946773,69.36777300000068,0.00020156154786848073,-0.0754846916553288,-0.00016489037095238096,0.5286976515646259,1474.2608366935483,1581.2608366935483,1475.2608366935483,1581.2608366935483,123451.0,1.0,0.4,0.4,0.4,0.4,0.0,0.0,0.0006815536550125946,0.01869901975302267,-0.0019506030342644836,-1.9143619211586902,0.22274888871284634,-9.649840511838791,15.933070198940957,24.89657540545465,101133.75888430224,0.9950167175170154,-0.01633344140509201,-0.08984202667506933,-0.040042277807915305,nan,nan,nan,1.9938994615303238,-0.1560923389495855,-0.0860968337769432,0.3630945987317372,-0.013969593293382977,0.4119479299340183,7707.541549828875,8929.168085595667,7707.443651733116,8929.148656347505,"1,1,25",1
963,84996773,69.4177730000007,0.0006512674023224887,-0.07558733692662076,-2.375345364212776e-05,0.5281937204417003,1474.0,1581.198955365622,1475.0,1581.0,123451.0,1.0,0.4,0.4,0.4,0.4,0.0,0.0,-0.006404662230016623,0.010957969009498933,0.0012950089694253146,-1.8648368949655663,0.26760989515079553,-9.550988708382807,15.886791061242139,24.896562094496858,101134.30643262579,0.995044507270789,-0.016377115084103295,-0.08953660326344468,-0.04001732857853589,nan,nan,nan,1.9939004232722308,-0.15608011520994827,-0.08366637685336321,0.3608505934251069,-0.015556923301162906,0.4114183674520426,7697.499829955976,8923.191419140792,7702.335773535202,8923.43063388688,"1,1,25",1
964,85046773,69.46777300000069,-0.00017006396577833754,-0.07612507600405823,-0.00042647269003918275,0.52880186,1474.0,1582.0,1475.0,1583.0,123451.0,1.0,0.4,0.4,0.4,0.4,0.0,0.0,0.002223438264781635,0.01604253484336506,0.00263089888050112,-1.8381429492581187,0.15369853833846586,-9.642701856033034,15.943994796761627,24.89655190636218,101133.62567967616,0.9950876648640957,-0.016457589627437028,-0.08906334810160808,-0.039969044799772306,nan,nan,nan,1.9939137773344213,-0.15590939614701083,-0.07999419567729064,0.36142292648742663,-0.016392242415213747,0.41266073037720036,7691.734919433679,8930.525542626805,7704.491488574191,8936.528722509913,"1,1,25",1
965,85096773,69.51777300000069,-0.0007518042881283928,-0.0750759578428133,-5.1023208082369595e-05,0.5267809757847534,1474.0,1579.0,1473.0,1580.0,123451.0,1.0,0.4,0.4,0.4,0.4,0.0,0.0,0.010086228326802785,0.005656738278295763,0.001476504450560604,-1.8920384495456155,0.2570813630355246,-9.455915078425587,15.926014699004448,24.896541523829697,101133.84261808939,0.9951063618940913,-0.016349873580257104,-0.08887365782344617,-0.03997032603490978,nan,nan,nan,1.9939282057693837,-0.15572493606899776,-0.0762143611565137,0.36121222643454726,-0.015191237849122376,0.411471466035105,7686.807237444166,8903.708578450354,7686.425269624331,8906.094290597135,"1,1,25",1
966,85146773,69.56777300000068,-0.0004598074738970224,-0.075686775882134,-0.00010031834109243176,0.5280826788957816,1474.0,1581.0,1474.0,1581.3212293964555,123451.0,1.0,0.4,0.4,0.4,0.4,0.0,0.0,0.0012877740822970591,0.012379111744199032,0.00105813252428341,-1.8791717533440875,0.1942042431393473,-9.512829183769698,15.915480438138612,24.896531506549113,101133.96779256924,0.9951275705898389,-0.016310569085006197,-0.08865582746369269,-0.03994147797026022,nan,nan,nan,1.9939325890836637,-0.1556686687970603,-0.07433233477481845,0.36164484997443846,-0.015536394298105934,0.4106966172603084,7693.0180366700315,8916.566191015843,7692.873358203283,8918.663383056914,"1,1,25",1
967,85196773,69.6177730000007,-0.0003993545902939759,-0.07534657572433735,0.0005138508654457831,0.528353924,1475.0,1581.0,1474.0,1581.0,123451.0,1.0,0.4,0.4,0.4,0.4,0.0,0.0,0.0012629249018540813,0.003184848357476523,-0.0018022156256441127,-1.8307343871418253,0.19825569267999038,-9.657577148808091,15.889671562384473,24.89652245765943,101134.27446135628,0.9951497385655639,-0.01621674074329872,-0.08842161623762376,-0.03994640435208887,nan,nan,nan,1.9939359825623673,-0.15562503350876003,-0.07263731640155519,0.36185695930407763,-0.016281311769132546,0.411778301528901,7706.951910107477,8917.854520068391,7699.936380981464,8917.824413866938,"1,1,25",1
968,85246773,69.6677730000007,0.0001761539784012294,-0.07413503438949427,-0.00027717530455850797,0.52835643,1475.0,1580.0,1475.7656424581005,1580.0,123451.0,1.0,0.4,0.4,0.4,0.4,0.0,0.0,-0.004152713831731844,-0.003611121377094972,0.004717829782793296,-1.8072277181005587,0.196341290726257,-9.599177462569832,15.915806229216685,24.89651372149675,101133.96387968223,0.9951488871292669,-0.016208674000559597,-0.08840476619362059,-0.04000823331673195,nan,nan,nan,1.9939296677917973,-0.15570575292322414,-0.07203899070097881,0.36065392359110804,-0.01403430603913827,0.41201733295339454,7710.865503100483,8913.91679062503,7705.488859741508,8909.227680908421,"1,1,25",1
969,85296773,69.71777300000069,0.00010771238352855051,-0.07444125556661786,0.0003554617528770132,0.529065,1476.0,1581.726161369193,1476.0,1581.0,123451.0,1.0,0.4,0.4,0.4,0.4,0.0,0.0,0.0013131637299731512,0.006862628633756407,0.00030785946643885776,-1.8501141215523553,0.25495057602880156,-9.69836244764462,15.927605766228096,24.89650562324619,101133.84072145962,0.9951618822919208,-0.01627748656333903,-0.0882548154722968,-0.03998648687820356,nan,nan,nan,1.9939216063794378,-0.15580884538502346,-0.0716379744429304,0.3616353448103654,-0.014159931228653694,0.4121334508439238,7711.394421508834,8920.733618896285,7716.869064477579,8919.982340869288,"1,1,25",1
970,85346773,69.76777300000069,-0.0010910607706391944,-0.0753686302964177,-0.00015041083768438303,0.5293732987824865,1476.0,1581.0,1475.0,1583.0,123451.0,1.0,0.4,0.4,0.4,0.4,0.0,0.0,0.00504003314262295,0.014093996763934425,-0.0006590421068852462,-1.7857110481967213,0.28271514268852455,-9.505219009836066,15.932283048622367,24.89649689465154,101133.79239059967,0.9951894947178003,-0.016083162822720695,-0.08801032528219971,-0.03991708206078147,nan,nan,nan,1.9939233403655707,-0.1557870628201847,-0.0715160897485508,0.3602924704001308,-0.015374261135979074,0.4129376352270405,7718.11959362819,8920.00114462914,7710.7656723633445,8936.013580761724,"1,1,25",1
971,85396773,69.8177730000007,0.00010130888020654208,-0.07486189054953271,-0.0001527004864130841,0.529476,1476.0,1582.0,1476.0,1582.0,123451.0,1.0,0.4,0.4,0.4,0.4,0.0,0.0,-0.012518821736399326,0.0019311152901289963,-0.0006550615887100392,-1.8164054559169938,0.18546538807627594,-9.737302445877734,15.93937622146673,24.896488273919378,101133.6970568237,0.9952048921285741,-0.016107978566996823,-0.08782625812707905,-0.039929435135488696,nan,nan,nan,1.9939258710924146,-0.1557551231374328,-0.07141690913105345,0.3616483042999711,-0.015563763457766848,0.411806067724906,7720.011474167443,8928.296141973566,7718.617159179843,8931.478764229865,"1,1,25",1
972,85446773,69.8677730000007,0.00019118277113897898,-0.073933547206006,-7.559243795147148e-05,0.5295114994474475,1477.0,1581.0,1477.0,1581.3369774147045,123451.0,1.0,0.4,0.4,0.4,0.4,0.0,0.0,-0.00494509972455824,0.0004213425517129464,0.003946483888640462,-1.8155920475658132,0.17584530592859718,-9.594291126938334,15.915304535299986,24.896480232320663,101133.98558931121,0.9952096424677477,-0.01627084616877737,-0.08774853045756895,-0.039916477861522075,nan,nan,nan,1.9939263,-0.15574971,-0.0714001,0.3611501143214286,-0.01643308070675,0.41259099748035716,7721.879725121983,8923.669950097717,7726.007077441603,8923.882412841936,"1,1,25",1
973,85496773,69.9177730000007,0.0008639781071368887,-0.07390282167510445,-0.00012426079836569181,0.5304392987589088,1477.0,1582.7840294840296,1478.0,1582.0,123451.0,1.0,0.4,0.4,0.4,0.4,0.0,0.0,-0.007290884722358722,0.0018711463630958231,0.004059245495626536,-1.8615799777886977,0.18981204877149876,-9.687617219164618,15.908218079388464,24.89647135646659,101134.07036907821,0.9952077591138929,-0.01651337260677467,-0.08773489337997055,-0.03989280415120275,nan,nan,nan,1.9939263,-0.15574971,-0.0714001,0.3589994654479993,-0.014798753997872515,0.41225611878201457,7727.062139697427,8931.850543945318,7738.566329492263,8928.394396533262,"1,1,25",1
974,85546773,69.96777300000069,0.0005100374646844028,-0.07322957617944706,0.00010209105737923839,0.5305815,1478.0,1582.0,1479.0,1581.0,123451.0,1.0,0.4,0.4,0.4,0.4,0.0,0.0,-0.005475386237137634,0.00028382568598850876,-0.0028699342384434575,-1.8425954875685557,0.23947507459388875,-9.703649797858448,15.92365288256465,24.896463051452944,101133.86834832617,0.9952042399895452,-0.016547863484317825,-0.08777564750392054,-0.03987694002822791,nan,nan,nan,1.9939373024956721,-0.15560878097455294,-0.07167507455675302,0.3597719755786678,-0.01614610801040053,0.4115457935428192,7741.142698730719,8927.901127929643,7742.148039868177,8926.03107661122,"1,1,25",1
975,85596773,70.0177730000007,0.00019253621240546476,-0.07291220572334717,0.00010737781934862161,0.5305610090265918,1478.7459736456808,1581.7459736456808,1478.2540263543192,1581.0,123451.0,1.0,0.4,0.4,0.4,0.4,0.0,0.0,-0.0002034577674963397,0.0009549219031039532,0.004318670666861884,-1.7574987403611517,0.19804232796974133,-9.78974913567594,15.934431298623265,24.89645564632676,101133.7382316338,0.9952003336031204,-0.016490661893710384,-0.0878163761287177,-0.03990838349049244,nan,nan,nan,1.9939492104740175,-0.1554562537813335,-0.07197267895169764,0.36091213374153724,-0.015190897342692154,0.4126130456192752,7746.57667985827,8929.303562109402,7742.680941357501,8921.338558447083,"1,1,25",1
976,85646773,70.0677730000007,-0.00036651688121281463,-0.07326829509839816,0.00017562792118993136,0.529694831034325,1478.0,1581.0,1477.0,1581.0,123451.0,1.0,0.4,0.4,0.4,0.4,0.0,0.0,0.004068721572619048,0.01128382039514652,0.000594276130906593,-1.8244641780677655,0.23822172279761905,-9.762238630494506,15.943362861286596,24.89644614903698,101133.64241448382,0.9952168222680412,-0.016413818635051546,-0.08761229205498282,-0.03997767975670103,nan,nan,nan,1.9939428243656536,-0.1555380327554269,-0.07099098583511819,0.3620464297257979,-0.014364013462985117,0.41226427816337274,7739.54357167946,8922.178737988204,7732.0961564940235,8918.737564111327,"1,1,25",1
977,85696773,70.1177730000007,-0.0006817741493839835,-0.07415313618069816,0.0003525646104517454,0.5293891298562627,1477.0,1581.0,1475.6716111364674,1581.3283888635326,123451.0,1.0,0.4,0.4,0.4,0.4,0.0,0.0,0.007774227793785698,0.021142814809001598,-0.0011153903344939455,-1.7731917285583734,0.27908531622344074,-9.714448414210645,15.95976906769352,24.89643758992111,101133.44820157785,0.9952570113854595,-0.016271089225880202,-0.08717417100137174,-0.03999366227754916,nan,nan,nan,1.9939349613651711,-0.15563872740086832,-0.06990601429628558,0.35993715382262514,-0.015313644454552622,0.41284292230981473,7731.194468725611,8919.025859228504,7718.220816698975,8917.853365136663,"1,1,25",1
978,85746773,70.1677730000007,0.0003281682304231119,-0.07381257299135578,0.0002543733740969063,0.5287564,1476.0,1581.0,1476.0,1580.0,123451.0,1.0,0.4,0.4,0.4,0.4,0.0,0.0,-0.0028957784785404797,0.017102773057240592,0.001579651327913341,-1.874444321436716,0.16476235257012545,-9.579244555758267,15.945683749218883,24.896429458615007,101133.60812077488,0.9952894387755102,-0.016297049931972788,-0.0867613994557823,-0.040072982775510205,nan,nan,nan,1.993915324335484,-0.15588974098735484,-0.06840196117563871,0.3595523725952062,-0.015253193852901813,0.41299647897189434,7723.761526510819,8916.882766256664,7717.582234690956,8912.72139918436,"1,1,25",1
979,85796773,70.2177730000007,0.0002462072009194843,-0.07360025669180248,0.0006285833352420336,0.5288841164436877,1477.0,1581.0,1476.0,1579.8581508515815,123451.0,1.0,0.4,0.4,0.4,0.4,0.0,0.0,-0.002956838231303289,0.013556378798781974,-0.006444266533836784,-1.8516238663581,0.2604893624238733,-9.569582327649208,15.9331875,24.896419990394037,101133.75001921193,0.9953157836388008,-0.016265399867657813,-0.08645572465756764,-0.04009166756714599,nan,nan,nan,1.993893646916129,-0.1561668042131613,-0.06682528298209033,0.359190573482169,-0.01605087220732472,0.41425973590785564,7724.580737597813,8915.147745068722,7717.937861108399,8905.355021386422,"1,1,25",1
980,85846773,70.2677730000007,0.00011588729990409239,-0.0735123047928697,-0.00013189075157921164,0.52930576,1476.6306803916646,1580.6306803916646,1477.0,1581.0,123451.0,1.0,0.4,0.4,0.4,0.4,0.0,0.0,0.0008364815818524096,0.005653928872439758,-0.0025971944036144575,-1.7889686602660644,0.21736131268574296,-9.640125442269076,15.9331875,24.896410384430656,101133.76923113869,0.9953339645842753,-0.016346050863350916,-0.08622890359834214,-0.040097256618437584,nan,nan,nan,1.9938858367546595,-0.15626672999916563,-0.06498389707704502,0.357216560706316,-0.016224325854751944,0.4124667423545527,7723.4323981201105,8913.399762255813,7729.9278602295735,8915.296054541217,"1,1,25",1
981,85896773,70.3177730000007,-0.0005794172401054217,-0.0731392202560241,0.00036400785557228914,0.5285117,1477.0,1580.0,1475.1468005018821,1580.0,123451.0,1.0,0.4,0.4,0.4,0.4,0.0,0.0,0.0028442186364959834,0.006810064544678715,-0.0014002742660805723,-1.808849596812249,0.2814340965913654,-9.648719781501004,15.974710217014927,24.89640260487241,101133.25234106886,0.9953500911513323,-0.01625827193841126,-0.08606973377199598,-0.04007476084288587,nan,nan,nan,1.9938793181217993,-0.1563501580699632,-0.0631178575897746,0.3597575294695071,-0.015983692753550542,0.414707583625731,7723.08446022939,8903.691978759556,7722.167259594857,8910.121078564443,"1,1,25",1
982,85946773,70.3677730000007,0.00019606972417495025,-0.07297720473161033,-3.3863411550695837e-05,0.5286508777335984,1476.3113817097415,1580.0,1476.6886182902585,1579.6886182902585,123451.0,1.0,0.4,0.4,0.4,0.4,0.0,0.0,-0.004169168006038768,0.0027829664424204774,0.002060066309120278,-1.801016909840954,0.17917148169234592,-9.577628619284294,15.961787558921527,24.896394059553444,101133.42174524147,0.9953602835772761,-0.01625387493425949,-0.08597602463904738,-0.040025163972463404,nan,nan,nan,1.9938900224854867,-0.15621309410287568,-0.05892657464216282,0.3584452413445047,-0.015445571554657467,0.4136936822109414,7722.648927441353,8900.957365869344,7724.57658442389,8903.547961230466,"1,1,25",1
983,85996773,70.41777300000071,0.00023285147211050012,-0.07266168996072271,4.91349932631579e-05,0.5271580536684997,1475.0,1578.0,1475.0,1578.0,123451.0,1.0,0.4,0.4,0.4,0.4,0.0,0.0,-0.0020754927724789918,0.004313859132878152,0.002091741307615546,-1.7567563728991595,0.23720281957457984,-9.663382545693278,15.943877002017224,24.89638619543797,101133.63202203429,0.9953670407813319,-0.016322219082328265,-0.08590527445568956,-0.03997876625773466,nan,nan,nan,1.9939007748625819,-0.15607541545912168,-0.05472880949722271,0.3594697581648089,-0.014594863110270702,0.41392312425557326,7709.800921801734,8886.553304931653,7714.461031591552,8887.009448339884,"1,1,25",1
984,86046773,70.4677730000007,-0.00044402487512913225,-0.07293876373450413,-0.00016175351827995863,0.5275486,1475.2704727460605,1578.0,1475.0,1579.0,123451.0,1.0,0.4,0.4,0.4,0.4,0.0,0.0,-0.0030472667948837208,0.012522888491860465,0.006253083422558139,-1.7709975837984497,0.23426140956589148,-9.654504411627906,15.879021441259866,24.896380948348533,101134.41112453061,0.9953798662787691,-0.01632831611611068,-0.0857451764028963,-0.040002349032842,nan,nan,nan,1.9939026732773402,-0.15605148322512521,-0.050472546735853996,0.35949400767929607,-0.014699595513604715,0.41385648609798814,7711.467253247002,8888.614748193222,7711.901607470665,8889.028989160335,"1,1,25",1
985,86096773,70.5177730000007,-0.00024650322850568017,-0.07287863544713079,0.0003788301623769298,0.5252895497815322,1474.0,1577.0,1472.7891671520092,1576.0,123451.0,1.0,0.4,0.4,0.4,0.4,0.0,0.0,0.005080790082871316,0.010726321420630288,-0.003065909323723373,-1.7707962024219432,0.2150065143594981,-9.590917690983368,15.897657649181163,24.896375292414252,101134.18899360191,0.9953974939027816,-0.016270197194717617,-0.08552812038269177,-0.04005150119696544,nan,nan,nan,1.993903835763899,-0.1560370054237748,-0.046211421739486766,0.3584304544609375,-0.014494284167578125,0.4142659857890625,7706.7607421875,8878.3017578125,7696.568359375,8875.9736328125,"1,1,25",1
986,86146773,70.5677730000007,-0.0004447704847632538,-0.07265023982436261,-0.0006710613258114123,0.52588004,1474.0,1576.0,1474.0,1577.73298323571,123451.0,1.0,0.4,0.4,0.4,0.4,0.0,0.0,0.004543932511192067,0.006354251727018822,0.005527262344828981,-1.764166986561425,0.21360372558996155,-9.580844768467921,15.914405466792747,24.896369662365114,101133.98240321505,0.9954098403423278,-0.016242723927507047,-0.08536853814136126,-0.04009757654087797,nan,nan,nan,1.9938990359419033,-0.15609826946951164,-0.04419408434864204,0.3585455212591758,-0.014649770988406415,0.4124037920767468,7697.124371142656,8866.593062353397,7693.768323950493,8873.82229023471,"1,1,25",1
987,86196773,70.61777300000071,0.0004999554566433567,-0.07253253468531469,-0.0006203281015384615,0.5261452594405595,1473.1988910318225,1577.0,1475.0,1577.0,123451.0,1.0,0.4,0.4,0.4,0.4,0.0,0.0,-0.014271753427537979,0.006014352987509042,0.00018771710149505667,-1.74665923221606,0.16903095051844708,-9.638844551965276,15.948281358364122,24.896366622081597,101133.59018601132,0.9954221031995192,-0.016322902948317307,-0.08525032830528846,-0.04001069621995192,nan,nan,nan,1.9938932551773971,-0.156171994862552,-0.0425459037410424,0.3594497018061262,-0.01597452460232681,0.4126946906146524,7695.017399096615,8871.18609042974,7705.388520092814,8875.323809081947,"1,1,25",1
988,86246773,70.66777300000071,0.0006577097222571994,-0.07272975240965555,-9.67147544808018e-05,0.5271617,1474.764149611856,1578.0,1476.0,1578.0,123451.0,1.0,0.4,0.4,0.4,0.4,0.0,0.0,-0.004867195629968988,-0.0008313102060896532,-0.001360071421291232,-1.8057395757259656,0.1939435773752467,-9.558913008175923,15.945096703532005,24.89636470146106,101133.61828814622,0.9954311640124242,-0.016522575236199353,-0.08512294368417338,-0.039975203208386274,nan,nan,nan,1.993895811666747,-0.1561391488004423,-0.04234875678644296,0.3577434546395052,-0.01411521045783739,0.41381993581933907,7698.340974676073,8881.515745694427,7716.053888805162,8880.259392667012,"1,1,25",1
989,86296773,70.7177730000007,-0.00040899154461133697,-0.07173487411026071,0.00020312603257833056,0.5281035587897632,1477.225837320574,1578.0,1476.0,1578.225837320574,123451.0,1.0,0.4,0.4,0.4,0.4,0.0,0.0,0.006975061665725903,-0.007265459913561349,-0.0009601837282707487,-1.80804777668022,0.19460897710117198,-9.552630685960297,15.93098153737131,24.896364,101133.7872664172,0.9954251381248505,-0.016498930914613727,-0.08516769907916766,-0.04003820359005023,nan,nan,nan,1.993899080740349,-0.1560971940867266,-0.04227562953294554,0.35886354722562325,-0.014019666887055275,0.4134836002022891,7727.162744726945,8890.021864843817,7717.298130004986,8886.662166943595,"1,1,25",1
990,86346773,70.7677730000007,-0.0002863142994495413,-0.07145157035521055,0.00012564119468360383,0.5290354437214774,1478.0,1579.0,1477.7061320754717,1579.0,123451.0,1.0,0.4,0.4,0.4,0.4,0.0,0.0,0.004315710482357092,-0.0009649283967772289,0.003048160572706422,-1.8021456150082333,0.1572435074782404,-9.584482235709244,15.941643203413363,24.896364,101133.67109873686,0.9954246974352942,-0.01638651030235294,-0.08520717830282352,-0.040012851592,nan,nan,nan,1.9939015380401899,-0.1560655124290265,-0.04357005043641937,0.35755251495604584,-0.01567036111057485,0.41354397150435235,7737.68516450214,8895.963369336141,7732.099154321446,8899.866753320224,"1,1,25",1
991,86396773,70.81777300000071,0.0008155337780544747,-0.07110623648711088,-0.0001406332937816148,0.52958226,1478.0,1580.0,1479.7550474337145,1579.0,123451.0,1.0,0.4,0.4,0.4,0.4,0.0,0.0,-0.008643229332684825,0.0043437854786964976,0.00045041716400778234,-1.7780370020671206,0.25854712664396884,-9.602380222762646,15.963208517661435,24.896365090450605,101133.41596754796,0.9954192878773126,-0.01644009405842259,-0.08526041211976632,-0.04001178125949367,nan,nan,nan,1.9939038420491655,-0.1560357706783804,-0.04512271156678621,0.3591584702381243,-0.01457266145011601,0.4127753782000244,7745.225124389588,8905.766517920138,7751.734582202556,8900.538329199562,"1,1,25",1
992,86446773,70.86777300000071,-0.00021090495370505786,-0.0709049538702011,0.00019314128449344912,0.5305435804539915,1480.0,1580.0,1480.0,1580.0,123451.0,1.0,0.4,0.4,0.4,0.4,0.0,0.0,0.005870340454545455,0.0037252738595041322,-0.003880007860606061,-1.7967886129476585,0.1895403943617998,-9.686146856749312,15.942051454507322,24.896366,101133.66251868517,0.9954189732745515,-0.01652355759410155,-0.08524994930678018,-0.04000683629309821,nan,nan,nan,1.9939042,-0.15603115,-0.045363933,0.35865690308020437,-0.01632397322092158,0.4130699014037002,7760.596573828313,8909.969861083842,7759.618546044847,8908.683863378974,"1,1,25",1
993,86496773,70.91777300000071,-0.0005820862477386935,-0.07084465112933086,-0.00015126127056334303,0.530613916831526,1480.0,1579.7095665961945,1480.0,1581.0,123451.0,1.0,0.4,0.4,0.4,0.4,0.0,0.0,0.004519080576130056,0.002458397945995242,0.003708669432619614,-1.748563043854084,0.27820313960877613,-9.637135413692837,15.953862463670806,24.896366,101133.51593731948,0.995440905436345,-0.01640003710831622,-0.0850322806783881,-0.03997471872125257,nan,nan,nan,1.9939042,-0.15603115,-0.045363933,0.35895664394700855,-0.015795885493846154,0.413882751408547,7760.877654472751,8910.8881975781,7758.805843886777,8914.235526562356,"1,1,25",1
994,86546773,70.9677730000007,-0.0003096002737842256,-0.07126685498569678,-0.00022132959909276667,0.5310434434818145,1480.0,1580.7125715844015,1480.0,1581.0,123451.0,1.0,0.4,0.4,0.4,0.4,0.0,0.0,-0.0013134668337731227,0.016499391589907507,0.005244761960716812,-1.7074754483813928,0.281679067289173,-9.585407734834059,15.995975798563391,24.896366,101133.01117089408,0.9954628764632983,-0.01630450959485224,-0.08477070437940896,-0.0400233373164919,nan,nan,nan,1.9939085015325824,-0.1559768115222324,-0.04656814746813423,0.35980698940299055,-0.015815279935905483,0.41526100384197895,7771.4002109141475,8913.925358630931,7757.7547227261075,8916.663526646313,"1,1,25",1
995,86596773,71.01777300000072,-2.1817054583781022e-05,-0.07157826841340496,9.422471570734202e-05,0.5307206,1479.85955920041,1581.0,1479.14044079959,1581.0,123451.0,1.0,0.4,0.4,0.4,0.4,0.0,0.0,-0.011756427860613811,0.018487373935805625,0.0017562635472531968,-1.6894358119181585,0.2076249411483376,-9.64107371943734,15.968395849616149,24.89636524328748,101133.34161100503,0.9954943483430233,-0.01635456877616279,-0.08440558100581395,-0.03999297420348837,nan,nan,nan,1.9939135769674774,-0.15591269683730744,-0.047989015964611276,0.35736033435887915,-0.015221890707812307,0.4128957501011101,7762.254248925505,8913.749168164231,7761.857796191492,8918.002993359216,"1,1,25",1
996,86646773,71.06777300000071,0.00011415695376074025,-0.07135515465300728,6.365797200925315e-05,0.5320457,1481.0,1582.0,1481.0,1582.0,123451.0,1.0,0.4,0.4,0.4,0.4,0.0,0.0,-0.006806560293107245,0.01694484059105924,0.0025696501884606916,-1.717817958621449,0.2594282123915437,-9.620359223739264,15.937339174058096,24.896363306068448,101133.71633247052,0.9955179981489642,-0.01663951684971353,-0.08405292213926839,-0.040028020081533715,nan,nan,nan,1.9939089187255294,-0.15597247286576107,-0.04970742307003596,0.3567451394950432,-0.015906578190066904,0.41534434127167064,7767.413596191638,8923.130977306735,7768.828650414021,8920.693361607482,"1,1,25",1
997,86696773,71.11777300000071,-0.0004557781491116926,-0.07100387025754028,0.00021147741625946836,0.53215045,1482.0,1581.5253443526171,1481.0,1582.0,123451.0,1.0,0.4,0.4,0.4,0.4,0.0,0.0,-0.007469098011914601,0.008821764143250688,0.00276790035738292,-1.692730756184573,0.15709273798760331,-9.671872577961432,15.94145800908514,24.896360773957852,101133.66689836179,0.9955427215406857,-0.01681541519262013,-0.08372435304213136,-0.040027859892606356,nan,nan,nan,1.9939023765761088,-0.15605622736036756,-0.051483417376867756,0.3575728717463714,-0.016500211297357646,0.41573794180033496,7782.712789233519,8930.906806689163,7776.350190454283,8929.698778955013,"1,1,25",1
