Index,Timestamp,trueTime,_actuator_controls_0_0_control[0],_actuator_controls_0_0_control[1],_actuator_controls_0_0_control[2],_actuator_controls_0_0_control[3],_actuator_outputs_0_output[0],_actuator_outputs_0_output[1],_actuator_outputs_0_output[2],_actuator_outputs_0_output[3],_rfly_ctrl_lxl_0_id,_rfly_ctrl_lxl_0_mode,_rfly_ctrl_lxl_0_controls[0],_rfly_ctrl_lxl_0_controls[1],_rfly_ctrl_lxl_0_controls[2],_rfly_ctrl_lxl_0_controls[3],_rfly_ctrl_lxl_0_controls[4],_rfly_ctrl_lxl_0_controls[5],_sensor_combined_0_gyro_rad[0],_sensor_combined_0_gyro_rad[1],_sensor_combined_0_gyro_rad[2],_sensor_combined_0_accelerometer_m_s2[0],_sensor_combined_0_accelerometer_m_s2[1],_sensor_combined_0_accelerometer_m_s2[2],_vehicle_air_data_0_baro_alt_meter,_vehicle_air_data_0_baro_temp_celcius,_vehicle_air_data_0_baro_pressure_pa,_vehicle_attitude_0_q[0],_vehicle_attitude_0_q[1],_vehicle_attitude_0_q[2],_vehicle_attitude_0_q[3],_vehicle_local_position_0_x,_vehicle_local_position_0_y,_vehicle_local_position_0_z,_vehicle_local_position_0_vx,_vehicle_local_position_0_vy,_vehicle_local_position_0_vz,_vehicle_magnetometer_0_magnetometer_ga[0],_vehicle_magnetometer_0_magnetometer_ga[1],_vehicle_magnetometer_0_magnetometer_ga[2],TrueState_data_motorRPMs[1],TrueState_data_motorRPMs[2],TrueState_data_motorRPMs[3],TrueState_data_motorRPMs[4],UAVState_data_cmd,UAVState_data_fault_state
0,17848000,22.458000000000002,-6.233686553846154e-05,0.0003554668669230769,1.7901183076923078e-05,0.14145162076923076,1139.44,1139.44,1139.44,1139.44,0.0,0.0,0.0,0.0,0.0,0.0,0.0,0.0,0.00026632653,-0.013049487,-0.0026631688,0.084994175,0.004788673,-15.389931,1.0484322384615383,24.99333469230769,101312.42,0.9999960576923077,-1.5283792615384617e-05,0.0010968419507692308,-0.0025834123153846153,0.0471541392,0.05188931272,-0.0790361832,0.00754462088,-0.0017464605408,0.00880240408,0.2744092716666667,-0.033362625,0.471801905,3942.4978027343723,3936.9172363281227,3940.3647460937477,3938.463134765623,"2,1,0.5,1,15",0
1,17898000,22.508000000000003,-0.00011986764810416667,0.00029272406979166665,-7.864234583333334e-05,0.14455232041666666,1142.44,1142.44,1142.44,1142.44,0.0,0.0,0.0,0.0,0.0,0.0,0.0,0.0,-0.0010652603499999996,-0.0055260719,0.00652474025,-0.022146362749999995,0.0035914157947750003,-6.4661404749999996,1.013942023076923,24.993318076923078,101312.82003846153,0.99999637,1.9032130000000013e-06,0.0009199168779166667,-0.002550273025,0.0484434817,0.05258249822,-0.08157018819999999,0.008612700380000001,-0.0010753920108,-0.04167684892,0.275717765,-0.033644425000000006,0.47172170999999996,3793.6269531249973,3786.2337646484348,3799.7834472656227,3792.667724609372,"2,1,0.5,1,15",0
2,17948000,22.558000000000003,0.00024298924026923077,0.00015328790269230767,0.00015914001769230769,0.1614682876923077,1146.64,1146.4,1146.64,1146.64,0.0,0.0,0.0,0.0,0.0,0.0,0.0,0.0,-0.00020713267777777754,0.0037876045666666667,-0.0031662068555555556,-0.05253942911111111,0.011705095666666667,-6.293691011111111,1.0097886846153847,24.993329384615386,101312.89123076924,0.99999646,-4.884139533333333e-05,0.0008292034800000001,-0.002538365333333333,0.0499793074,0.0526245714,-0.0829617548,0.00942764484,-0.0008808717432000001,-0.0857658984,0.27578163,-0.03374043,0.47186813,4076.1315917969055,4074.7270507812814,4071.694580078156,4072.813232421905,"2,1,0.5,1,15",0
3,17998000,22.608000000000004,5.212299791666671e-05,0.00042227708958333325,9.843136791666665e-05,0.16941987875,1152.14,1151.4,1152.14,1152.14,0.0,0.0,0.0,0.0,0.0,0.0,0.0,0.0,-0.0024634111250000004,-0.0077897494000000005,-0.004194476475,0.0843956075,0.03351908875,-15.025114250000001,1.0141225,24.993321653846156,101312.83692307693,0.9999963346153846,-0.0001076531026923077,0.0007763805553846154,-0.0025841272115384615,0.0516537799,0.0523003939,-0.0837106998,0.01010020084,-0.0009544098732000001,-0.1262604584,0.27606237499999997,-0.033050203,0.47225051,4186.613769531223,4185.588134765596,4189.929199218723,4180.513671874972,"2,1,0.5,1,15",0
4,18048000,22.658000000000005,-0.0003644680392307692,0.0006307234323076923,-0.00028734170538461534,0.1763972146153846,1166.52,1165.52,1166.52,1166.04,0.0,0.0,0.0,0.0,0.0,0.0,0.0,0.0,-2.7896887e-09,0.0007989455,0.0021305305,0.010773908,0.02394212,-5.9747314,1.0343472384615384,24.993313,101312.57153846155,0.9999964430769231,-9.735270107692308e-05,0.0006795936107692308,-0.0025883321153846155,0.05352273496,0.0520410212,-0.0837256832,0.01119579556,-0.001215280976,-0.09854601168,0.27751288,-0.034785554,0.4723115,4222.528320312531,4215.29150390628,4226.58544921878,4221.45361328128,"2,1,0.5,1,15",0
5,18098000,22.708000000000006,-0.00010324050375,0.0008991197625000001,-1.7131879999999962e-05,0.20174453833333333,1190.52,1189.52,1190.52,1189.04,0.0,0.0,0.0,0.0,0.0,0.0,0.0,0.0,0.0022636873,0.0028628991749999996,-0.00046605343992312497,0.03681085449999999,-0.0604533285,-14.989201750000001,1.0199011038461538,24.993325115384614,101312.74115384616,0.9999964827272728,-3.2021240545454544e-05,0.0006630933081818182,-0.0025905494454545454,0.055501086459999995,0.0518181012,-0.08332781319999999,0.01252934956,-0.001581526876,-0.032463998679999995,0.276933,-0.032815529999999996,0.471565665,4633.127441406279,4624.758300781277,4630.803710937528,4621.288085937525,"2,1,0.5,1,15",0
6,18148000,22.758000000000006,-4.6285743846153856e-05,0.000851980343076923,0.00025986403076923075,0.20228234615384613,1210.68,1210.16,1210.44,1209.16,0.0,0.0,0.0,0.0,0.0,0.0,0.0,0.0,0.0029294773,0.0050600083,0.004261056,0.008379708,0.008379836,-7.4244204,1.0126779846153846,24.993312461538462,101312.8256923077,0.9999963138461538,-1.023358526923077e-05,0.0006489827669230769,-0.002637469630769231,0.05719653492,0.051371706,-0.0859744328,0.013933893959999999,-0.002733333256,0.0036008776800000013,0.27544013,-0.03330133,0.47328082,4478.942382812509,4473.515625000009,4482.880371093757,4468.631347656259,"2,1,0.5,1,15",0
7,18198000,22.808000000000007,-0.00015912280041666666,1.5166924166666639e-05,0.0002856277383333333,0.21722423583333333,1226.68,1227.16,1225.94,1226.16,0.0,0.0,0.0,0.0,0.0,0.0,0.0,0.0,0.0030626275,0.016112126,0.00439421625,0.0335188265,-0.019153488500000003,-7.1592627,0.9929950000000001,24.993297,101313.055,0.99999615,5.333883493750001e-05,0.00082201181875,-0.0026484754,0.058732850419999996,0.050799606,-0.0903335778,0.015378370459999999,-0.004327017406,0.02278111468,0.27540873,-0.033248456499999995,0.47208236,4683.174072265676,4683.718505859427,4683.349609375049,4683.189697265678,"2,1,0.5,1,15",0
8,18248000,22.858000000000008,-0.00018252578384615384,-0.0002639985630769231,0.0001517849770769231,0.24932533615384617,1235.96,1236.48,1235.44,1235.72,0.0,0.0,0.0,0.0,0.0,0.0,0.0,0.0,0.0043942175,0.0209058195,-0.00239683455,-0.0017956514,-0.0017955100000000002,-8.223484,0.9949813384615385,24.993314769230768,101313.03692307691,0.9999957692307693,0.0002122875576923077,0.0011826667615384616,-0.002665203207692308,0.059661667999999994,0.050438264399999995,-0.08937702039999999,0.01570436824,-0.0050875031559999995,-0.021899769599999997,0.27744246,-0.033707183,0.4719979,5048.627441406298,5061.032226562546,5047.015136718798,5056.873046875047,"2,1,0.5,1,15",0
9,18298000,22.90800000000001,-8.8074190825e-05,0.00038909191833333336,-0.00012588163183333334,0.2533929575,1237.96,1237.48,1238.44,1237.22,0.0,0.0,0.0,0.0,0.0,0.0,0.0,0.0,0.002063952225,-0.009187906,0.0005326338025000001,0.05057751275000001,-0.012569305775000005,-14.4397305,1.018998176923077,24.99331676923077,101312.75923076922,0.999995528076923,0.0003336683757692308,0.00132288525,-0.0026687086,0.060248767999999994,0.050195474399999995,-0.08543038039999999,0.01540122174,-0.005379314806000001,-0.10250253459999999,0.27572754,-0.033254758,0.47184751999999996,5140.080566406195,5133.153320312444,5143.118652343696,5134.159179687441,"2,1,0.5,1,15",0
10,18348000,22.95800000000001,7.19791898e-05,0.00032036487692307697,0.0001306230269230769,0.2496222907692308,1249.08,1248.08,1249.36,1247.84,0.0,0.0,0.0,0.0,0.0,0.0,0.0,0.0,0.00213052745,0.00545948135,0.0010652662000000001,0.008978258999999999,-0.0035911464,-8.971674,1.0108721769230768,24.99328407692308,101312.86307692308,0.999995733076923,0.00036399589846153844,0.001213434323076923,-0.002654636053846154,0.06061633584,0.05025620952,-0.0862493852,0.01432175908,-0.0045823750000000005,-0.10974010919999999,0.27504918,-0.032935865,0.47175336,5096.863769531293,5101.260253906295,5100.725585937541,5103.520996093793,"2,1,0.5,1,15",0
11,18398000,23.00800000000001,-0.00022496686083333338,-0.00019563551125,0.0005878979166666666,0.27017765416666667,1270.08,1269.08,1268.86,1268.34,0.0,0.0,0.0,0.0,0.0,0.0,0.0,0.0,0.001265004525,-0.0011318435000000002,-0.0017310579875,0.0323217215,0.031424064,-9.29189725,1.031457953846154,24.99325773076923,101312.62538461538,0.9999955704545455,0.0003919013772727273,0.00130411115,-0.00266381385,0.06086041684,0.05048767752,-0.0897490652,0.01280561858,-0.0031730125,-0.0757097642,0.27542751,-0.0324369535,0.47173443,5312.537841796917,5318.917236328161,5307.116699218789,5316.345214843789,"2,1,0.5,1,15",0
12,18448000,23.05800000000001,-0.0004814311307692308,0.00014016668692307693,0.0005209340507692307,0.28658658615384613,1285.8,1285.28,1284.28,1284.52,0.0,0.0,0.0,0.0,0.0,0.0,0.0,0.0,0.002130536,-0.014381065,0.0039947615,-0.017956512,1.7736366e-07,-10.1621895,1.0130391461538462,24.993235692307692,101312.8443076923,0.9999955423076923,0.00042733206538461536,0.001224051323076923,-0.0027012701384615386,0.06074256792,0.050670465840000005,-0.0934170044,0.0109959104,-0.0023347831520000003,-0.08160684192,0.2765154,-0.033768766,0.47236982,5518.027343750035,5507.774902343786,5512.578125000032,5514.655273437532,"2,1,0.5,1,15",0
13,18498000,23.10800000000001,0.00013449555875000004,-0.00018938588375000002,0.00021535843641666666,0.2977215279166667,1295.8,1296.28,1295.28,1296.02,0.0,0.0,0.0,0.0,0.0,0.0,0.0,0.0,-0.00532632235,-0.005459480399999999,0.00013316227080873498,-0.0023942018,-0.019751976499999997,-10.8038355,0.9969677,24.993205423076923,101313.00907692307,0.9999958496153846,0.0003435873469230769,0.0010370506115384614,-0.002692956973076923,0.06042113342,0.05082587184,-0.0971795894,0.0090210704,-0.001817816202,-0.10996309492,0.276576935,-0.032756014,0.47175707,5651.471435546901,5651.380126953151,5652.498046875028,5649.033691406276,"2,1,0.5,1,15",0
14,18548000,23.158000000000012,0.0005061087707692308,-0.00017649541615384612,-0.00012955761092307694,0.3037644930769231,1302.44,1302.96,1302.44,1303.2,0.0,0.0,0.0,0.0,0.0,0.0,0.0,0.0,-0.011451599,0.0002663173,-0.0045273635,0.0047884034,-0.07062876,-11.267115,1.095743546153846,24.993158076923077,101311.81692307693,0.9999959833333333,0.00015244415333333334,0.0009107461333333333,-0.002696649666666667,0.059794953,0.05088790728,-0.10590258720000001,0.0068555023999999996,-0.001904008228,-0.17087183688,0.2762991,-0.03305221,0.4723444,5728.67919921876,5744.258789062506,5729.899902343763,5732.57812500001,"2,1,0.5,1,15",0
15,18598000,23.208000000000013,6.447222875e-05,0.0002901912079166667,-0.00025792465250000003,0.3064341066666667,1305.44,1304.96,1305.44,1305.7,0.0,0.0,0.0,0.0,0.0,0.0,0.0,0.0,0.007057394999999999,-0.00945421335,-0.00479368235,-0.025139122,0.010774109200000001,-11.5149145,1.0776857961538462,24.993085961538462,101312.04846153846,0.9999960711538461,8.881921038461539e-05,0.0007649919653846154,-0.002708778876923077,0.058997353,0.05089742178,-0.1174158172,0.004582649899999999,-0.002329477178,-0.25009135388,0.275353565,-0.0339868405,0.47190573999999996,5767.445312500005,5765.254150390628,5769.951416015631,5765.215087890629,"2,1,0.5,1,15",0
16,18648000,23.258000000000013,-0.00023752999384615386,-2.9872061538461516e-05,9.913654615384613e-05,0.30725586307692304,1307.0,1306.0,1306.76,1306.76,0.0,0.0,0.0,0.0,0.0,0.0,0.0,0.0,0.0075900123500000005,-0.007989482499999999,0.0019973756000000002,0.011971011499999998,-0.0221461635,-11.62265375,1.1044112615384616,24.992985692307695,101311.708,0.9999963199999999,0.00020265125333333332,0.0004959048533333334,-0.0026841725666666666,0.05833428932,0.05114229756,-0.1367350088,0.0029820385519999998,-0.002232261136,-0.3377806264,0.27490574,-0.03332748,0.47182748,5783.28173828125,5777.053222656255,5783.926757812498,5783.562011718751,"2,1,0.5,1,15",0
17,18698000,23.308000000000014,-0.00023809527000000002,-0.00014250329041666672,0.0003363848504166667,0.30718525458333334,1307.0,1306.0,1306.26,1306.26,0.0,0.0,0.0,0.0,0.0,0.0,0.0,0.0,0.0016644806449999999,-0.005858951950000001,-0.0022636909250000003,0.02513912075,0.024840046899999996,-11.60948425,1.0910485807692307,24.99285530769231,101311.87384615385,0.9999964125,0.00027274013875,0.0003263858925,-0.0026598032374999998,0.05774690232,0.05151956406,-0.16044505380000001,0.0017595628519999997,-0.001841034786,-0.4302341364,0.27567649,-0.033077164000000006,0.47297413,5784.853271484375,5782.556396484372,5784.181152343751,5782.748046874998,"2,1,0.5,1,15",0
18,18748000,23.358000000000015,-0.00045462766615384615,-0.0001383275646153846,0.00039416843999999995,0.3068585976923077,1307.0,1306.0,1306.0,1306.0,0.0,0.0,0.0,0.0,0.0,0.0,0.0,0.0,-0.0047936807,0.0015978997,-0.003462122,0.029927526,0.0035915014,-11.415554,1.1376375076923078,24.99269723076923,101311.3296153846,0.9999964285714286,0.000279232445,0.00022584218,-0.0026804889428571426,0.05705412364,0.0522225096,-0.1915163532,0.000706627232,-0.000627068052,-0.5216034032,0.27728143,-0.03232835,0.4720664,5781.914062499999,5780.578613281251,5776.116210937497,5778.139648437502,"2,1,0.5,1,15",0
19,18798000,23.408000000000015,-0.00035827684,-0.00018494870916666668,0.00039248670083333337,0.30671325958333334,1307.0,1306.0,1306.0,1306.0,0.0,0.0,0.0,0.0,0.0,0.0,0.0,0.0,-0.0065247438,0.0026631627499999998,0.0034621113,0.008978256,0.048482785,-11.441293,1.098813376923077,24.99251146153846,101311.80326923076,0.9999963,0.00022658760454545454,0.00021465403136363637,-0.0027161570954545456,0.056302062140000005,0.0531086496,-0.2267283582,-0.00025094209299999994,0.0010496901480000003,-0.6123627832,0.27619206500000004,-0.03266903,0.470293195,5774.258789062498,5778.257812499996,5770.467041015628,5777.635742187498,"2,1,0.5,1,15",0
20,18848000,23.458000000000016,0.00010451151538461536,0.0003449796738461539,0.00020294076538461537,0.30723852384615385,1304.12,1303.36,1303.36,1303.36,0.0,0.0,0.0,0.0,0.0,0.0,0.0,0.0,-0.006924228,-0.010918956,-0.00026631018,-0.0023942024,0.044292934,-11.390417,1.1033278,24.992298,101311.76,0.9999962769230769,5.412661923076923e-05,9.775800384615385e-05,-0.0027278024153846153,0.05542035808,0.05382869168,-0.2684036848,-0.0015271426180000001,0.002163043388,-0.7002054848,0.2758793,-0.032318942,0.47223458,5783.530273437506,5782.561035156256,5783.021484375003,5778.740234375003,"2,1,0.5,1,15",0
21,18898000,23.508000000000017,0.00025034303333333337,0.00015291615666666668,0.0002261733058333333,0.3022183954166667,1298.12,1297.86,1297.86,1297.86,0.0,0.0,0.0,0.0,0.0,0.0,0.0,0.0,-0.0034621089,-0.0014647411,-0.0035952678499999997,-0.0347159285,-0.00418965325,-11.463438,1.1845876076923076,24.99205569230769,101310.7696153846,0.9999962261538461,-0.00012314274615384614,-8.113805861538461e-05,-0.0027593846423076924,0.05446573008,0.05445530368,-0.31371462980000003,-0.002982573193,0.002959481338,-0.7864075548,0.27517424,-0.034354649,0.471664145,5752.855712890588,5755.501464843714,5749.927001953087,5748.637939453088,"2,1,0.5,1,15",0
22,18948000,23.558000000000018,0.00016067063615384614,-0.00021343727538461536,-0.0003567019215384616,0.2899571069230769,1290.44,1290.2,1290.44,1290.2,0.0,0.0,0.0,0.0,0.0,0.0,0.0,0.0,-0.0045273784,-0.008522119,-0.0029294684,-0.044292733,0.0131683005,-10.959458,1.2138411692307693,24.99179123076923,101310.40692307692,0.9999961666666667,-0.00023816569333333333,-0.00016980683333333335,-0.002763542733333333,0.053957625599999996,0.05489026192,-0.3648042852,-0.003739048296,0.004044543416,-0.8520812600000001,0.27921018,-0.03413478,0.4711229,5612.886718749947,5612.278320312449,5607.295898437457,5604.69580078121,"2,1,0.5,1,15",0
23,18998000,23.60800000000002,0.00018518526916666667,1.5799245833333334e-05,-0.0006668432783333332,0.28000998583333336,1280.94,1280.2,1280.94,1280.2,0.0,0.0,0.0,0.0,0.0,0.0,0.0,0.0,-0.004860260175,-0.006391590725,-0.0019307998250000001,0.04369418475,0.063446536,-10.42076325,1.2990736615384615,24.991508153846155,101309.42903846153,0.999996175,-0.000344770025,-0.00033487622625000003,-0.0027145540875,0.053700690599999996,0.05521741492,-0.41914446520000004,-0.004102360946,0.005291956566,-0.90620776,0.27641519999999997,-0.0330066415,0.47141225,5490.28833007809,5483.561767578084,5497.266601562465,5494.310791015583,"2,1,0.5,1,15",0
24,19048000,23.65800000000002,0.0003369041446153846,0.00013099317692307692,-0.00034577995076923076,0.2743858746153846,1274.56,1273.8,1274.32,1273.8,0.0,0.0,0.0,0.0,0.0,0.0,0.0,0.0,-0.009321069,0.003195784,0.002929475,0.034715924,0.013168284,-9.937136,1.3377171461538462,24.991215923076922,101308.94538461539,0.9999963384615385,-0.00048146236538461535,-0.00044323773923076923,-0.0026294754384615384,0.05362234952,0.0554763676,-0.4743785364,-0.004115279516,0.005995906996,-0.9336068808,0.2762454,-0.033908393,0.47223035,5413.794433593732,5414.009277343736,5420.729980468734,5417.584472656235,"2,1,0.5,1,15",0
25,19098000,23.70800000000002,0.00036279492583333333,-0.00026955425291666664,-1.076479791666668e-05,0.27147169,1271.56,1271.3,1270.82,1271.3,0.0,0.0,0.0,0.0,0.0,0.0,0.0,0.0,-0.000332899265,0.0069242204,-0.00046605206999999994,-0.05446808325000001,0.01646030925,-9.861119,1.3731103038461538,24.99092103846154,101308.50361538462,0.9999963625,-0.000637014325,-0.00038422990375,-0.0026000790625,0.05364446752,0.0556969576,-0.5301154214,-0.003931101416,0.006394159646,-0.9459718508,0.27886373,-0.034884523,0.470829245,5378.147460937492,5383.6567382812445,5378.541992187486,5379.625244140611,"2,1,0.5,1,15",0
26,19148000,23.75800000000002,0.00010176372030769231,8.00999238461538e-05,-9.867361538461541e-06,0.27021478538461535,1270.0,1269.76,1269.24,1270.0,0.0,0.0,0.0,0.0,0.0,0.0,0.0,0.0,0.002929473,-0.00292948,-0.001331585,0.019153617,0.009576976,-9.646238,1.427283553846154,24.990625846153847,101307.834,0.9999963,-0.0006707818076923077,-0.00032322964461538464,-0.0026236456923076925,0.0536608876,0.0558976468,-0.583897564,-0.0027914664712000003,0.007039260968,-0.9495872496,0.27792397,-0.03552172,0.4718872,5362.737304687493,5363.870605468741,5355.8671875000055,5356.426269531253,"2,1,0.5,1,15",0
27,19198000,23.80800000000002,-0.00012692031866666666,0.00039844088541666665,-0.0005514302333333333,0.27016101,1270.0,1269.26,1269.74,1270.0,0.0,0.0,0.0,0.0,0.0,0.0,0.0,0.0,0.00013316035000000002,-0.0007989491999999998,0.0007989474,0.028131867300000002,-0.002992584500000001,-9.63606475,1.4516614846153846,24.990333576923078,101307.5723076923,0.9999963346153846,-0.0006493551115384615,-0.0003293247603846154,-0.002620346507692308,0.0536741026,0.056087141800000004,-0.6365801640000001,-0.0011143870511999996,0.007823214668,-0.9482810146,0.276460706,-0.03404998,0.470295999,5362.4523925781305,5353.069824218748,5359.131347656251,5356.605712890625,"2,1,0.5,1,15",0
28,19248000,23.858000000000022,9.903009923076922e-05,5.0756034615384615e-05,-0.0003514216827692308,0.2707144292307692,1270.24,1269.48,1270.24,1270.24,0.0,0.0,0.0,0.0,0.0,0.0,0.0,0.0,-0.0037284223,0.0045273756,0.0039947447,0.027533324,-0.038307067,-9.613918,1.5042095076923077,24.990042923076924,101306.94461538461,0.9999964,-0.0006687727133333334,-0.00028289231,-0.0026024792666666666,0.053438572000000004,0.0563340336,-0.68719646,-0.00019035322479999994,0.007900912559999999,-0.9459794836000001,0.277237504,-0.033043585,0.470862214,5362.598632812501,5359.858886718759,5363.125000000003,5360.448242187508,"2,1,0.5,1,15",0
29,19298000,23.908000000000023,0.00044948604875,-0.00017129361849999996,-6.216347908333332e-05,0.27146038375,1270.74,1270.48,1270.74,1270.74,0.0,0.0,0.0,0.0,0.0,0.0,0.0,0.0,-0.00505999455,0.00945423,-0.0009320914,0.040102883,0.0197523375,-9.85154225,1.5596468153846155,24.989753192307692,101306.27134615384,0.99999634,-0.00075619994,-9.742856500000001e-05,-0.0025987223375,0.053063122000000004,0.0566132111,-0.73665046,0.0003100924552000001,0.00758134156,-0.9431180986000001,0.276412462,-0.0344647276,0.471150618,5371.111328125003,5379.29858398438,5367.734619140631,5371.880615234377,"2,1,0.5,1,15",0
30,19348000,23.958000000000023,0.00021062053,-2.7850467538461545e-05,-6.2616274e-05,0.27204921692307693,1271.48,1271.24,1271.48,1271.48,0.0,0.0,0.0,0.0,0.0,0.0,0.0,0.0,0.00026631792,0.0007989474,0.001065265,-0.004788404,0.02274509,-9.762358,1.6064163076923077,24.989465615384614,101305.70730769231,0.9999962861538462,-0.0008089780784615384,4.4946296153846156e-05,-0.002613593053846154,0.05196556923076923,0.05716127346153846,-0.7842164230769231,-0.0009498556846153846,0.008175995384615385,-0.9407958276923077,0.277198636,-0.033881513,0.473164152,5377.314453125001,5377.8251953125055,5377.7485351562555,5379.6469726562555,"2,1,0.5,1,15",0
31,19398000,24.008000000000024,-0.00016877734916666666,-2.4521269583333322e-05,-5.218252170833333e-05,0.27287160541666666,1272.48,1271.74,1272.48,1272.48,0.0,0.0,0.0,0.0,0.0,0.0,0.0,0.0,0.00386158145,0.00039947088657074994,0.004394219899999999,-0.0508767885,-0.027533151999999998,-9.731832,1.6651039230769231,24.989179653846154,101304.99384615385,0.9999964125,-0.0008111284375,3.0060950250000005e-05,-0.0025756241625000003,0.050461833653846155,0.05786058355769231,-0.8307203653846155,-0.003200025348076923,0.009284900673076923,-0.9387768084615385,0.27578004899999997,-0.0359025296,0.471851696,5384.74987150494,5384.3414884868425,5386.575760690796,5391.94184313323,"2,1,0.5,1,15",0
32,19448000,24.058000000000025,-0.00015495886769230767,-4.148082769230771e-05,5.2740101538461544e-05,0.2738561915384615,1273.24,1272.72,1273.48,1273.24,0.0,0.0,0.0,0.0,0.0,0.0,0.0,0.0,0.00053262344,0.0010652619,0.007456853,-0.0023942017,0.007182776,-9.76116,1.7176520000000002,24.988893538461536,101304.36615384616,0.9999965,-0.0008140878307692308,-0.00010167376138461539,-0.002530609523076923,0.048445755916666666,0.05841648891666667,-0.8765553208333334,-0.0054197541250000005,0.009963212875,-0.9383627833333333,0.276721208,-0.0345185466,0.47089197200000005,5397.896972656258,5399.932617187514,5400.064453125006,5410.274414062498,"2,1,0.5,1,15",0
33,19498000,24.108000000000025,0.0004768829441666667,-3.680381291666667e-05,9.587725374999998e-05,0.27476720708333335,1273.74,1274.22,1274.48,1273.74,0.0,0.0,0.0,0.0,0.0,0.0,0.0,0.0,-0.01384845375,-0.0161121115,0.0026631703499999998,0.04608839,-0.039504160999999996,-9.746796,1.7371544,24.9886065,101304.13500000001,0.9999963615384615,-0.0009568820623076924,-0.00031160334807692306,-0.002504244226923077,0.046027123625,0.058859719125,-0.92186464375,-0.0076155650624999995,0.0103032019375,-0.939209825,0.277303713,-0.036395162,0.471466514,5409.304443359382,5411.554931640632,5413.17895507813,5405.867187500003,"2,1,0.5,1,15",0
34,19548000,24.158000000000026,0.0003049371866037736,5.506011150943396e-05,7.89484583018868e-05,0.2751024411320755,1274.0,1274.75,1274.75,1274.0,0.0,0.0,0.0,0.0,0.0,0.0,0.0,0.0,-0.0039947554,-0.0074568666,0.0074568307,-0.04668694,0.0011972745,-9.949107,1.7754231698113208,24.988321150943396,101303.68169811321,0.9999961,-0.001116875776923077,-0.0005998899384615384,-0.002480981669230769,0.04347684928,0.059335487119999995,-0.967487232,-0.00989640068,0.01038613592,-0.9434669008,0.27634638,-0.0363417188,0.470887236,5411.254394531255,5413.350585937505,5420.074707031243,5413.188964843746,"2,1,0.5,1,15",0
35,19598000,24.208000000000027,-0.0003081392948837209,-2.5950744186044826e-07,0.00023923427944186045,0.27479009000000004,1274.0,1274.2291666666667,1274.2291666666667,1274.0,0.0,0.0,0.0,0.0,0.0,0.0,0.0,0.0,0.002796314975,-0.008721850125,-0.0016644863250000002,-0.014365209625,-0.0053867794,-10.015245,1.8564629176470588,24.98803388235294,101302.71176470589,0.9999961,-0.00107362248125,-0.0008218734833333334,-0.002451882920833333,0.04085252628,0.059829557619999994,-1.013286032,-0.01222506268,0.01032447642,-0.9496421208,0.277373127,-0.03563007,0.470668936,5414.904296874993,5415.468749999992,5409.477539062498,5410.317138671877,"2,1,0.5,1,15",0
36,19648000,24.258000000000028,5.9026100000000034e-05,0.00021679455,-7.7491357e-05,0.2747373,1274.0,1274.0,1274.2692307692307,1274.0,0.0,0.0,0.0,0.0,0.0,0.0,0.0,0.0,0.0058589596,-0.009853697,0.0026631495,0.034715924,-0.029927352,-9.818621,1.893534376923077,24.987741461538462,101302.25384615385,0.9999960666666667,-0.0009371524333333333,-0.0010652585,-0.0024306026666666668,0.0384388804,0.06005275484,-1.059122784,-0.01360953204,0.0096153798,-0.9536472927999999,0.277343044,-0.0359217674,0.472453328,5410.002929687505,5405.637695312507,5410.194824218755,5416.64257812499,"2,1,0.5,1,15",0
37,19698000,24.30800000000003,0.00045671981375,0.0002615838983333333,-0.00014031912100000003,0.27498367791666667,1274.0,1274.0,1274.75,1274.0,0.0,0.0,0.0,0.0,0.0,0.0,0.0,0.0,-0.002263680675,-0.006990804149999999,0.00652474115,0.00808043,-0.0005983780000000036,-9.84166575,1.8944372692307692,24.98744976923077,101302.2473076923,0.999996,-0.0008920466807692308,-0.0012745807576923078,-0.002368038092307692,0.0361437404,0.06012358584,-1.104980884,-0.01446289304,0.008542099800000001,-0.9564318128,0.278519489,-0.0344405984,0.470374966,5410.7939453125055,5406.484375000001,5417.883056640627,5415.436035156241,"2,1,0.5,1,15",0
38,19748000,24.35800000000003,0.00044356671075471696,0.00010697523094339623,1.7505004037735847e-05,0.274837860754717,1274.0,1274.24,1274.76,1274.0,0.0,0.0,0.0,0.0,0.0,0.0,0.0,0.0,-0.00133157885,-0.0006657899500000001,0.0014647426656214,-0.0311246255,-0.01077373545,-9.9179815,1.9487910846153846,24.987162384615385,101301.5976923077,0.9999960355555556,-0.0008998347311111111,-0.0013780761866666667,-0.002289792693333333,0.0342468916,0.0598019714,-1.151332776,-0.01471743772,0.005792918692800001,-0.9602434016,0.279027972,-0.0352736028,0.47003912000000003,5410.518066406243,5417.181640625002,5416.348144531243,5408.574707031249,"2,1,0.5,1,15",0
39,19798000,24.40800000000003,0.000569124790425532,6.900345255319151e-06,0.00012194226,0.274651885106383,1274.0,1274.74,1274.26,1274.0,0.0,0.0,0.0,0.0,0.0,0.0,0.0,0.0,0.0163784405,-0.00239685035,-0.00186420465,0.0125695625,-0.0329201015,-9.8162275,2.0078398884615387,24.98687603846154,101300.895,0.9999961576470588,-0.0007518954529411764,-0.0014063434058823531,-0.0022734864705882354,0.0325740816,0.0592596064,-1.197962426,-0.01463514822,0.0021010432128,-0.9646327166,0.27770546478260866,-0.03489492678260869,0.47026986130434784,5411.055419921878,5408.626708984364,5410.244384765629,5408.042724609375,"2,1,0.5,1,15",0
40,19848000,24.45800000000003,-0.00022206234999999993,8.417042376923078e-05,0.0001248864723076923,0.27479043076923076,1274.0,1274.76,1274.24,1274.48,0.0,0.0,0.0,0.0,0.0,0.0,0.0,0.0,0.012783179,-0.004793678,-0.001597905,0.016759416,0.049081307,-9.861719,2.088557969230769,24.986569384615386,101299.9246153846,0.9999962828571428,-0.0004096531892857143,-0.001443430592857143,-0.0022740442142857144,0.03083187,0.0585644334,-1.244170828,-0.01378221872,-3.789168000000549e-07,-0.9677235676,0.279107812,-0.034731609000000004,0.470295642,5415.543457031254,5408.979492187501,5415.839355468742,5406.274902343763,"2,1,0.5,1,15",0
41,19898000,24.50800000000003,-0.0007484377583333333,6.1656354166666366e-06,-0.00029110867291666666,0.2750549875,1274.0,1274.26,1274.74,1275.48,0.0,0.0,0.0,0.0,0.0,0.0,0.0,0.0,0.008255796225,0.0039281681,-0.001664480275,0.011073185250000001,0.00029944652500000016,-9.81233825,2.115644469230769,24.98627496153846,101299.57076923076,0.9999964681818182,-8.023927340909093e-05,-0.0014058305863636365,-0.002253292359090909,0.02905062,0.0577833059,-1.290142278,-0.01249580422,-0.0012071710368,-0.9700840326,0.27955121699999996,-0.0340640314,0.469092861,5414.482177734372,5409.876708984376,5411.593750000007,5416.1857910156305,"2,1,0.5,1,15",0
42,19948000,24.558000000000032,-0.0002165265307692308,-0.0003788499376923077,-0.0007545124153846153,0.27543518615384616,1274.24,1274.24,1275.24,1276.0,0.0,0.0,0.0,0.0,0.0,0.0,0.0,0.0,0.0013315816,0.005592641,0.0039947387,-0.0011971008,0.038307402,-9.817425,2.124673507692308,24.985979461538463,101299.50307692308,0.9999968428571429,0.00013014885678571428,-0.0012501723428571428,-0.002185763735714286,0.02749253,0.0565570296,-1.335710784,-0.011541398999999999,-0.002223024136,-0.9718843055999999,0.27859622,-0.0334297856,0.47069862,5417.05029296875,5413.17919921875,5416.61083984375,5419.7529296875,"2,1,0.5,1,15",0
43,19998000,24.608000000000033,0.00019944686791666666,-0.000253853235,-0.0005647368358333332,0.27592038875,1274.74,1274.74,1275.74,1276.0,0.0,0.0,0.0,0.0,0.0,0.0,0.0,0.0,0.004194477025000001,0.0025965820500000003,0.0021305322,0.02693477175,-0.007182432975,-9.88655675,2.220297675471698,24.985682792452828,101298.36622641509,0.9999971636363636,0.00020204759227272727,-0.0011173007272727274,-0.0021230667727272726,0.0260599675,0.0550803571,-1.381052634,-0.010773748999999999,-0.0031314740360000003,-0.9733694706,0.27693168,-0.0340296873,0.470852765,5421.5244140625,5419.421142578125,5428.467773437504,5428.729980468754,"2,1,0.5,1,15",0
44,20048000,24.658000000000033,8.140319984615385e-05,-5.085239230769229e-05,-0.00012173432461538462,0.2760944415384616,1275.2376237623762,1275.0,1276.0,1275.7623762376238,0.0,0.0,0.0,0.0,0.0,0.0,0.0,0.0,-0.0049268674500000005,0.010053426249999999,-0.0037949969726672507,0.011671733125,0.032920443,-9.78839425,2.254434135294118,24.985388588235292,101297.93352941178,0.9999973,0.0002186984053846154,-0.0010170200961538462,-0.0021024442692307694,0.02474670676,0.05349881804,-1.426670132,-0.01080046348,-0.0040095172799999995,-0.9767780724,0.27796990666666666,-0.03419784966666667,0.4698483133333334,5420.750000000003,5434.236328124999,5423.447753906246,5425.238769531249,"2,1,0.5,1,15",0
45,20098000,24.708000000000034,-2.5388117571428567e-05,0.00015979686653061232,9.934394408163265e-05,0.27599795510204084,1275.7326732673268,1275.0,1276.0,1275.2673267326732,0.0,0.0,0.0,0.0,0.0,0.0,0.0,0.0,0.00938764175,-1.4549999999974306e-08,0.0009320988500000002,-0.032920274475000004,-0.0020947550249999993,-9.82400975,2.2707605115384615,24.985081961538462,101297.71269230769,0.9999972632653061,0.0002667168573469388,-0.0009399574193877552,-0.0021269299979591837,0.02350055326,0.05185829154,-1.472442682,-0.01127400798,-0.00487045678,-0.9812686074,0.278643654,-0.0341112179,0.470638428,5424.747802734379,5426.55541992186,5423.189697265636,5426.389160156255,"2,1,0.5,1,15",0
46,20148000,24.758000000000035,0.00023601080101960786,0.00031328385192156864,0.00036802118019607844,0.2758539411764706,1276.0,1275.0,1276.0,1275.2323232323233,0.0,0.0,0.0,0.0,0.0,0.0,0.0,0.0,0.00532632045,-0.00705737825,0.0021305269,-0.001795650499999999,-0.0029925797000000002,-9.888054,2.3475058,24.984781,101296.78,0.9999971627450981,0.0004053320805882353,-0.001026566068627451,-0.0021159396901960785,0.0223272004,0.05074136216,-1.518704608,-0.0111707336,-0.00537813996,-0.984661488,0.2785778,-0.03456066,0.47351456,5425.68896484375,5418.789550781261,5429.00048828124,5422.410644531244,"2,1,0.5,1,15",0
47,20198000,24.808000000000035,-1.4904282500000001e-05,4.9667459916666665e-05,0.0001365101533333333,0.27588093750000003,1276.0,1275.0,1276.0,1275.7373737373737,0.0,0.0,0.0,0.0,0.0,0.0,0.0,0.0,0.00359526825,0.0042610600000000005,-0.0009320982749999999,0.0412999875,-0.0053867842500000054,-9.8626155,2.3475058,24.984477153846154,101296.80884615384,0.9999971,0.0005142168626923076,-0.0011045905807692308,-0.002102907876923077,0.0211947979,0.04991895616,-1.565241808,-0.010742998600000001,-0.00568711646,-0.987436938,0.277031095,-0.0326565,0.471656425,5423.298828124994,5423.027587890629,5423.467773437501,5422.190917968757,"2,1,0.5,1,15",0
48,20248000,24.858000000000036,-0.0005840647969230769,3.711700769230776e-06,0.00014321933153846155,0.2759710384615385,1276.0,1275.0,1276.24,1276.0,0.0,0.0,0.0,0.0,0.0,0.0,0.0,0.0,0.006924215,0.0029294898,-0.0029294763,0.043095633,0.0011972715,-9.840169,2.412513676923077,24.984172384615384,101296.01615384615,0.9999978466666667,0.0006113357333333334,-0.0010612158666666665,-0.0014446373533333332,0.02044255956,0.0497751556,-1.611851168,-0.00977242168,-0.004629202880000001,-0.989959844,0.27770454,-0.03348529,0.47234437,5428.757324218752,5422.351074218755,5419.354980468747,5427.100585937496,"2,1,0.5,1,15",0
49,20298000,24.908000000000037,-0.000250219999,0.0002008097716666667,6.81184166666666e-05,0.276042035,1276.0,1275.0,1276.74,1276.0,0.0,0.0,0.0,0.0,0.0,0.0,0.0,0.0,-0.00459394695,0.00978712315,0.000665785625,0.008978257750000001,-0.0017954810000000015,-9.754276749999999,2.4262377153846155,24.983867576923075,101295.88365384615,0.999999385,0.00061715924,-0.0009612366124999999,-0.00018817081,0.01990416356,0.0500130706,-1.658501118,-0.00849649618,-0.00280241363,-0.992340694,0.27668956,-0.033124331,0.470320125,5427.162353515624,5428.841308593751,5419.601074218753,5423.865478515621,"2,1,0.5,1,15",0
50,20348000,24.958000000000037,7.098445215384615e-05,0.0004002105276923077,-0.0004959774784615385,0.27636824923076925,1275.5384615384614,1275.2307692307693,1276.7692307692307,1276.0,0.0,0.0,0.0,0.0,0.0,0.0,0.0,0.0,-0.0066578956,-0.0071905316,0.00825581,-0.05267244,0.051475517,-9.848549,2.5067752153846152,24.983560230769232,101294.87653846154,0.9999995138461538,0.00047985452846153846,-0.0009023074153846154,-0.00024067809076923076,0.019160019719999997,0.05023784832,-1.705360668,-0.00834648204,-0.002058890172,-0.99532404,0.27565512,-0.03391848,0.47096625,5429.857910156251,5421.279296875011,5434.498046874998,5433.842285156251,"2,1,0.5,1,15",0
51,20398000,25.008000000000038,0.00023596023096153848,-0.00020139451923076922,-0.000270958175,0.2762942692307692,1274.576923076923,1275.7115384615386,1276.2884615384614,1276.0,0.0,0.0,0.0,0.0,0.0,0.0,0.0,0.0,-0.01278318,-0.00319577405,0.0009321155,-0.02214637,-0.019751993349999997,-9.985617,2.5932715923076923,24.983250923076923,101293.85096153845,0.9999996,0.0002902175646153846,-0.0009116741269230769,-0.00031008783153846153,0.01830014272,0.05045523632,-1.752338118,-0.00882979304,-0.001924703722,-0.9986462899999999,0.27752084,-0.034098323,0.47036725,5429.69482421875,5430.93603515625,5431.8935546875,5428.14794921875,"2,1,0.5,1,15",0
52,20448000,25.05800000000004,0.0002937582904166667,-0.00037264916375,-0.0003369675916666667,0.2757735375,1274.2083333333333,1275.5833333333333,1276.0,1276.0,0.0,0.0,0.0,0.0,0.0,0.0,0.0,0.0,-0.0061252587,0.010386337,-0.0002663197,-0.010773908,0.014365381,-9.715671,2.588757323076923,24.982940538461538,101293.88846153846,0.9999996,9.319709966666665e-05,-0.0008390887866666667,-0.0004414250933333333,0.01757959756,0.050086454079999995,-1.799811024,-0.008686953,-0.002402767384,-1.001671516,0.2794139,-0.033889826,0.47324663,5413.038085937507,5430.863769531241,5423.282226562495,5424.032226562495,"2,1,0.5,1,15",0
53,20498000,25.10800000000004,-0.00010591800979166668,0.00019001683504166666,-0.00046735372333333333,0.27556721208333335,1274.7291666666667,1274.5416666666667,1276.0,1276.0,0.0,0.0,0.0,0.0,0.0,0.0,0.0,0.0,0.00239684875,-0.00066579296,-0.00359526585,0.045489836500000005,-0.0221461955,-9.8371765,2.637152130769231,24.98262923076923,101293.30961538463,0.9999995515384615,6.35207205e-05,-0.0007793053484615385,-0.0005487055315384615,0.01693742656,0.04938795108,-1.847562624,-0.008191903,-0.003225221734,-1.004529666,0.27779936,-0.034051625,0.472059875,5418.721679687501,5421.936035156238,5421.2631835937555,5418.1730957031305,"2,1,0.5,1,15",0
54,20548000,25.15800000000004,-0.00044137761615384616,0.00048951937,-0.0003444987353846154,0.2756182569230769,1275.0,1274.24,1276.0,1276.0,0.0,0.0,0.0,0.0,0.0,0.0,0.0,0.0,0.01464739,-0.0055926316,0.0018642299,0.051475346,-0.01556214,-9.847352,2.6768789692307693,24.982317692307692,101292.84153846155,0.99999942,0.00024274764666666667,-0.00087624654,-0.0005984744999999999,0.01672064116,0.04842375528,-1.895038928,-0.0071410625999999994,-0.003966007412,-1.0062616400000002,0.27842543,-0.03597875,0.47111145,5426.6015625,5409.4697265625,5424.848632812498,5421.857910156247,"2,1,0.5,1,15",0
55,20598000,25.20800000000004,-7.021454166666668e-05,0.00038896142725000003,-0.00013821818750000002,0.27579413458333335,1275.0,1274.74,1276.0,1276.0,0.0,0.0,0.0,0.0,0.0,0.0,0.0,0.0,0.00179762995,0.0124502815,0.0048602687500000005,0.0017956512999999993,0.014664657500000004,-9.853337,2.7101052576923075,24.982004846153846,101292.43923076923,0.9999993815384616,0.0004170414184615384,-0.0008875729019230769,-0.0006208058884615385,0.016743135160000002,0.04731010728,-1.942360378,-0.0057775901,-0.004660854462,-1.00736014,0.27685007500000003,-0.033626278999999995,0.4708865,5421.375244140629,5419.806640625016,5422.094726562504,5422.673828125,"2,1,0.5,1,15",0
56,20648000,25.25800000000004,0.00042388224153846153,-9.4110554e-05,-9.281853076923102e-06,0.2759056423076923,1275.24,1275.0,1276.0,1276.0,0.0,0.0,0.0,0.0,0.0,0.0,0.0,0.0,-0.0034621107,0.012916334500000001,-0.0039947341,0.008978256,-0.017956343,-9.80306,2.7866701615384617,24.98169076923077,101291.52307692308,0.9999995030769231,0.00038388720615384613,-0.00068227935,-0.0006924307323076923,0.01671474308,0.046020431120000004,-1.989466212,-0.00438446896,-0.005392664392,-1.009045616,0.27848217,-0.034983505,0.47280964,5420.887207031259,5430.61962890625,5420.915527343748,5422.789062499996,"2,1,0.5,1,15",0
57,20698000,25.308000000000042,-0.0001145135241666667,8.278564833333335e-05,0.00013455127375,0.2759728820833333,1275.74,1275.0,1276.0,1276.0,0.0,0.0,0.0,0.0,0.0,0.0,0.0,0.0,0.0043942142,0.00572580505,-0.004061316975000001,0.029029701749999998,0.03950450825,-9.93863275,2.8372318153846154,24.98137576923077,101290.92884615384,0.9999995554545454,0.00039916650863636367,-0.00048741512636363635,-0.0008116482977272727,0.01665772758,0.04463173912,-2.036450762,-0.00297467046,-0.006145265942,-1.011061266,0.276560735,-0.033567777,0.46982041,5427.554687500006,5429.011474609387,5422.439453124997,5422.738525390619,"2,1,0.5,1,15",0
58,20748000,25.358000000000043,-0.00035121691692307697,0.00027009116461538456,-0.0003912710946153846,0.27612757846153846,1275.76,1275.24,1275.76,1276.0,0.0,0.0,0.0,0.0,0.0,0.0,0.0,0.0,1.8913144e-09,0.0029294777,-0.0010652647,0.0047884043,-0.015562142,-9.753977,2.8881545615384616,24.981060923076924,101290.32307692307,0.99999946,0.0005144710276923077,-0.0003933783823076923,-0.0008434349,0.01594498568,0.043310434,-2.083690288,-0.00319505116,-0.00678316714,-1.0134145159999999,0.27739897,-0.03278126,0.47215915,5426.119628906241,5427.027832031248,5428.94921875,5426.937500000008,"2,1,0.5,1,15",0
59,20798000,25.408000000000044,-0.00012730783083333334,-0.00029569012874999996,-0.00042637062125,0.2760581933333333,1275.26,1275.74,1275.26,1276.0,0.0,0.0,0.0,0.0,0.0,0.0,0.0,0.0,0.0030626345000000004,0.00093210845,0.004394216,-0.0269347715,0.026336392,-9.763554,2.93907735,24.980745,101289.70000000001,0.99999946,0.0005854888923076923,-0.0003191305326923077,-0.0008022225442307692,0.01486339768,0.042027034,-2.131073238,-0.00433240766,-0.00735654939,-1.015957666,0.27751498,-0.032530410999999995,0.4713179,5421.651675575665,5423.7943307977075,5424.578818873346,5428.655247738476,"2,1,0.5,1,15",0
60,20848000,25.458000000000045,-4.6672427384615385e-05,-0.00012207607307692303,-0.00030610956153846156,0.2760671861538461,1275.0,1276.0,1275.0,1275.76,0.0,0.0,0.0,0.0,0.0,0.0,0.0,0.0,0.011717903,-0.0031958134,0.002396855,-0.040701427,-0.011970835,-9.961077,2.994334076923077,24.980427692307693,101289.03076923077,0.99999942,0.0006762137000000001,-0.00033864538333333333,-0.0007813860266666666,0.013257220399999999,0.041092920399999996,-2.179047708,-0.0057573008,-0.007875553720000001,-1.018268912,0.27537668,-0.03353595,0.47213966,5430.122070312501,5427.4194335937445,5419.82714843751,5426.578124999994,"2,1,0.5,1,15",0
61,20898000,25.508000000000045,0.00016310505633333332,0.00022486408520833336,-2.741952499999995e-06,0.2759218075,1275.0,1276.0,1275.0,1275.26,0.0,0.0,0.0,0.0,0.0,0.0,0.0,0.0,0.0047936848499999995,-0.0049268504,-0.00259658575,-0.031124622000000005,-0.0020947540000000008,-9.868899249999998,3.060244773076923,24.98010953846154,101288.24423076924,0.9999992915384616,0.0007613537153846154,-0.0004935356523076924,-0.0008297288207692307,0.01135596165,0.0403552804,-2.227354908,-0.007343933300000001,-0.008363970469999999,-1.020449712,0.27744550999999995,-0.033087992499999996,0.4710266,5428.44946289062,5426.257568359366,5421.0097656250055,5423.172607421868,"2,1,0.5,1,15",0
62,20948000,25.558000000000046,0.00015742977846153848,-0.00024264951192307695,0.00046608937076923074,0.27552107,1274.76,1275.52,1275.0,1274.76,0.0,0.0,0.0,0.0,0.0,0.0,0.0,0.0,-0.0025300053,-0.0042610549,0.00039947785000000015,0.014963763800000002,-0.023941845,-9.8353815,3.1243496769230767,24.97979030769231,101287.48076923077,0.9999991384615384,0.0007798003307692308,-0.0006316435761538462,-0.0008916377353846154,0.00968073138,0.0396045108,-2.275995356,-0.00867249604,-0.00823442242,-1.0233695839999999,0.27823803,-0.033879876,0.47089505,5420.502929687498,5421.076660156249,5416.404785156244,5419.006835937498,"2,1,0.5,1,15",0
63,20998000,25.608000000000047,8.454306749999998e-05,-8.42515254166667e-05,0.00011270909791666664,0.275106295,1274.26,1274.52,1275.0,1274.26,0.0,0.0,0.0,0.0,0.0,0.0,0.0,0.0,-0.0035952690499999997,-0.0075900080000000005,0.00146474238,-0.009576807000000001,0.0401030565,-9.879076,3.1732862,24.979470384615386,101286.8926923077,0.999999,0.0007435265363636364,-0.0007857240181818183,-0.0009449713545454546,0.00813264213,0.038846355799999996,-2.324823256,-0.00985589454,-0.00775726917,-1.0267051839999999,0.277645095,-0.033608200000000005,0.471519725,5415.287353515619,5415.1750488281,5417.709716796879,5418.1818847656305,"2,1,0.5,1,15",0
64,21048000,25.658000000000047,0.00027936420461538463,0.0005013330538461538,-0.0005737094992307693,0.27482081846153844,1274.0,1274.0,1274.52,1274.24,0.0,0.0,0.0,0.0,0.0,0.0,0.0,0.0,-0.0039947485,-0.0031957882,0.0018642077,-0.010773908,-0.040701255,-9.897633,3.1456578,24.979149846153845,101287.21046153846,0.9999989285714286,0.0006460979714285715,-0.0009899571071428572,-0.000939099375,0.006854009136,0.03826487824,-2.373714676,-0.0105630044,-0.00731496696,-1.028641712,0.2772276,-0.03271854,0.4720423,5408.790039062499,5408.099609374986,5419.2993164062555,5409.6923828125,"2,1,0.5,1,15",0
65,21098000,25.708000000000048,-0.00026506584750000007,-7.633832916666573e-06,-0.0004360986641666667,0.27475516250000004,1274.0,1274.0,1273.52,1274.74,0.0,0.0,0.0,0.0,0.0,0.0,0.0,0.0,-0.00093210855,0.0033289490000000003,-0.00039947560000000003,-0.039504336,-0.0047882315,-9.9102005,3.1810509846153847,24.978830615384613,101286.80215384615,0.9999988,0.0005757607886363636,-0.0011075308363636363,-0.0009425802386363636,0.005726945286,0.03778278174,-2.422641826,-0.0110022019,-0.00689226846,-1.029791262,0.277340115,-0.033705690999999996,0.47101174,5407.518554687497,5410.30175781251,5412.436279296865,5415.413574218753,"2,1,0.5,1,15",0
66,21148000,25.75800000000005,-0.0006251189615384615,-0.0003331474676923077,-8.213169230769231e-05,0.27463990615384615,1274.0,1274.24,1273.24,1274.76,0.0,0.0,0.0,0.0,0.0,0.0,0.0,0.0,0.00492684915,0.00039946975,-0.00359526785,-0.014963757500000001,0.0377088525,-9.821016499999999,3.2749512307692306,24.97851092307692,101285.66138461539,0.9999987115384615,0.0006496523653846154,-0.0010741873538461539,-0.0010236086692307692,0.004494917884,0.03791353964,-2.471672688,-0.01160395524,-0.005498414824,-1.031121516,0.2785413,-0.03218535,0.47199646,5416.002929687504,5407.49072265625,5404.111328125006,5410.248535156239,"2,1,0.5,1,15",0
67,21198000,25.80800000000005,6.250331874999997e-05,-0.00015873166499999998,0.00012615989416666666,0.27450443125,1274.0,1274.74,1273.74,1274.26,0.0,0.0,0.0,0.0,0.0,0.0,0.0,0.0,-0.0097205406,0.00146472885,-0.0027297449,-0.0143652105,-0.069431687,-9.808147250000001,3.2794655384615385,24.978190153846153,101285.63023076924,0.99999857,0.00062808618125,-0.001137628,-0.0011312575125,0.0032038484840000003,0.03838902814,-2.520761888,-0.012297146240000001,-0.003558286424,-1.032553416,0.276212485,-0.0338199025,0.47030373999999997,5411.775146484377,5407.8310546875,5404.752929687492,5406.0986328124945,"2,1,0.5,1,15",0
68,21248000,25.85800000000005,0.00031843191769230766,-0.0005925010246153845,0.00034879283769230767,0.2746821876923077,1274.24,1274.76,1274.24,1274.24,0.0,0.0,0.0,0.0,0.0,0.0,0.0,0.0,-0.0069242218,0.0018642087,-0.0018642069,-0.06584056,-0.034715753,-9.788693,3.3374309384615386,24.97787092307692,101284.94861538461,0.99999857,0.0004119930538461538,-0.0011334795,-0.0012111067384615384,0.00188789035312,0.03901713712,-2.569775184,-0.01303111164,-0.002100921144,-1.031838244,0.27824092,-0.03171263,0.4716609,5408.540527343749,5417.7021484375055,5407.331054687506,5406.486328125001,"2,1,0.5,1,15",0
69,21298000,25.90800000000005,-0.00024740754416666664,-0.0002663818925,0.00013305347208333336,0.2751089475,1274.74,1274.26,1274.74,1274.74,0.0,0.0,0.0,0.0,0.0,0.0,0.0,0.0,-0.0050600095000000005,-0.0011984184999999999,0.00532632045,0.007182603999999999,0.011971181400000001,-9.77672175,3.3910625384615387,24.977551807692308,101284.26838461538,0.99999857,0.00023586558125,-0.0011462244625,-0.001253517025,0.0005579323111200001,0.039731095120000004,-2.6187457839999997,-0.01378801264,-0.000915110119,-1.029915344,0.27672311,-0.03299473,0.47041120999999997,5410.374023437512,5414.967529296864,5415.286865234379,5415.993896484383,"2,1,0.5,1,15",0
70,21348000,25.95800000000005,-0.00048691885846153843,0.0003113387507692308,-0.00018373725721538463,0.27549961615384616,1275.0,1274.24,1275.24,1275.0,0.0,0.0,0.0,0.0,0.0,0.0,0.0,0.0,-0.0023968474,-0.005858953,-0.0010652714,-0.0035913025,-0.020350542,-9.801862,3.4439716153846156,24.97723346153846,101283.66153846154,0.9999984661538461,0.00019324480384615383,-0.0012527167461538462,-0.0012461904,-0.00061164871712,0.03999552992,-2.6674162239999997,-0.0140030122,6.9113418e-05,-1.029149372,0.2778114,-0.034420192,0.47050056,5421.527553013406,5416.166387648824,5415.259556361602,5419.879836309522,"2,1,0.5,1,15",0
71,21398000,26.008000000000052,-0.00016078051954166668,0.00041767726375,-0.00018075663082916664,0.27570465208333333,1275.0,1274.74,1275.74,1275.0,0.0,0.0,0.0,0.0,0.0,0.0,0.0,0.0,-0.0086552765,-0.0022636757499999998,0.00679106195,0.051475342,0.059256666,-9.818024000000001,3.533177076923077,24.976914153846153,101282.56942307693,0.99999824375,0.0001237313005625,-0.0013873267625000001,-0.001263889875,-0.00169101767512,0.04000710792,-2.715917824,-0.0139131922,0.0009399439930000001,-1.029034172,0.277983491,-0.035001912100000004,0.471375792,5420.790771484377,5417.652343749999,5422.7082519531405,5420.945068359377,"2,1,0.5,1,15",0
72,21448000,26.058000000000053,-5.256482307692308e-07,0.0002958047684615385,-6.777324615384614e-06,0.2758165192307692,1275.24,1275.0,1275.76,1275.0,0.0,0.0,0.0,0.0,0.0,0.0,0.0,0.0,-0.008788437,-0.0031957896,0.0013315747,0.07541737,-0.0059853336,-9.764753,3.596379,24.976593,101281.805,0.99999815,-6.000891446153845e-05,-0.0014671020461538462,-0.0012630623076923077,-0.002902558436,0.03978073584,-2.764604672,-0.01363607588,0.001029305688,-1.0293549720000001,0.276685854,-0.034531775,0.471278926,5419.665527343762,5423.186523437513,5429.996093749986,5422.242675781245,"2,1,0.5,1,15",0
73,21498000,26.108000000000054,-2.5272789166666637e-07,0.00014874748958333334,0.00034225027416666664,0.27585772833333333,1275.74,1275.0,1275.26,1275.0,0.0,0.0,0.0,0.0,0.0,0.0,0.0,0.0,-0.0029294781,0.00186421995,0.003994738899999999,0.035913025,-0.0017954787500000001,-9.880272000000001,3.5918645769230766,24.976272807692308,101281.8723076923,0.99999815,-0.00018627148692307692,-0.00145146115,-0.00128336455,-0.004188445836,0.03942051684,-2.813395722,-0.01325360538,0.0006790911379999999,-1.0299210220000001,0.279089206,-0.0360186972,0.47044323000000005,5422.870849609384,5424.508056640612,5423.536132812495,5420.8283691406305,"2,1,0.5,1,15",0
74,21548000,26.158000000000055,-7.334636529230769e-05,-0.00020531887846153847,0.0001397504769230769,0.2757751153846154,1285.12,1284.36,1284.6,1284.36,0.0,0.0,0.0,0.0,0.0,0.0,0.0,0.0,0.005326321,0.00026631381,-0.0037284293,-0.020350713,-0.0071824333,-9.868899,3.6826949538461538,24.97595076923077,101280.75346153846,0.99999815,-0.00018352103666666666,-0.0013982541333333333,-0.0013124901,-0.0056910033831683166,0.039036850514851486,-2.8630857752475247,-0.013243235762376238,-2.05307811881188e-05,-1.03063078019802,0.278753326,-0.0350131058,0.470038896,5426.418457031239,5424.641113281254,5419.869140624999,5419.752441406265,"2,1,0.5,1,15",0
75,21598000,26.208000000000055,-5.765947649999999e-05,-0.00010915919166666664,-3.898079166666721e-07,0.2935817866666667,1304.12,1303.86,1304.6,1303.86,0.0,0.0,0.0,0.0,0.0,0.0,0.0,0.0,0.000599212335896425,0.002197108487672615,0.0014647383000000003,0.01795651525,0.015263208,-9.77732125,3.760884953846154,24.97563042307692,101279.81076923077,0.99999815,-0.00011971129884615384,-0.001385549896153846,-0.0013276784692307691,-0.007315437888118811,0.03863999506930693,-2.9132815178217824,-0.01344217289108911,-0.0009166943455445545,-1.0314213742574256,0.2789525057142857,-0.03523289857142857,0.4706962,5552.514892578852,5554.977783203845,5553.86962890699,5553.537841797599,"2,1,0.5,1,15",0
76,21648000,26.258000000000056,-7.72404809230769e-05,0.0003324278184615385,-5.5815252153846157e-05,0.3128375323076923,1310.7692307692307,1310.5384615384614,1311.3076923076924,1310.7692307692307,0.0,0.0,0.0,0.0,0.0,0.0,0.0,0.0,0.009853692,-0.004793701,-0.0010652625,-0.056263745,0.0011972944,-11.07917,3.7661217923076924,24.975302615384614,101279.77615384615,0.9999981333333333,-4.336140099999999e-05,-0.0014403244666666667,-0.0013044684666666667,-0.00860629601010101,0.03795465919191919,-2.9656321454545456,-0.01340321304040404,-0.002009993467676768,-1.070886104040404,0.27693836,-0.033155909,0.470029318,5828.205659412287,5824.928548177158,5830.437476748595,5822.6095842634695,"2,1,0.5,1,15",0
77,21698000,26.308000000000057,-0.00023859428961538464,0.00015328824307692308,-1.290492096153846e-05,0.30617876346153844,1304.0384615384614,1303.326923076923,1303.6153846153845,1304.0384615384614,0.0,0.0,0.0,0.0,0.0,0.0,0.0,0.0,0.00978711675,0.00745685225,-0.00059920765,0.020350719749999992,-0.014065741125,-11.27340025,3.803320734615385,24.974954384615383,101279.31346153846,0.999998175,0.00013112583437499998,-0.001470903225,-0.00125598205,-0.009692704090909091,0.03709251272727272,-3.019303509090909,-0.013218445363636363,-0.003224117609090909,-1.1340543363636364,0.278250994,-0.033564941,0.471884996,5768.46142578113,5771.7526855467695,5766.685058593634,5775.440429687414,"2,1,0.5,1,15",0
78,21748000,26.358000000000057,0.00020189047833333332,0.00041707307,8.0547565e-05,0.29700275,1297.2916666666667,1296.7083333333333,1296.5,1297.2916666666667,0.0,0.0,0.0,0.0,0.0,0.0,0.0,0.0,0.008788428,0.004261069,-0.0018642093,0.03351883,-0.0047882143,-10.866087,3.8809689846153845,24.974586307692306,101278.38461538461,0.9999983,0.0002729521835714286,-0.0014136718857142858,-0.0012014145142857143,-0.010465915959999999,0.0357186424,-3.0776857439999996,-0.01181897284,-0.00426140646,-1.18729874,0.276477284,-0.0325294696,0.469844038,5681.158203124913,5675.573730468654,5681.0190429686745,5679.556152343637,"2,1,0.5,1,15",0
79,21798000,26.408000000000058,0.000451595968575,0.00028646115291666664,0.00026665986700000004,0.29050322333333334,1290.5208333333333,1290.9791666666667,1290.25,1290.5208333333333,0.0,0.0,0.0,0.0,0.0,0.0,0.0,0.0,-0.0039059623747176664,0.003373337283333334,-0.0022193072000000003,0.011971008666666666,0.013567326000000001,-10.453883333333334,3.9461574461538462,24.974199576923077,101277.60946153846,0.9999983477272727,0.000266437095,-0.0014021849136363637,-0.0011502246727272728,-0.01106295496,0.0340569274,-3.138717844,-0.00973622884,-0.00519922546,-1.23496099,0.27800560739130437,-0.03494527465217391,0.4700997634782609,5605.387027138082,5605.62045127462,5610.526881167674,5598.819130345326,"2,1,0.5,1,15",0
80,21848000,26.45800000000006,-0.00021535610964615385,-0.00024775458553846156,-0.00015728266307692298,0.28599140307692306,1285.32,1286.32,1285.56,1285.32,0.0,0.0,0.0,0.0,0.0,0.0,0.0,0.0,0.0074568475,0.012516862,-8.24517e-09,-0.020350713,0.011971188,-10.251974,4.017846538461538,24.973804076923077,101276.76046153846,0.9999986115384615,0.0003185126892307692,-0.0011808984153846153,-0.0011413929384615385,-0.01111728068,0.032123300720000005,-3.202007032,-0.008524396072,-0.006521509324,-1.265688872,0.277244328,-0.032719135200000006,0.47156657999999996,5547.002929687445,5555.490722656163,5540.528808593711,5551.158691406211,"2,1,0.5,1,15",0
81,21898000,26.50800000000006,4.131628124999997e-05,-7.954144670833333e-05,-0.0003427436395833334,0.28263660166666665,1281.82,1282.82,1282.56,1281.82,0.0,0.0,0.0,0.0,0.0,0.0,0.0,0.0,0.004926845399999999,0.0035952713000000002,-0.00079895029253575,-0.01675941425,-0.0329200975,-10.110714999999999,4.0731034038461535,24.973402384615383,101276.08096153846,0.99999887,0.00047303945,-0.0009636388249999999,-0.0011143131,-0.01086633018,0.030036723720000002,-3.266565832,-0.007802450872,-0.008060054674,-1.286891172,0.277870593,-0.0350695586,0.47052281,5507.606445312465,5507.402099609348,5508.277832031214,5510.074462890567,"2,1,0.5,1,15",0
82,21948000,26.55800000000006,0.00046393351384615386,4.158148307692309e-05,-0.00021516289230769233,0.28054434153846153,1279.76,1280.76,1280.28,1279.52,0.0,0.0,0.0,0.0,0.0,0.0,0.0,0.0,0.0058589675,-0.0013315835,0.0063915756,-0.04668694,-0.013167939,-9.792285,4.155807807692308,24.972997923076925,101275.07807692308,0.99999887,0.000593073526923077,-0.0009193972653846154,-0.0010746764461538462,-0.0105458296,0.028144164,-3.330991,-0.006837809288,-0.009695137080000001,-1.294994048,0.277894348,-0.0341428608,0.470301772,5479.754882812472,5477.640136718714,5486.936523437482,5482.247070312489,"2,1,0.5,1,15",0
83,21998000,26.60800000000006,0.00033508773791666665,0.00010331433333333337,-5.0306991666666605e-05,0.2795903183333333,1279.26,1280.26,1278.78,1278.52,0.0,0.0,0.0,0.0,0.0,0.0,0.0,0.0,0.00665790585,0.00945422,-0.0061252748,-0.01017535935,-0.05087662,-9.7868975,4.20546675,24.97259253846154,101274.4876923077,0.999998825,0.00072256816875,-0.00087814326875,-0.001065361775,-0.0101862071,0.026360739,-3.395341,-0.005736650988,-0.011384521580000001,-1.295728498,0.275232222,-0.0341848005,0.4706598,5470.4135742187345,5471.965332031264,5467.354980468737,5465.475585937468,"2,1,0.5,1,15",0
84,22048000,26.65800000000006,8.297670769230733e-06,-0.00022056700153846154,0.0005343957769230769,0.2791766353846154,1278.76,1279.52,1277.76,1278.24,0.0,0.0,0.0,0.0,0.0,0.0,0.0,0.0,0.0047936947,0.006125276,0.0037284128,0.011971009,0.06823493,-9.670182,4.241762653846155,24.97218676923077,101274.06461538462,0.9999986923076923,0.0008501500846153846,-0.0007699561769230769,-0.0011492417076923076,-0.00999735452,0.02489665416,-3.45848796,-0.005422522192,-0.01241783888,-1.2947675559999998,0.27643451599999996,-0.0324469362,0.471761846,5458.762207031261,5469.478027343742,5461.208496093737,5461.416015624995,"2,1,0.5,1,15",0
85,22098000,26.708000000000062,-0.0006998563808333333,-0.00042815534666666667,8.843619708333333e-05,0.27876562125000004,1278.26,1278.52,1277.26,1278.74,0.0,0.0,0.0,0.0,0.0,0.0,0.0,0.0,0.00985369925,0.0027963153000000007,0.0003994777000000003,-0.043694184750000004,-0.022146196774999995,-9.804557,4.30063075,24.9717825,101273.355,0.99999849875,0.0010636135375,-0.00067191046,-0.0011827350125,-0.00990456002,0.02361219816,-3.52095821,-0.005551097491999999,-0.01308211838,-1.292852956,0.278300447,-0.0312903808,0.470758508,5460.103759765607,5457.31005859374,5453.052490234363,5460.465820312501,"2,1,0.5,1,15",0
86,22148000,26.758000000000063,-0.0004810236773846153,-0.0003840254615384616,4.1053846153846414e-07,0.27844414615384616,1278.0,1278.0,1277.24,1278.76,0.0,0.0,0.0,0.0,0.0,0.0,0.0,0.0,0.011984225,-0.00026629912,-0.0037284337,-0.01316811,-0.07661429,-9.670182,4.374667538461539,24.971379153846154,101272.47184615384,0.9999982030769231,0.0013679044461538462,-0.000641673036923077,-0.0011966078153846154,-0.0097700564,0.02258340328,-3.5827705400000003,-0.00546513948,-0.012857929399999999,-1.2885886279999998,0.276844512,-0.0329734592,0.471464996,5458.85986328124,5454.612304687498,5446.3061523437655,5456.2353515624945,"2,1,0.5,1,15",0
87,22198000,26.808000000000064,9.096820883333333e-05,1.1277291666665179e-07,-6.0387934583333333e-05,0.27850919458333334,1278.0,1278.0,1277.74,1278.26,0.0,0.0,0.0,0.0,0.0,0.0,0.0,0.0,0.0008655275250000001,-0.00492684805,-0.002529999475,-0.021248539500000004,-0.009576640325,-9.602545125,4.432632730769231,24.97097657692308,101271.79173076924,0.9999979490566038,0.0014835220075471698,-0.0006929831018867925,-0.0012285388905660377,-0.0096120914,0.02169841778,-3.64421279,-0.00525850648,-0.0121339769,-1.2830025779999998,0.27533109,-0.0329388386,0.471730575,5461.91723632813,5452.416015624991,5452.18383789063,5446.765869140621,"2,1,0.5,1,15",0
88,22248000,26.858000000000064,0.00019865970000000003,-6.815662500000001e-05,-0.0003362746,0.27867185,1278.0,1278.24,1278.24,1278.24,0.0,0.0,0.0,0.0,0.0,0.0,0.0,0.0,-0.00838895775,-0.000399477985,0.0006657899000000003,0.0191536115,-0.0167592425,-9.6785615,4.494931884615385,24.970576,101271.04807692308,0.9999979617021276,0.001403768810638298,-0.0007653547680851064,-0.0012602951872340425,-0.00997056608,0.02107763964,-3.704911264,-0.0059409217680000004,-0.01136474184,-1.2770705439999999,0.27658163199999997,-0.034099316000000005,0.47112511199999996,5454.934570312491,5456.322753906249,5453.618164062515,5453.343750000014,"2,1,0.5,1,15",0
89,22298000,26.908000000000065,0.000582403485,-0.000259323025,-0.000377551415,0.27888784,1278.0,1278.74,1278.74,1278.74,0.0,0.0,0.0,0.0,0.0,0.0,0.0,0.0,-0.00372842675,-0.0027963199,0.0038615829500000002,-0.025139118000000002,-0.019153448,-9.6193045,4.6005697076923076,24.970176692307692,101269.77884615384,0.9999982865384615,0.0012083551884615384,-0.0007473127538461539,-0.001233072403846154,-0.01061953808,0.020605478139999998,-3.765191364,-0.007123426718,-0.010570035339999999,-1.270943894,0.276016685,-0.0335105086,0.471517725,5453.221319901327,5457.059955797716,5460.700323807551,5461.167737458872,"2,1,0.5,1,15",0
90,22348000,26.958000000000066,0.000527441056923077,-0.0002497806384615385,-0.0001678903162923077,0.2791103615384615,1278.24,1278.76,1279.0,1279.0,0.0,0.0,0.0,0.0,0.0,0.0,0.0,0.0,-0.004793687,-0.0042610643,-0.0021305243,-0.017956514,0.017956687,-9.783907,4.6614244846153845,24.969778615384616,101269.01884615385,0.99999849,0.0010479026666666666,-0.0007639733666666667,-0.0011973710666666668,-0.012004792,0.02019137264,-3.824663432,-0.00851149602,-0.0091565122,-1.266410268,0.27506668,-0.0311637494,0.471545036,5459.638671874993,5462.570312499993,5459.600097656258,5463.407714843754,"2,1,0.5,1,15",0
91,22398000,27.008000000000067,-0.0001376402245833333,-6.336854041666666e-05,-0.00021255344891249998,0.2791528916666666,1278.74,1278.26,1279.0,1279.0,0.0,0.0,0.0,0.0,0.0,0.0,0.0,0.0,-0.00379499895,-0.004926845675,0.007057382625,-0.015861585,-0.0032918575250000005,-9.795579499999999,4.707471807692308,24.969381076923078,101268.47038461539,0.99999857,0.0009403556,-0.0008307894125,-0.001141015575,-0.0138042045,0.01980992364,-3.883680982,-0.010015195269999999,-0.0073949047,-1.262772718,0.27638273399999996,-0.031768782,0.47286335,5457.919433593759,5456.412597656242,5464.074707031254,5468.816894531246,"2,1,0.5,1,15",0
92,22448000,27.058000000000067,-0.0003244362653846154,0.00021947270846153845,-0.0002883244972307692,0.2791542092307692,1278.76,1278.24,1278.76,1279.0,0.0,0.0,0.0,0.0,0.0,0.0,0.0,0.0,-0.0047936966,-0.0050600013,-1.0576103e-09,-0.044292733,0.057461016,-9.750386,4.788189692307692,24.968984923076924,101267.52153846154,0.9999985430769232,0.0008006464076923077,-0.0010160538692307692,-0.0010924414692307692,-0.015444334439999999,0.01964885384,-3.942545124,-0.01158006396,-0.00586437976,-1.259183456,0.276627934,-0.033061817,0.470554204,5458.327148437515,5456.770507812508,5465.086914062487,5461.7583007812445,"2,1,0.5,1,15",0
93,22498000,27.108000000000068,2.427795333333335e-05,-7.752036125000002e-05,1.7902715333333345e-05,0.2791730929166667,1278.26,1278.74,1278.26,1279.0,0.0,0.0,0.0,0.0,0.0,0.0,0.0,0.0,-0.013715277500000001,-0.0007989371500000003,-0.00173107486,-0.0550666375,0.0496798615,-9.7330295,4.8288195,24.96858876923077,101267.01000000001,0.9999984653846153,0.0006206302961538461,-0.0011956529846153846,-0.0011150325192307692,-0.01699486794,0.01961174734,-4.001322974,-0.01317934046,-0.00446383876,-1.255621356,0.277069916,-0.033280230699999996,0.471507592,5459.894775390629,5465.400146484381,5462.914550781257,5459.194091796878,"2,1,0.5,1,15",0
94,22548000,27.15800000000007,0.0004014299753846154,-7.646148384615384e-05,0.00021213111846153844,0.27908729923076925,1278.24,1278.76,1278.0,1278.76,0.0,0.0,0.0,0.0,0.0,0.0,0.0,0.0,-0.001331578,-0.0069242185,-0.0010652671,0.005985504,0.0011972727,-9.838972,4.883895538461538,24.968192923076924,101266.31907692309,0.9999983166666666,0.00045444025,-0.0013504449666666665,-0.0011353849,-0.01838414,0.01917361652,-4.060073592,-0.01325595776,-0.00451848656,-1.25254924,0.276713936,-0.031510838,0.471370992,5461.425781250004,5459.237792968748,5464.161132812498,5460.754882812485,"2,1,0.5,1,15",0
95,22598000,27.20800000000007,9.122554083333337e-05,0.0003273861520833333,0.00021885555208333332,0.27898346791666667,1278.74,1278.26,1278.0,1278.26,0.0,0.0,0.0,0.0,0.0,0.0,0.0,0.0,-0.0026631585000000003,-0.0029960570499999997,-0.00133157745,0.03621230549999999,0.02813203975,-9.826402250000001,4.925970361538462,24.967798692307692,101265.85603846154,0.9999981084615385,0.00040481401346153845,-0.0015219915076923078,-0.00114420015,-0.0196827025,0.01850990952,-4.1188088920000006,-0.01247607926,-0.00539167806,-1.24975274,0.278397088,-0.0327997575,0.470072434,5461.965087890629,5460.66625976561,5463.792968750005,5456.086669921885,"2,1,0.5,1,15",0
96,22648000,27.25800000000007,-0.00044585021660377357,-2.1016320754717007e-05,3.5036303773585043e-06,0.2788888758490566,1279.0,1278.0,1278.0,1278.0,0.0,0.0,0.0,0.0,0.0,0.0,0.0,0.0,0.00159788878,0.001997372,0.0075900095,-0.010773909,0.0113726286,-9.828797,5.011744246153846,24.96740623076923,101264.79538461538,0.9999980726666666,0.00042804377777777775,-0.0015673643044444444,-0.0011350827466666668,-0.0208234762,0.01798732476,-4.176998432,-0.01194241612,-0.005864914552,-1.2472793119999999,0.2762227,-0.0346229452,0.470992556,5452.513671875003,5452.509277343766,5468.507324218719,5463.58642578124,"2,1,0.5,1,15",0
97,22698000,27.30800000000007,-0.0002733784339574468,-0.00019715107574468088,4.260383744680851e-05,0.2788002489361702,1279.0,1278.0,1278.0,1278.0,0.0,0.0,0.0,0.0,0.0,0.0,0.0,0.0,0.004938972245454545,0.005302107972727273,0.0037041970716189454,-0.014038728545454546,0.04374876381818181,-9.780859727272727,5.0957128076923075,24.967032423076922,101263.82076923076,0.9999981690909091,0.0005326863627272727,-0.0015018192254545454,-0.00108735272,-0.0218754937,0.01754412126,-4.234880982,-0.01154724912,-0.006113176352,-1.2449876119999999,0.2773169308695652,-0.0329749607826087,0.4707267004347826,5455.100341796886,5455.971679687493,5455.950195312493,5460.41113281251,"2,1,0.5,1,15",0
98,22748000,27.35800000000007,0.0002320522852307692,-0.00016909185846153847,0.00030404868,0.27888506153846154,1279.0,1278.24,1278.24,1278.0,0.0,0.0,0.0,0.0,0.0,0.0,0.0,0.0,0.0034621044,0.006924222,1.0263025e-08,-0.023942018,-0.05147518,-9.703699,5.136343,24.966618,101263.34,0.9999982399999999,0.000654043726923077,-0.0014083368615384615,-0.0011006400307692309,-0.02266398512,0.01734888224,-4.291758796,-0.01101706452,-0.006782334088,-1.24137028,0.27680358,-0.033451535,0.47151843,5457.383789062495,5459.926269531268,5454.919921874997,5461.610839843747,"2,1,0.5,1,15",0
99,22798000,27.408000000000072,0.00030166452304166666,-7.834217750000007e-05,0.00028121188208333337,0.27917318375,1279.0,1278.74,1278.74,1278.0,0.0,0.0,0.0,0.0,0.0,0.0,0.0,0.0,-0.0002663138500000001,-0.0025300004000000003,0.0045273754,-0.0418985375,-0.07422008499999999,-9.747396,5.186001653846153,24.96622569230769,101262.73423076923,0.9999982568181819,0.0007050287218181818,-0.0013528904818181817,-0.0011442649590909092,-0.023304243120000002,0.01729312324,-4.348071446,-0.01041093252,-0.007688245787999999,-1.23700728,0.277468145,-0.0333936535,0.470480465,5460.652587890638,5459.712402343753,5463.641113281257,5459.263671874999,"2,1,0.5,1,15",0
100,22848000,27.458000000000073,0.00021141177238461539,0.000236282728,0.00010664688846153845,0.2794370769230769,1279.0,1279.0,1279.0,1278.24,0.0,0.0,0.0,0.0,0.0,0.0,0.0,0.0,0.0059921142,0.00133158035,0.0015978947594108,-0.006584054999999998,-0.04908097,-9.7138755,5.274664923076924,24.96583246153846,101261.64846153845,0.9999980615384616,0.0007666136169230769,-0.0014124462615384616,-0.001166388376923077,-0.02344610272,0.0170756596,-4.404504544,-0.009791348679999999,-0.008611587759999999,-1.2338060720000001,0.27699295,-0.033100978,0.47067872,5464.564453125002,5461.678710937508,5463.566406250004,5461.174316406254,"2,1,0.5,1,15",0
101,22898000,27.508000000000074,0.00014311323833333337,-8.553089158333333e-05,3.1670157083333334e-05,0.27947074125,1279.0,1279.0,1279.0,1278.74,0.0,0.0,0.0,0.0,0.0,0.0,0.0,0.0,0.00386158365,0.00026632113208835,-0.00039947570000000007,-0.0341173725,-0.004189682750000001,-9.803058499999999,5.360800380769231,24.965441846153848,101260.60815384614,0.999998,0.0008874771812499999,-0.0013892957,-0.0012019122,-0.023307613220000002,0.016767237100000002,-4.461005394,-0.00916419818,-0.00954473426,-1.231258372,0.27744311,-0.0338380395,0.47214599,5465.110595703125,5464.843505859376,5467.351318359368,5463.911865234374,"2,1,0.5,1,15",0
102,22948000,27.558000000000074,-0.00032826768769230765,-9.796766721538462e-05,0.00045925850230769233,0.2793423369230769,1279.0,1279.0,1278.7525773195875,1278.7525773195875,0.0,0.0,0.0,0.0,0.0,0.0,0.0,0.0,0.0059921098,0.0079894868,-0.00173105755,0.0305260775,0.011372632,-9.756971,5.319448046153846,24.96504976923077,101261.1406153846,0.9999979615384615,0.001022441876923077,-0.0012881964692307692,-0.0012390499307692309,-0.023062211019801982,0.016752569673267326,-4.518225319801981,-0.0077615997306930695,-0.009350147871287129,-1.2292703722772278,0.27845436,-0.03292539,0.47150874,5465.162109375016,5466.39794921876,5457.514648437491,5464.973144531234,"2,1,0.5,1,15",0
103,22998000,27.608000000000075,-0.0002505087515555555,-2.0800107597777775e-05,0.0005422884311111111,0.2791501231111111,1279.0,1279.0,1278.2371134020618,1278.2371134020618,0.0,0.0,0.0,0.0,0.0,0.0,0.0,0.0,0.00106526515870815,0.0042610619999999995,-0.0021305246,-0.024540567,-0.043095462,-9.8886535,5.3783164,24.96465826923077,101260.39980769232,0.9999978625,0.0011519918625,-0.0011313947625,-0.00131451155,-0.022756670425742576,0.016903139475247523,-4.575849725742574,-0.00592281180990099,-0.008521211732673268,-1.227597203960396,0.27692026000000003,-0.032070119,0.47157718,5466.6008300781195,5464.228515625004,5456.610839843743,5460.835449218733,"2,1,0.5,1,15",0
104,23048000,27.658000000000076,-2.1728113527272726e-05,-0.00016626032974545457,-0.00011776664727272728,0.27875987090909093,1278.7378640776699,1278.7378640776699,1277.7378640776699,1277.7378640776699,0.0,0.0,0.0,0.0,0.0,0.0,0.0,0.0,0.0023968483,-0.001864218,0.004793687,0.035913028,0.016759586,-9.783907,5.459576553846153,24.964267692307693,101259.45269230769,0.9999978384615384,0.0011825768000000001,-0.0010729246615384614,-0.0013416158,-0.022631079626262627,0.017006175252525253,-4.634152272727273,-0.004731096716161616,-0.007166537217171718,-1.2262175565656566,0.27670693,-0.032728694,0.47357985,5465.270996093728,5451.083007812506,5457.82958984374,5458.215820312502,"2,1,0.5,1,15",0
105,23098000,27.708000000000077,5.001917433333333e-05,-0.00012325613937499999,-8.8738175e-05,0.27830774166666666,1278.2524271844661,1278.2524271844661,1277.2524271844661,1277.2524271844661,0.0,0.0,0.0,0.0,0.0,0.0,0.0,0.0,-0.011052118,0.0101200155,0.001331580198427,0.017956513700000003,0.012569729250000002,-9.751584000000001,5.537405346153846,24.963877307692307,101258.49923076923,0.99999806125,0.0010880124025,-0.0010040348,-0.0013144894,-0.022615780636363637,0.017080077272727274,-4.692870454545455,-0.003935974645454546,-0.0054896359545454545,-1.225017809090909,0.275700535,-0.032561416499999996,0.47011088,5448.477539062478,5450.0927734374745,5454.110351562499,5456.400878906256,"2,1,0.5,1,15",0
106,23148000,27.758000000000077,0.0003743097716981132,-1.3978390471698114e-05,0.00023842853433962263,0.2778502245283019,1277.52,1277.76,1277.24,1277.0,0.0,0.0,0.0,0.0,0.0,0.0,0.0,0.0,-0.0105194885,0.00612526155,-0.001331591375,0.0035913064999999952,0.0263363935,-9.819219499999999,5.609918905660377,24.963498339622642,101257.61188679245,0.9999984318867925,0.0008119183550943396,-0.0008369915962264151,-0.001302890116981132,-0.02277835268,0.017197210640000002,-4.7519781519999995,-0.0031770573880000002,-0.004372316012,-1.222771436,0.27622536,-0.034044098,0.47254807,5443.632091703861,5451.777669270841,5446.55708240326,5445.368582589271,"2,1,0.5,1,15",0
107,23198000,27.808000000000078,0.0006165086468085106,2.79868468085106e-06,-7.123475999999996e-05,0.2775287365957447,1276.52,1277.26,1277.74,1277.0,0.0,0.0,0.0,0.0,0.0,0.0,0.0,0.0,-0.0084555398,-0.0044607945,-0.0002663074500000003,-0.011073182249999994,-0.025737501,-9.732132,5.6400898823529415,24.963105705882352,101257.28764705882,0.99999869,0.0005259007266666667,-0.00077206724,-0.0013027214,-0.023040977179999998,0.01733866164,-4.8113049519999995,-0.002438505338,-0.0035697605620000003,-1.219936336,0.275772465,-0.032982177,0.472040645,5441.4702148437555,5444.088378906222,5447.246582031267,5440.671874999993,"2,1,0.5,1,15",0
108,23248000,27.85800000000008,0.0001656485723076923,-0.0003237660676923078,-9.861158461538461e-05,0.27741822307692304,1276.24,1277.0,1277.52,1277.0,0.0,0.0,0.0,0.0,0.0,0.0,0.0,0.0,-0.00013315885000000005,0.0002663155,-0.0023968424499999997,-0.0502782385,-0.006583885500000001,-9.69352425,5.669407323076923,24.962713615384615,101256.92538461539,0.99999887,0.0004027687292307692,-0.0007691665230769231,-0.0012809380307692306,-0.02316234408,0.01788443968,-4.870582504,-0.002399640104,-0.0026657578159999997,-1.2160371399999998,0.277593146,-0.0340163092,0.47114226,5441.90039062499,5445.177246093755,5443.261718749975,5440.4121093750155,"2,1,0.5,1,15",0
109,23298000,27.90800000000008,-0.00043143879666666663,-0.0005469372045833333,0.00030983251666666666,0.27730351,1276.74,1277.0,1276.52,1277.0,0.0,0.0,0.0,0.0,0.0,0.0,0.0,0.0,0.007123955675,-0.001864209175,0.004061323875,0.04129998175,0.002095096000000001,-9.667487,5.734415111538461,24.9623265,101256.12730769231,0.9999988318181818,0.0004692354227272727,-0.0007101292040909091,-0.0013061228954545454,-0.02320425358,0.01865765168,-4.929832354,-0.002754348704,-0.001704690966,-1.21153939,0.276288547,-0.0338708026,0.47063487,5441.555908203128,5439.796875000001,5437.051269531235,5445.072021484368,"2,1,0.5,1,15",0
110,23348000,27.95800000000008,-0.00043552904,-3.94942046153846e-05,0.0003728226476923077,0.2771474138461538,1277.0,1277.0,1276.0,1277.0,0.0,0.0,0.0,0.0,0.0,0.0,0.0,0.0,0.001731051185,-0.0089215965,0.00026631245000000026,0.01256956075,-0.049679521,-9.7114805,5.815674846153846,24.961941692307693,101255.15615384615,0.9999986923076923,0.0005807247230769231,-0.0007654672546153847,-0.0013124239076923077,-0.02312960884,0.01974818208,-4.989114428,-0.00280080476,-0.00115290098,-1.20644036,0.27605919,-0.0354111344,0.47199201,5443.269042968747,5433.648925781259,5439.084960937496,5436.158691406238,"2,1,0.5,1,15",0
111,23398000,28.00800000000008,-8.2058985e-05,-4.9668392291666666e-05,0.00032489912124999997,0.27711180916666667,1277.0,1277.0,1276.0,1277.0,0.0,0.0,0.0,0.0,0.0,0.0,0.0,0.0,-0.002396842675,0.0071905354,-0.00039948209999999987,0.0263362205,-0.035015040250000004,-9.613917,5.9063248,24.961558500000002,101254.0675,0.99999865625,0.00054699481375,-0.0008060202875,-0.0013426595000000001,-0.02298940234,0.02101720408,-5.048414628,-0.0026738687600000003,-0.0008313292300000001,-1.20100311,0.276415356,-0.0337570919,0.471556566,5435.377685546865,5441.702148437502,5434.1762695312555,5436.398925781272,"2,1,0.5,1,15",0
112,23448000,28.05800000000008,0.00018583710153846153,8.817302000000001e-05,0.00040927429538461537,0.2770823553846154,1277.0,1277.0,1276.24,1277.0,0.0,0.0,0.0,0.0,0.0,0.0,0.0,0.0,-0.00559263875,0.00159789935,-0.0006657869499999999,0.04189853,0.031124797,-9.731832,5.964470769230769,24.961176692307692,101253.35961538462,0.99999875,0.000413286845,-0.0007428254178571429,-0.0013664877857142857,-0.02276654816,0.02200354576,-5.107155276,-0.0019989301904,-0.0002393064080000001,-1.195870532,0.278210656,-0.0332588738,0.47156009,5439.929199218756,5437.570800781252,5440.119628906257,5436.95556640622,"2,1,0.5,1,15",0
113,23498000,28.108000000000082,0.00029481780645833333,0.00018274756775,0.00037519432270833334,0.2770760133333333,1277.0,1277.0,1276.74,1277.0,0.0,0.0,0.0,0.0,0.0,0.0,0.0,0.0,-0.0042610561499999994,0.00013316010000000004,0.0026631644999999997,0.020350716,-0.0484824165,-9.706094,5.999863846153846,24.960796038461538,101252.94523076923,0.9999987881818182,0.00028915254954545454,-0.0007364285145454545,-0.0013639640045454546,-0.022497204660000002,0.02283087976,-5.165581176,-0.0010157401754,0.0005048451419999998,-1.1909093320000002,0.276587764,-0.0341664728,0.470764967,5440.932861328116,5435.533935546892,5440.499511718736,5435.942871093739,"2,1,0.5,1,15",0
114,23548000,28.158000000000083,2.4889636538461533e-05,-0.00011954138292307691,0.00019156171576923078,0.2770684092307692,1277.0,1276.7623762376238,1276.7623762376238,1277.0,0.0,0.0,0.0,0.0,0.0,0.0,0.0,0.0,-0.0033289586999999997,0.009187904850000001,-0.0009321099,0.045489837500000005,0.022745087,-9.737219,6.075706153846154,24.96041623076923,101252.04830769231,0.99999892,0.00022616920846153845,-0.0006104788023076923,-0.0013603058,-0.02219236388,0.02352356384,-5.223421604,-0.0008280336996,0.000968905044,-1.186921444,0.277296178,-0.033898965999999996,0.47068456799999997,5433.085937500006,5442.745605468746,5432.48046875,5441.1005859374845,"2,1,0.5,1,15",0
115,23598000,28.208000000000084,-0.0003332016010204082,-6.119162918367345e-05,0.00018177082285714287,0.2769866448979592,1277.0,1276.2673267326732,1276.2673267326732,1277.0,0.0,0.0,0.0,0.0,0.0,0.0,0.0,0.0,-0.001997369735,-0.0017310569999999998,0.0018642119650000002,-0.07841011,0.043694352,-9.6911305,6.13638,24.960038811320754,101251.30169811321,0.999998952244898,0.0001936360512244898,-0.0004896356010204081,-0.0013780977632653062,-0.02186755588,0.024140507340000002,-5.2809327040000005,-0.0010877867146000001,0.0012754133940000001,-1.183481044,0.277181387,-0.033607235900000004,0.470553304,5437.096782483571,5436.741750616792,5436.419767680902,5435.08000102796,"2,1,0.5,1,15",0
116,23648000,28.258000000000084,-0.00016770908313725488,-9.495729607843139e-06,7.314634549019608e-05,0.27708213607843135,1277.0,1276.2323232323233,1276.2323232323233,1277.0,0.0,0.0,0.0,0.0,0.0,0.0,0.0,0.0,-0.0005326268,-0.0029294766,0.0015979009,0.008379707,-0.0035911326,-9.749191,6.1474272647058825,24.959661058823528,101251.17117647058,0.99999887,0.00017595633588235292,-0.0005356015176470588,-0.0013816718509803922,-0.02139217023076923,0.024748254692307695,-5.338077407692308,-0.0012276506923076923,0.0022303060307692305,-1.1787468692307692,0.2763377691304348,-0.03506335065217391,0.47171288695652175,5436.6757812500155,5433.798339843766,5439.469726562491,5437.803222656231,"2,1,0.5,1,15",0
117,23698000,28.308000000000085,0.00023836438125,-3.6563119166666656e-05,0.00017796141416666667,0.2772932325,1277.0,1276.7373737373737,1276.7373737373737,1277.0,0.0,0.0,0.0,0.0,0.0,0.0,0.0,0.0,-0.00372842958,0.0035153690799999996,0.0003728443800000002,0.0232237592,0.0596157908,-9.6656318,6.192901276923077,24.95928553846154,101250.62384615385,0.99999891875,9.232673112499999e-05,-0.0005672725749999999,-0.0013767532625000001,-0.02083208465384615,0.025350829211538462,-5.395016013461539,-0.0013000770865384617,0.0035499148288461535,-1.1732849461538462,0.277768692,-0.0351999651,0.47062974,5438.219482421891,5440.088134765634,5439.8212890624945,5439.326416015619,"2,1,0.5,1,15",0
118,23748000,28.358000000000086,1.7503930769230771e-06,-3.059918076923076e-05,0.00030007795692307696,0.27738902923076925,1276.7692307692307,1276.7692307692307,1277.2307692307693,1277.0,0.0,0.0,0.0,0.0,0.0,0.0,0.0,0.0,-0.0037284284,-0.0034621086,0.0031957924,-0.011971008,-0.050278075,-9.641452,6.271452307692308,24.958912,101249.69038461539,0.999999,-1.2689860461538464e-05,-0.0005712630076923076,-0.0013650955846153847,-0.019949614876288657,0.02587821837113402,-5.451417742268041,-0.0010178756769072166,0.0042312826010309276,-1.168713662886598,0.277243684,-0.0342797476,0.472039348,5439.034667968753,5434.5053710937755,5443.114257812485,5444.586914062495,"2,1,0.5,1,15",0
119,23798000,28.408000000000087,0.00021140594346153845,4.5815006923076906e-05,-6.13204865384615e-05,0.2774728196153846,1276.2884615384614,1276.2884615384614,1277.7115384615386,1277.0,0.0,0.0,0.0,0.0,0.0,0.0,0.0,0.0,-0.005925535325,0.002197103975,0.00179764035,0.03800795525000001,-0.015562140274999997,-9.798569875,6.365352538461539,24.95853719230769,101248.57980769231,0.9999990173076923,-0.00012397823846153845,-0.0005907388938461538,-0.0013193921423076923,-0.018813843226804124,0.02634653331958763,-5.507397639175258,-0.0004570381356701031,0.004411175281443299,-1.164842168041237,0.2769255319047619,-0.03510611380952381,0.4732477561904762,5437.447265625016,5441.834472656285,5443.467041015624,5444.01855468747,"2,1,0.5,1,15",0
120,23848000,28.458000000000087,0.0005551996841666667,0.0002570076466666667,-0.000490523125,0.27764969333333334,1276.2083333333333,1276.625,1277.5833333333333,1277.2083333333333,0.0,0.0,0.0,0.0,0.0,0.0,0.0,0.0,0.00292948,-0.005060005,0.0015978942,-0.016759416,-0.014365041,-9.818621,6.394244846153846,24.95816346153846,101248.22307692308,0.999999,-0.00025220059666666665,-0.0006198058733333334,-0.0012682720666666667,-0.01783795325252525,0.026513474222222222,-5.562811333333333,5.394217080808081e-05,0.003612623695959596,-1.1609158313131311,0.276548574,-0.033471752,0.47123256,5448.5122070312445,5439.124511718771,5449.35986328125,5439.102050781235,"2,1,0.5,1,15",0
121,23898000,28.508000000000088,0.0002780923916666667,-0.0005163635079166667,0.0002492841016666667,0.2778390520833333,1276.7291666666667,1278.1875,1276.5416666666667,1277.7291666666667,0.0,0.0,0.0,0.0,0.0,0.0,0.0,0.0,-0.0011984321152229,0.00359526855,-0.003462107275000001,-0.0481833197,-0.04938025075,-9.703700125000001,6.4794772,24.957791346153847,101247.19249999999,0.99999895625,-0.0002632368075,-0.00063272085625,-0.00127912355,-0.016960055272727273,0.026495702000000003,-5.617878,0.0005343648172727272,0.002214380463636364,-1.1569558818181818,0.277226925,-0.0361805989,0.47267391000000003,5445.666259765629,5446.27929687502,5449.986572265616,5441.63500976564,"2,1,0.5,1,15",0
122,23948000,28.55800000000009,-0.00031171538301886793,-0.0008573147543396226,0.0002276858777358491,0.2780276941509434,1277.24,1278.52,1276.48,1278.0,0.0,0.0,0.0,0.0,0.0,0.0,0.0,0.0,0.013582094,0.022370571,-0.004261067,0.016759414,0.0059856763,-9.843762,6.561459492307692,24.957419230769233,101246.24230769232,0.9999991520408164,-0.00016358301285714286,-0.00042088825,-0.0012658598204081633,-0.01663268016,0.02603790112,-5.6723676,0.0006007055332,0.0013374322919999999,-1.153770524,0.27784899,-0.0332350816,0.469782272,5443.843750000007,5457.854003906211,5439.215820312527,5452.893554687516,"2,1,0.5,1,15",0
123,23998000,28.60800000000009,-0.0005434044325531914,-3.107675531914894e-05,-0.00020864722489361703,0.27816438765957446,1277.74,1277.52,1277.48,1278.0,0.0,0.0,0.0,0.0,0.0,0.0,0.0,0.0,0.0123171225,-0.00665790395,0.0016644633600000002,-0.011372456675000003,0.024241466749999996,-9.76804475,6.648317176923077,24.957047115384615,101245.18846153846,0.9999992475,6.044521634615384e-05,-0.000280263685,-0.0012486084346153847,-0.01661497416,0.02533258412,-5.7265326,0.0004341251632,0.0007537125919999999,-1.151020874,0.27578382347826086,-0.03373482647826087,0.4725393339130435,5453.544433593776,5449.153808593751,5445.8442382812445,5451.616455078096,"2,1,0.5,1,15",0
124,24048000,28.65800000000009,-0.00024033539492307693,2.592129692307693e-05,-0.00012511979307692307,0.2781053446153846,1278.0,1277.24,1278.0,1278.0,0.0,0.0,0.0,0.0,0.0,0.0,0.0,0.0,0.00439421053,-0.00652474,-0.00412791,0.0329202765,-0.010175185,-9.866507,6.6528316,24.956675,101245.15,0.9999991252941177,0.00023740813509803922,-0.00037195434235294116,-0.0012634638745098038,-0.01688597376,0.02442781432,-5.780531423999999,-1.3463021199999997e-05,0.0006824650199999999,-1.148514296,0.27475632,-0.03375322,0.472389796,5454.264648437471,5449.191894531244,5447.759277343754,5445.348144531274,"2,1,0.5,1,15",0
125,24098000,28.70800000000009,-1.0651188416666668e-05,-0.000178028394375,-7.831545208333333e-05,0.2781795733333333,1278.0,1277.74,1278.0,1278.0,0.0,0.0,0.0,0.0,0.0,0.0,0.0,0.0,-0.00719053625,-0.0007989483,0.00106525785,0.00119710075,-0.002394032499999999,-9.691131500000001,6.725062753846154,24.956304807692305,101244.24615384616,0.9999990950000001,0.00023379908125000003,-0.0004331437125,-0.0012664337249999999,-0.017319370259999998,0.02341085232,-5.834436774,-0.0006191181012000001,0.0008994830199999999,-1.146144446,0.277007646,-0.033756863399999996,0.4712035,5448.2163085937555,5450.5615234375255,5450.424316406241,5452.0173339843695,"2,1,0.5,1,15",0
126,24148000,28.75800000000009,0.0004029313915384615,-0.0003173478288461538,-3.0616639230769235e-05,0.27832207846153845,1278.0,1277.76,1278.0,1278.0,0.0,0.0,0.0,0.0,0.0,0.0,0.0,0.0,-0.0010652626,-5.2860577e-10,0.0031957945,-0.0023942017,0.017956687,-9.776725,6.719283938461539,24.955931846153845,101244.32076923078,0.99999917,0.00016102655,-0.0004448762730769231,-0.0012352436,-0.01769667812,0.02273294952,-5.888554796,-0.0010538415364,0.0008109281303999999,-1.144052164,0.276120042,-0.0335687476,0.472550834,5453.059570312475,5446.625976562533,5453.8427734375,5453.9853515624945,"2,1,0.5,1,15",0
127,24198000,28.808000000000092,0.0005342756991666667,-0.0001988229254166666,-0.00020457043145833334,0.27830143625,1278.0,1277.26,1278.0,1278.0,0.0,0.0,0.0,0.0,0.0,0.0,0.0,0.0,-0.00199736665,0.0009321126500000001,0.00452737315,-0.0317231715,-0.030525906,-9.7174675,6.818240415384615,24.95555965384615,101243.13576923076,0.9999992187500001,0.00013107337125,-0.0004824548,-0.0011794318,-0.018042436119999998,0.02224576752,-5.942792446,-0.0013924159213999998,0.0005504884903999999,-1.142116014,0.277389691,-0.033726371,0.47201391,5447.822021484381,5450.589599609352,5453.7412109375,5451.1909179687555,"2,1,0.5,1,15",0
128,24248000,28.858000000000093,1.6681447358490582e-05,0.0003090482124528302,-0.0002069100149056604,0.27809744773584905,1278.0,1277.0,1278.0,1277.52,0.0,0.0,0.0,0.0,0.0,0.0,0.0,0.0,0.0019707299,0.00149137438,0.006870957,0.035673605,0.0280123296,-9.92181,6.928685811320754,24.955188735849056,101241.82603773584,0.9999993,0.0001183000869387755,-0.0005250311581632653,-0.0011344980244897959,-0.018326516999999997,0.021795268399999998,-5.9971349599999995,-0.00133285854,-3.297321039999999e-05,-1.141943896,0.27586202000000004,-0.033828116095238094,0.47136836047619046,5444.447870163674,5448.049897693449,5451.3876488095075,5457.309012276805,"2,1,0.5,1,15",0
129,24298000,28.908000000000094,0.00010800606914893618,0.0005090516521276595,0.0002153905889361702,0.27773097127659574,1278.0,1277.0,1278.0,1276.52,0.0,0.0,0.0,0.0,0.0,0.0,0.0,0.0,-0.004127902,-0.00319579205,-0.00026631752500000003,-0.0257376675,-0.05805922299999999,-9.802461000000001,6.9221965372549015,24.954816509803923,101241.90352941176,0.9999992464705882,0.00012683831647058823,-0.0005923889764705882,-0.0011328435941176471,-0.018575904499999997,0.0213654034,-6.0515364599999995,-0.00104935204,-0.0007981348203999999,-1.142764046,0.27707842000000005,-0.033459860999999994,0.47183291,5447.845458984382,5444.62304687499,5444.534179687494,5440.784667968725,"2,1,0.5,1,15",0
130,24348000,28.958000000000094,0.0004164626069230769,0.00015154111923076918,0.00015071240461538463,0.27767945615384615,1277.76,1277.24,1277.76,1276.48,0.0,0.0,0.0,0.0,0.0,0.0,0.0,0.0,0.0013315806,0.004793692,-0.0023968406,0.0,-0.008379535,-9.751583,6.977148476923077,24.95444584615385,101241.24923076923,0.99999917,0.0001292783323076923,-0.0006325257615384615,-0.0011625163384615385,-0.018701315679999997,0.0207817144,-6.105664232,-0.000906900772,-0.001622696488,-1.140455908,0.27676702,-0.032653835,0.4726019,5442.597656249979,5445.2578125,5444.793457031243,5441.824707031272,"2,1,0.5,1,15",0
131,24398000,29.008000000000095,0.0002843810854166667,-0.00041313200416666666,-6.0552763333333336e-05,0.2779090733333333,1277.26,1277.74,1277.26,1277.48,0.0,0.0,0.0,0.0,0.0,0.0,0.0,0.0,0.0099868495,0.0030626428000000002,-0.0041279077,-0.020350715999999998,-0.0059853341499999995,-9.746795500000001,7.0333080961538466,24.954075653846154,101240.5476923077,0.99999917,0.0002100385925,-0.0005621411,-0.0011576534625,-0.01875699018,0.0201114994,-6.159638032,-0.000843793072,-0.002480670688,-1.136388108,0.27590760999999997,-0.0351960495,0.472611365,5446.891845703155,5447.286376953134,5444.2321777343905,5446.203125000023,"2,1,0.5,1,15",0
132,24448000,29.058000000000096,5.643453646153846e-05,-0.00026322183046153846,0.0001232697569230769,0.27810686230769227,1277.0,1278.0,1277.24,1278.0,0.0,0.0,0.0,0.0,0.0,0.0,0.0,0.0,0.00386158365,-0.00186421225,-0.0018642127500000001,-0.013168113,-0.004788226999999999,-9.7827085,7.102469415384616,24.953705461538462,101239.70538461539,0.9999991238461539,0.00035196668,-0.0005456489461538462,-0.001181399246153846,-0.01870112228,0.01951732952,-6.21334732,-0.000761620732,-0.0033831918320000004,-1.133522004,0.27779898,-0.03458897,0.4711117,5447.330078125006,5448.05468750001,5449.327636718741,5445.966308593752,"2,1,0.5,1,15",0
133,24498000,29.108000000000096,-1.0065072333333333e-05,-0.00015637103033333332,0.00012546105166666668,0.27815557416666664,1277.0,1278.0,1277.74,1278.0,0.0,0.0,0.0,0.0,0.0,0.0,0.0,0.0,0.007257117300000001,-0.0019307945963546248,-0.0019307841599999999,0.0044891284,-0.033817933,-9.797373,7.145446846153846,24.953334615384616,101239.20076923077,0.99999899375,0.0004588653125,-0.0005767938,-0.0011970545125,-0.018582511779999998,0.01896593502,-6.26690782,-0.000668724532,-0.004310770632,-1.1313318540000001,0.27743134999999997,-0.034197411999999996,0.47232778,5454.362060546872,5451.438720703115,5448.2517089844,5446.200195312524,"2,1,0.5,1,15",0
134,24548000,29.158000000000097,-0.0003372389343076923,2.1865730769230808e-05,-0.00025640107846153844,0.2781377492307692,1277.0,1277.76,1277.76,1277.76,0.0,0.0,0.0,0.0,0.0,0.0,0.0,0.0,0.00399473515,0.0033289500750000004,0.00319579485,0.0137666595,-0.00957663653574,-9.859323499999999,7.226065924528302,24.95296854716981,101238.22660377358,0.9999989,0.0006107497576923077,-0.0005922491846153846,-0.0011869881230769232,-0.01867328912,0.01876088612,-6.320780128,-2.0145068000000004e-05,-0.0047193871600000005,-1.131404424,0.27740225,-0.032980967,0.4728189,5447.01562500002,5447.350585937457,5452.304687499999,5454.288574218748,"2,1,0.5,1,15",0
135,24598000,29.208000000000098,-0.00027016207250000004,0.00031993713541666666,-0.00029721761875,0.27774502125,1277.0,1277.26,1277.26,1277.26,0.0,0.0,0.0,0.0,0.0,0.0,0.0,0.0,0.00213052655,0.00026631512,-0.00213053105,0.0580593975,-0.057460675,-9.8437615,7.283251823529412,24.95259650980392,101237.55992156862,0.9999989,0.00073792499375,-0.0005557844250000001,-0.001146470025,-0.01888184712,0.01875065662,-6.374827828,0.000941006232,-0.00483608741,-1.1327497739999999,0.276274078,-0.033305001599999995,0.470601412,5449.088623046872,5442.267333984389,5444.766601562489,5445.094970703091,"2,1,0.5,1,15",0
136,24648000,29.2580000000001,0.0004510723092307692,0.00011061382199999999,8.585870538461537e-05,0.2774715076923077,1277.24,1277.0,1277.0,1277.0,0.0,0.0,0.0,0.0,0.0,0.0,0.0,0.0,-0.004793693,0.008788432,-0.002929477,0.025139121,-0.04189837,-9.7001095,7.3267462384615385,24.95222376923077,101237.05107692308,0.9999989576923077,0.0007087225076923077,-0.0004643613384615384,-0.0011807531307692308,-0.01931557504,0.018985816239999998,-6.42914196,0.001178374076,-0.00462716334,-1.130734836,0.27544650000000004,-0.035013364400000004,0.47167784,5434.287109375018,5449.265136718764,5436.7182617187655,5442.042968749984,"2,1,0.5,1,15",0
137,24698000,29.3080000000001,-4.45375916666666e-05,0.0001210723561666667,0.00041238377041666666,0.27760289208333333,1277.74,1277.0,1277.0,1277.0,0.0,0.0,0.0,0.0,0.0,0.0,0.0,0.0,0.0053263254999999995,-0.0011984180699999999,-0.0027963147,0.025139121999999996,0.029329148,-9.7330285,7.37116835,24.9518545,101236.5,0.99999899375,0.000663733975,-0.00033868365625,-0.0012061706625,-0.01987596104,0.01935900724,-6.483605959999999,0.001008613726,-0.00423507559,-1.126829736,0.278390961,-0.0326588804,0.471389226,5444.145996093774,5445.765869140609,5442.718017578123,5444.292236328158,"2,1,0.5,1,15",0
138,24748000,29.3580000000001,-0.00033284132307692313,0.0005475175384615385,0.00040479227615384617,0.2777544169230769,1277.76,1277.24,1277.0,1276.76,0.0,0.0,0.0,0.0,0.0,0.0,0.0,0.0,0.007456857,-0.003462103,0.0039947396,0.07302317,-0.062249076,-9.677363,7.445927338461538,24.95148523076923,101235.59076923078,0.9999989,0.0007748260423076923,-0.00036985435384615385,-0.0012072658307692309,-0.02066640016,0.0197600904,-6.538155912,0.000864775744,-0.0038681240319999996,-1.124125468,0.2744630523809524,-0.03256120333333333,0.4724539866666667,5448.582031250016,5436.7910156250155,5442.326171875028,5448.962402343712,"2,1,0.5,1,15",0
139,24798000,29.4080000000001,0.00023343526166666668,0.0003418422079166667,0.0004399041204166667,0.27766691625,1277.26,1277.74,1277.0,1276.26,0.0,0.0,0.0,0.0,0.0,0.0,0.0,0.0,-0.01058606625,-0.002130547025,-0.0037950040825,0.038606498,-0.0029925837499999927,-9.701306500000001,7.5127409499999995,24.951116538461537,101234.79076923078,0.9999989,0.000764722751923077,-0.00043124779615384614,-0.0012087075423076923,-0.02158624416,0.020176862900000002,-6.592754212,0.000735519094,-0.003515311582,-1.122096668,0.276317582,-0.032929844,0.47174414200000003,5446.562255859355,5443.079345703141,5447.601318359364,5440.573974609372,"2,1,0.5,1,15",0
140,24848000,29.4580000000001,0.0001345148353846154,-0.0004129235169230769,-8.462005e-05,0.2773122538461539,1277.0,1277.5247524752476,1276.7623762376238,1275.7623762376238,0.0,0.0,0.0,0.0,0.0,0.0,0.0,0.0,-0.0015979035499999999,0.00892158915,0.00292946805,0.010773910999999999,-0.0484824215,-9.7868985,7.528993046153846,24.95074769230769,101234.60615384615,0.99999899,0.0006435924666666667,-0.00038876698,-0.0011978597,-0.02264630256,0.0205601746,-6.6477706880000005,-0.0002647382279999999,-0.002975086588,-1.12172742,0.276349226,-0.0322450776,0.4725276,5434.2871093749645,5443.185546874973,5437.339843750008,5449.502441406258,"2,1,0.5,1,15",0
141,24898000,29.508000000000102,3.5322939591836733e-05,-0.00010307128734693882,-0.00039509749510204076,0.2768587042857143,1277.0,1276.5346534653465,1276.2673267326732,1275.2673267326732,0.0,0.0,0.0,0.0,0.0,0.0,0.0,0.0,-0.0070573764,-0.0062584285,0.0027963275999999997,-0.0035913027,-0.019153445999999998,-9.8144315,7.586300607142857,24.950386964285716,101233.92035714285,0.99999917,0.0005788936187755102,-0.0003480020595918367,-0.001130418312244898,-0.02378523156,0.0209246646,-6.703022388,-0.0017549334279999996,-0.002329442038,-1.1222916699999999,0.276106735,-0.0347972352,0.472062211,5431.602329799128,5436.901297433008,5436.719075520836,5439.748418898763,"2,1,0.5,1,15",0
142,24948000,29.558000000000103,0.00021645701568627452,0.00045486979784313726,0.00021933763098039218,0.27644566352941174,1276.7676767676767,1276.0,1276.0,1275.0,0.0,0.0,0.0,0.0,0.0,0.0,0.0,0.0,-0.0077231624,-0.013582122,-0.004793699,0.033518832,-0.07302299,-9.745598,7.640589769230769,24.95002953846154,101233.25153846154,0.9999991252941177,0.0004745979643137255,-0.0005383747341176471,-0.0011385264843137254,-0.0245015644,0.02112880004,-6.758574568,-0.002475877332,-0.002585843088,-1.1206087839999999,0.27648953,-0.0340503468,0.471968502,5432.767578124994,5429.762695312504,5431.905273437496,5425.090332031246,"2,1,0.5,1,15",0
143,24998000,29.608000000000104,0.00049248445375,0.0003523548170833333,0.00014055062195833333,0.2763207125,1276.2626262626263,1276.0,1276.0,1275.0,0.0,0.0,0.0,0.0,0.0,0.0,0.0,0.0,0.001997367165,-0.00892159175,-0.0011984333,0.020949265,-0.038307059500000004,-9.65102775,7.6956658653846155,24.949645115384616,101232.58807692309,0.9999989634615385,0.0004354640096153846,-0.0007504795115384615,-0.0011754500153846154,-0.0249801869,0.021242736039999998,-6.814295768,-0.002764117382,-0.003349644788,-1.1176618839999999,0.276263981,-0.0337328,0.47255737999999997,5431.038178943451,5432.022344680073,5429.692406063975,5420.662783668149,"2,1,0.5,1,15",0
144,25048000,29.658000000000104,-2.2233680769230676e-05,2.0545090769230742e-05,2.8218284538461538e-05,0.27639191384615386,1276.0,1276.0,1276.0,1275.24,0.0,0.0,0.0,0.0,0.0,0.0,0.0,0.0,0.0031957922,-0.0018641992,-0.005326328,0.009576808,0.06105232,-9.692927,7.843920130769231,24.949280692307692,101230.80846153846,0.9999988,0.0005109896866666667,-0.0008338183166666667,-0.0012140483333333333,-0.02515612908,0.02137479812,-6.869678248,-0.0025976184560000002,-0.003418799896,-1.114072456,0.27647012,-0.0324511938,0.47303038,5435.5410156249845,5429.132812499994,5430.488769531222,5427.950195312541,"2,1,0.5,1,15",0
145,25098000,29.708000000000105,-0.00021846815083333333,-0.00032377815541666667,0.00013341417583333335,0.27645248208333334,1276.0,1276.0,1276.0,1275.74,0.0,0.0,0.0,0.0,0.0,0.0,0.0,0.0,0.0029294856750000002,0.005259739825,0.0023968460749999995,0.012270284449999998,-0.0002991042500000013,-9.7674455,7.892495576923077,24.948916384615384,101230.24557692307,0.9999988,0.0006673986625,-0.00076680550625,-0.001231725325,-0.02516181358,0.02151705612,-6.924870198,-0.002175328856,-0.003097216296,-1.110121606,0.27519928499999996,-0.0334495107,0.47255027,5430.94580078122,5430.668701171884,5425.260498046868,5431.432128906276,"2,1,0.5,1,15",0
146,25148000,29.758000000000106,0.00037416100307692307,-0.0001351417329230769,-3.795060076923078e-05,0.27644053384615386,1276.0,1275.52,1276.0,1275.76,0.0,0.0,0.0,0.0,0.0,0.0,0.0,0.0,-0.0007989522,-0.0031957957,-0.0002663145999999999,-0.018555064,0.025737839999999998,-9.7066935,7.933125384615384,24.94855292307692,101229.7523076923,0.9999988384615385,0.0006438663076923077,-0.0006986059846153846,-0.0012487104307692307,-0.02517607376,0.02161369972,-6.980168644,-0.00203647388,-0.0027617125680000003,-1.10756698,0.276417204,-0.034242525,0.47248976,5430.487792968721,5429.580566406255,5429.844238281254,5431.279785156248,"2,1,0.5,1,15",0
147,25198000,29.808000000000106,3.4513498333333325e-05,0.000386165195875,-0.00031948829625,0.27624206333333334,1276.0,1274.52,1276.0,1275.26,0.0,0.0,0.0,0.0,0.0,0.0,0.0,0.0,-0.00665789935,-0.00173105617,-0.0030626459999999996,-0.0173579643,-0.035314309,-9.685743500000001,7.972852307692308,24.948189538461538,101229.29076923078,0.999998825,0.000554880525,-0.000754448075,-0.001248725975,-0.02519515776,0.02168468522,-7.0355269940000005,-0.00205705088,-0.002418378768,-1.10579773,0.27722295,-0.034102794,0.47082705599999997,5429.391845703132,5427.947265624971,5430.2509765624945,5423.891113281236,"2,1,0.5,1,15",0
148,25248000,29.858000000000107,-0.0001524286350769231,0.00026679894,-0.0003949705546153846,0.2760092407692308,1275.76,1274.24,1275.76,1275.0,0.0,0.0,0.0,0.0,0.0,0.0,0.0,0.0,-0.00026632057,0.0045273774,0.004527372,0.020350715,-0.037109964,-9.6917305,7.99091,24.947828,101229.06,0.9999987769230769,0.0005186646153846154,-0.0007888556615384616,-0.0012520285999999999,-0.025245908,0.02189899296,-7.0916592000000005,-0.0017839453200000001,-0.002371913864,-1.103746176,0.276159212,-0.0336283968,0.47345989,5423.9663085937145,5423.19433593751,5429.060546875004,5426.806152343764,"2,1,0.5,1,15",0
149,25298000,29.908000000000108,-2.284063666666659e-06,-0.0002907290320833334,-0.00014827069916666666,0.27573285000000003,1275.26,1274.74,1275.26,1275.0,0.0,0.0,0.0,0.0,0.0,0.0,0.0,0.0,-0.0023968429,0.00705737965,-0.00292947875,-0.012569562,-0.0670374825,-9.7575695,8.072169615384615,24.947467423076922,101228.06961538461,0.9999989,0.000517783433076923,-0.0006607892423076923,-0.001229889823076923,-0.0253144705,0.02219391946,-7.1482267,-0.0013456433200000001,-0.002492437714,-1.101535826,0.275030304,-0.033507807,0.472083717,5420.4467773437445,5425.00463867185,5423.030029296857,5423.625244140626,"2,1,0.5,1,15",0
150,25348000,29.95800000000011,-0.00024637876461538463,-5.486188692307693e-05,-8.040896000000003e-05,0.2753000476923077,1275.0,1275.0,1275.0,1275.0,0.0,0.0,0.0,0.0,0.0,0.0,0.0,0.0,0.0042610571,0.00146473685,0.00039947295,-0.022744917,-0.01137228865,-9.770140000000001,8.11009076923077,24.94710776923077,101227.62384615385,0.9999989,0.0005809219066666666,-0.0005663374533333333,-0.0012344224666666667,-0.0254861226,0.022940335239999998,-7.20480956,-0.0010653438352,-0.002452648476,-1.098449572,0.275970392,-0.032793536,0.47083947800000003,5419.498535156235,5414.3481445312345,5415.174316406249,5420.006347656254,"2,1,0.5,1,15",0
151,25398000,30.00800000000011,-0.000201330405625,-4.3138787916666684e-06,-0.0002852244325,0.2751566425,1275.0,1275.0,1275.0,1275.0,0.0,0.0,0.0,0.0,0.0,0.0,0.0,0.0,-0.0038615897,0.005193161999999999,-0.0011984170000000002,0.031723178,-0.042496916,-9.660605,8.137899615384615,24.946749923076922,101227.28923076922,0.9999989,0.000648578,-0.000527573735,-0.001223892525,-0.0257157626,0.023940713739999998,-7.261401060000001,-0.0008739207652,-0.0023226831260000002,-1.094870622,0.276621604,-0.033523239499999996,0.470293143,5413.6057128906505,5418.3562011719105,5414.168457031243,5417.909423828088,"2,1,0.5,1,15",0
152,25448000,30.05800000000011,-2.2251697692307693e-06,-6.103283207692308e-05,-0.0002382928376923077,0.2750985692307692,1275.0,1275.0,1275.0,1274.76,0.0,0.0,0.0,0.0,0.0,0.0,0.0,0.0,-0.003462115,-0.0029294728,0.0010652603,-0.05267244,0.011971178,-9.718067,8.260331615384615,24.946393923076922,101225.81576923076,0.9999989,0.0006142717461538462,-0.0005068162830769231,-0.0012159377846153847,-0.02626189828,0.02526683112,-7.31727096,-0.0016938792568,-0.0009946995360000002,-1.091009368,0.27782154600000003,-0.0335093776,0.471982838,5417.929199218724,5412.664550781234,5413.369140625004,5416.46337890626,"2,1,0.5,1,15",0
153,25498000,30.10800000000011,0.00018014356558333335,-5.161783091666667e-05,-0.00017045174291666667,0.2751324533333333,1275.0,1275.0,1275.0,1274.26,0.0,0.0,0.0,0.0,0.0,0.0,0.0,0.0,-0.0121173885,-0.00732368905,0.0022636823,0.03471593,0.014365382276220001,-9.76894275,8.319922153846154,24.946038153846153,101225.07442307693,0.9999989,0.0005261139125,-0.0006134317625,-0.0012043417499999999,-0.02698606278,0.026776176619999998,-7.37273496,-0.0030827398768,0.001007169314,-1.086989318,0.27770921,-0.034245007800000005,0.470888378,5417.676513671912,5413.296630859428,5415.837646484357,5414.706542968719,"2,1,0.5,1,15",0
154,25548000,30.15800000000011,0.00034819068153846153,-0.0001726330064615385,0.00039474086846153845,0.27530064538461535,1275.24,1275.0,1275.0,1274.24,0.0,0.0,0.0,0.0,0.0,0.0,0.0,0.0,-0.013315801,-0.0029294998,0.0015979034,0.0,1.7136726e-07,-9.818621,8.328951,24.945683923076924,101225.00307692308,0.9999989576923077,0.0003103745923076923,-0.0006915579076923077,-0.0012202672307692307,-0.02801175912,0.02824929972,-7.42711288,-0.0040844409959999994,0.0021230781640000002,-1.0830994760000001,0.27845546,-0.0329021652,0.47115347999999996,5411.820800781268,5418.3627929687855,5419.120117187464,5419.188476562475,"2,1,0.5,1,15",0
155,25598000,30.208000000000112,7.715243666666668e-05,-0.00017784046458333333,0.0006150029708333333,0.27550168625,1275.74,1275.0,1275.0,1274.74,0.0,0.0,0.0,0.0,0.0,0.0,0.0,0.0,-0.004460798175,-0.0101200115,0.00026631997499999924,0.0047884044000000014,-0.028131704500000014,-9.71537325,8.349536403846153,24.945330807692308,101224.78142307693,0.9999989650943396,0.00014512265849056603,-0.000748830621509434,-0.0012578169433962263,-0.02920706712,0.02970204772,-7.48087988,-0.004868364896,0.002740634514,-1.079282876,0.277365022,-0.034299403,0.471181104,5421.228515625038,5422.155761718759,5417.385742187511,5411.99658203125,"2,1,0.5,1,15",0
156,25648000,30.258000000000113,-0.00020959229692307693,0.00015016244538461538,0.00010060054461538464,0.27572827615384615,1276.0,1275.24,1275.0,1275.24,0.0,0.0,0.0,0.0,0.0,0.0,0.0,0.0,-0.006291714625,0.0020639561999999997,-0.0007323755405488248,0.06509235625000001,-0.0032918591249999976,-9.70849,8.428629307692308,24.94498,101223.84000000001,0.9999987680851063,5.0986685638297876e-05,-0.0008855578629787235,-0.0013279588297872341,-0.030509449039999997,0.03126596916,-7.533944672,-0.004621041564,0.0037845006559999997,-1.076226276,0.2769026060869565,-0.03437185356521739,0.4711787095652174,5423.464843749985,5429.246093749967,5419.275878906289,5415.623046875031,"2,1,0.5,1,15",0
157,25698000,30.308000000000114,-0.00062131861375,2.8679345416666638e-05,-1.1119879583333279e-05,0.27590533875,1276.0,1275.74,1275.0,1275.74,0.0,0.0,0.0,0.0,0.0,0.0,0.0,0.0,0.005858951825,0.001131853425,-0.002796323725,0.052971717,0.003591473025,-9.73961225,8.497248692307693,24.94463,101222.98923076924,0.9999987,2.3736011875e-05,-0.0009043459525000001,-0.001354358,-0.03187206004,0.03289242566,-7.586614472,-0.003793641664,0.005068166056,-1.073597176,0.278447033,-0.034215054599999996,0.47230960899999996,5425.439697265653,5418.880615234378,5424.0344238281,5426.267578125002,"2,1,0.5,1,15",0
158,25748000,30.358000000000114,-0.0005308347556923076,-0.00025339881384615383,0.00010039283230769231,0.27615742153846157,1276.0,1276.0,1275.0,1275.76,0.0,0.0,0.0,0.0,0.0,0.0,0.0,0.0,0.00463389692,-0.00351537576,-0.00106526744,0.013407529800000002,0.0349555168,-9.7321898,8.580314692307692,24.94428,101221.98307692308,0.9999987384615384,0.00010036983807692307,-0.0008628658323076923,-0.00133266,-0.033281867199999995,0.03455712568,-7.639062992,-0.003116862628,0.006102170719999999,-1.0713655800000002,0.27659982,-0.03336909333333333,0.4698856,5430.4653320312345,5421.08349609377,5422.979492187528,5430.255371093752,"2,1,0.5,1,15",0
159,25798000,30.408000000000115,0.00017555248325,-0.00014129189508333334,0.00015840645041666663,0.2762961208333333,1276.0,1276.0,1275.0,1275.26,0.0,0.0,0.0,0.0,0.0,0.0,0.0,0.0,-0.012117383999999998,-0.0001331502192375,0.00013315507499999995,0.041299987499999996,0.028730591,-9.8629155,8.617333346153845,24.943930576923076,101221.53307692308,0.9999988,1.4204059375000008e-05,-0.000848033225,-0.0013141511875,-0.034718222199999996,0.03624333768,-7.691387042000001,-0.0025248078279999997,0.006995741220000001,-1.0693575800000001,0.277195636,-0.033724907900000003,0.472934242,5429.070800781259,5429.268310546883,5430.130371093754,5425.163085937502,"2,1,0.5,1,15",0
160,25848000,30.458000000000116,2.2573719230769223e-05,-0.00024782707030769234,0.0002947710830769231,0.27630063846153846,1276.24,1276.0,1275.0,1275.24,0.0,0.0,0.0,0.0,0.0,0.0,0.0,0.0,-0.015712654,0.00026630645,-0.0026631462,0.01316811,0.035913195,-9.810242,8.650740076923077,24.94358207692308,101221.11384615385,0.9999988,-0.0002461188153846154,-0.0007982495807692308,-0.001329306230769231,-0.0361621532,0.03801717272,-7.743812276,-0.002753353636,0.0071820780240000005,-1.067341644,0.275750522,-0.0335337848,0.471855078,5425.2568359374845,5434.155273437488,5431.118164062482,5422.563476562524,"2,1,0.5,1,15",0
161,25898000,30.508000000000116,-0.0003703890670833333,-0.0004002331725,0.00022192487333333333,0.2763941225,1276.74,1276.0,1275.0,1275.74,0.0,0.0,0.0,0.0,0.0,0.0,0.0,0.0,0.006125273299999999,4.249999999985602e-09,0.0018642094,0.0035913024000000003,0.0173581335,-9.725847,8.702204,24.9432335,101220.52,0.9999988346153846,-0.0003713001223076923,-0.00068890185,-0.0013424911230769231,-0.0376103457,0.039840295719999995,-7.796294426,-0.003443487286,0.006970595874,-1.065321244,0.275887165,-0.0331999693,0.47208021,5426.18188476565,5433.414550781275,5426.021484374988,5433.989990234359,"2,1,0.5,1,15",0
162,25948000,30.558000000000117,-0.00030782816615384617,-0.0001030755923076923,0.0002434279530769231,0.2764503461538461,1276.76,1275.76,1275.24,1276.0,0.0,0.0,0.0,0.0,0.0,0.0,0.0,0.0,-0.00026631262,-0.0050600073,0.0015978925,-0.035913024,0.050278414,-9.791088,8.75800223076923,24.942884923076925,101219.86153846154,0.9999988666666667,-0.00028154258000000004,-0.0006768971766666667,-0.0013450949,-0.03927118330769231,0.04155362,-7.848016923076923,-0.004471414876923077,0.0074833979,-1.0644109153846153,0.276922826,-0.034301291,0.472278318,5431.360351562498,5429.091308593743,5429.058593750006,5431.087402343756,"2,1,0.5,1,15",0
163,25998000,30.608000000000118,-4.096161125e-05,0.00018141996,-0.00018539877958333333,0.27629509291666665,1276.26,1275.26,1275.74,1276.0,0.0,0.0,0.0,0.0,0.0,0.0,0.0,0.0,-0.0036618527,-0.003928161275,0.00279631505,-0.02932897375,0.0083798765,-9.753680750000001,8.82824719230769,24.942536423076923,101219.01153846155,0.9999987625,-0.0002887509125,-0.00083892062125,-0.0013076264375,-0.041051633788461536,0.043205182499999994,-7.899312115384616,-0.005689351559615384,0.008403609775000001,-1.064125001923077,0.2770028,-0.036181073333333334,0.4707659666666667,5428.774311266433,5424.7053351151035,5430.695235402962,5431.192871093748,"2,1,0.5,1,15",0
164,26048000,30.65800000000012,0.00018467996,0.0001972085746153846,-0.00024965562307692306,0.27610553923076925,1275.7623762376238,1275.2376237623762,1276.0,1275.7623762376238,0.0,0.0,0.0,0.0,0.0,0.0,0.0,0.0,-0.0082558035,-0.0055926358499999995,-0.00039947085000000015,-0.0029927517,1.714999999999356e-07,-9.882667,8.879711615384615,24.94218853846154,101218.40000000001,0.99999865,-0.00042639772692307687,-0.0009730011938461539,-0.0012936093846153845,-0.042779826474226804,0.04480968443298969,-7.9517891752577325,-0.00663132114742268,0.008798077185567011,-1.0638802432989691,0.2774222,-0.033427764,0.470666,5430.417968749962,5430.230468749996,5429.3149414062555,5426.446289062516,"2,1,0.5,1,15",0
165,26098000,30.70800000000012,0.000668780220612245,-3.7969704081632584e-06,-0.00026798189836734697,0.2760347714285714,1275.2673267326732,1275.7326732673268,1276.0,1275.2673267326732,0.0,0.0,0.0,0.0,0.0,0.0,0.0,0.0,-0.00026631855000000017,-0.0026631549499999997,0.00679106385,-0.025139117500000002,-0.017357791108865,-9.778519750000001,8.900065214285714,24.941848714285715,101218.1375,0.9999985259183674,-0.0005901539148979592,-0.0010669806408163266,-0.001264764518367347,-0.04446695946391753,0.046377210206185564,-8.005194845360824,-0.007356459446391753,0.008779459659793815,-1.0636678206185566,0.277850175,-0.036086033,0.47046776,5421.696289062507,5421.969238281236,5430.716796875001,5429.186523437487,"2,1,0.5,1,15",0
166,26148000,30.75800000000012,0.00075167498,-5.1076896666666654e-05,9.999426980392156e-05,0.27593742607843136,1275.2323232323233,1275.7676767676767,1275.7676767676767,1275.0,0.0,0.0,0.0,0.0,0.0,0.0,0.0,0.0,-0.0021305217500000003,-0.00226369425,-0.0031957974,-0.0155623115,0.017358136499999996,-9.8006665,8.935690461538462,24.941510846153847,101217.74153846153,0.999998394117647,-0.0006738434876470588,-0.0011537007921568628,-0.0012232436686274509,-0.04572576848484849,0.048095513393939394,-8.058121823232323,-0.00769146498989899,0.008795591474747476,-1.0633635555555556,0.27768650652173915,-0.034288135652173916,0.46952537,5424.480957031254,5428.158691406252,5426.180664062491,5423.563476562487,"2,1,0.5,1,15",0
167,26198000,30.80800000000012,0.00018433558958333337,2.1170865416666676e-05,0.00031639729958333335,0.2758800329166667,1275.7373737373737,1275.2626262626263,1275.2626262626263,1275.0,0.0,0.0,0.0,0.0,0.0,0.0,0.0,0.0,0.00386158285,-0.002197106325,0.0007323728000000001,-0.0038905785,0.0122704562,-9.78779625,9.034105076923076,24.94114776923077,101216.56461538462,0.9999983,-0.0006816707187499999,-0.0012311258625,-0.0012697781875,-0.04672205636363636,0.049906228545454547,-8.11075540909091,-0.00778735690909091,0.008833021272727273,-1.0630030000000001,0.27734352900000003,-0.0354478288,0.47130013,5425.212646484407,5425.544189453126,5423.69531249996,5422.796875000032,"2,1,0.5,1,15",0
168,26248000,30.85800000000012,-0.00042385265461538464,0.00028877533076923076,0.0002584626146153846,0.27574452615384615,1275.76,1275.0,1275.0,1275.24,0.0,0.0,0.0,0.0,0.0,0.0,0.0,0.0,0.0063915905,-0.0013315714,-0.0013315774,0.062249243,1.6867203e-07,-9.664197,9.04923686792453,24.94080145283019,101216.35962264151,0.9999982464285715,-0.0005636736642857142,-0.0012824126214285715,-0.001296682857142857,-0.0475932396039604,0.051957564495049506,-8.16321050990099,-0.006996801881188119,0.009297260356435645,-1.0620913544554456,0.27621942,-0.035963781199999996,0.47197680799999997,5429.4194335937555,5419.338867187484,5421.665039062508,5419.711914062499,"2,1,0.5,1,15",0
169,26298000,30.908000000000122,-0.00020540897249999993,-4.841000833333351e-06,9.093430624999995e-05,0.27569315208333334,1275.26,1275.0,1275.0,1275.74,0.0,0.0,0.0,0.0,0.0,0.0,0.0,0.0,-0.0031957981,0.010186591750000001,-6.657683999999994e-05,-0.010474633975,0.006584225250000001,-9.734823625,9.125445941176471,24.940454588235294,101215.42450980392,0.9999982520833334,-0.0005043259508333333,-0.0012461798958333333,-0.0013006051916666667,-0.04839405148514852,0.05414424964356436,-8.215565212871287,-0.005707620445544554,0.010001579663366338,-1.0608697207920792,0.2771789375,-0.0354145825,0.47242736750000003,5420.467465049299,5420.243729440799,5421.504523026327,5425.965075041146,"2,1,0.5,1,15",0
170,26348000,30.958000000000123,0.0003317541030769231,-0.00015731557615384617,-0.00023877278538461539,0.2759009069230769,1275.24,1275.24,1275.24,1275.76,0.0,0.0,0.0,0.0,0.0,0.0,0.0,0.0,-0.00585895,0.004793698,0.00026630837,-0.015562311,0.017956683,-9.713276,9.240866461538461,24.940110461538463,101214.07169230768,0.9999984833333333,-0.00062703114,-0.0010509871333333333,-0.0012623747666666667,-0.04963291073737374,0.056537063939393936,-8.267487383838384,-0.0058058697626262624,0.010146191393939394,-1.0586515888888888,0.27719487,-0.035392428,0.471626936,5418.922363281252,5428.986328124978,5422.958496093781,5428.21191406251,"2,1,0.5,1,15",0
171,26398000,31.008000000000123,0.0002766457525,0.00015917105208333333,-2.8290102500000012e-05,0.27620059333333336,1275.74,1275.74,1275.74,1275.26,0.0,0.0,0.0,0.0,0.0,0.0,0.0,0.0,-0.0018642119250000002,-0.002596582025,0.0043276389500000005,-0.003591302575,-0.04070126625,-9.73153375,9.257765773584905,24.939766150943395,101213.85245283018,0.999998495,-0.0007336210475,-0.0010110263,-0.00121211845,-0.05114025063636364,0.05905621545454545,-8.319144454545453,-0.006754479863636364,0.009947756545454545,-1.0558227,0.27723369999999997,-0.034363929,0.471149167,5420.859619140643,5425.353027343777,5431.411132812497,5430.614746093752,"2,1,0.5,1,15",0
172,26448000,31.058000000000124,-9.555833846153845e-05,3.15707953846154e-05,0.00035827650615384614,0.27632913846153845,1276.0,1276.0,1275.76,1275.24,0.0,0.0,0.0,0.0,0.0,0.0,0.0,0.0,-0.0027519346222222222,-0.005119188155555556,0.0010060823111111112,-0.04362767511111111,-0.015030096166666666,-9.74107688888889,9.355210113207546,24.939419924528302,101212.6637735849,0.9999985046153846,-0.0007269495907692308,-0.0010800641076923077,-0.001173183930769231,-0.05303057524,0.0616317308,-8.37063828,-0.0073338715,0.0106360368,-1.054565036,0.277489114,-0.0341390392,0.471806796,5430.399902343752,5424.032714843774,5430.899902343721,5427.664550781263,"2,1,0.5,1,15",0
173,26498000,31.108000000000125,-0.0004683835908333333,-0.00019593472666666666,0.00029130855425,0.276322485,1276.0,1276.0,1275.26,1275.74,0.0,0.0,0.0,0.0,0.0,0.0,0.0,0.0,-0.004146933928571428,-0.003956688357142857,0.004223009,-0.02684926342857143,0.01607552785714286,-9.901221571428572,9.352648117647059,24.939095941176472,101212.7168627451,0.9999984375,-0.0006912057,-0.001164711525,-0.0011526812,-0.05513632874,0.0642389508,-8.422040280000001,-0.00770557775,0.0118230943,-1.054191186,0.27621818833333334,-0.032594752500000004,0.47140312083333336,5428.482910156221,5425.757812499963,5430.231445312508,5430.4484863281805,"2,1,0.5,1,15",0
174,26548000,31.158000000000126,-0.00029857586153846154,-7.392790000000014e-06,4.0494016461538454e-05,0.27629940153846155,1276.0,1276.0,1275.24,1275.76,0.0,0.0,0.0,0.0,0.0,0.0,0.0,0.0,-0.0027297387,0.001065265675,-0.00366184765,-0.00837970575,-0.035015032,-9.84944725,9.364536857142856,24.938753,101212.55714285714,0.9999985,-0.0006808317153846154,-0.001163020746153846,-0.0011396050076923076,-0.05733775552,0.0667795244,-8.4736858,-0.007935438400000001,0.01233164524,-1.0540239279999999,0.277343132,-0.03371041905,0.472350766,5430.203979492194,5429.569287109388,5422.222875976552,5427.577734374973,"2,1,0.5,1,15",0
175,26598000,31.208000000000126,0.00017952233875000005,0.00014391084729166665,0.0002969926608333333,0.27620904458333334,1276.0,1276.0,1275.74,1275.26,0.0,0.0,0.0,0.0,0.0,0.0,0.0,0.0,-0.0133158105,-0.0053263189,-0.0034621002,-0.0209492685,0.012569732649999998,-9.9060115,9.412054384615384,24.938391076923075,101211.99692307692,0.99999836875,-0.000762510115,-0.0011856269,-0.0011904143499999998,-0.059592998519999996,0.0692826094,-8.5254683,-0.0080855109,0.01245853624,-1.053972878,0.27734794999999995,-0.034655051,0.470611261,5429.319091796857,5432.992675781242,5430.01098632813,5426.58398437499,"2,1,0.5,1,15",0
176,26648000,31.258000000000127,0.0005102645538461539,9.054747884615385e-05,0.00044295931384615386,0.2760683792307692,1276.0,1276.0,1275.76,1275.0,0.0,0.0,0.0,0.0,0.0,0.0,0.0,0.0,-0.0034621086287974,-0.00346210565,0.00306263855,0.0071826054,0.014365382500000001,-9.771936,9.448169,24.938044153846153,101211.57307692307,0.9999980607142858,-0.0009085829042857142,-0.0012533757571428572,-0.001215263957142857,-0.061572294,0.07144661728,-8.57758552,-0.00813598756,0.01214106308,-1.053312708,0.27877722,-0.0361167518,0.47008652,5424.538085937523,5422.73974609378,5429.70947265622,5427.069335937462,"2,1,0.5,1,15",0
177,26698000,31.308000000000128,0.00035971200375,6.28269025e-05,0.0005054381749999999,0.27601440791666665,1276.0,1276.0,1275.26,1275.0,0.0,0.0,0.0,0.0,0.0,0.0,0.0,0.0,0.0042610561000000005,-0.0009321088999999999,-0.0022636911500000002,0.005386953350000001,-0.0203505475,-9.70369925,9.548389692307692,24.937699653846153,101210.37030769231,0.9999979413636364,-0.0009601552590909091,-0.0012796311818181819,-0.0012509582045454545,-0.063396369,0.07341989428,-8.62989102,-0.00813044156,0.01157363508,-1.052309908,0.279038095,-0.0353448636,0.472399577,5427.549072265645,5432.246582031284,5420.847900390617,5424.719238281223,"2,1,0.5,1,15",0
178,26748000,31.35800000000013,0.00021289764811320756,0.00021387017207547167,0.00022814869094339626,0.27585074716981134,1276.0,1276.0,1275.0,1275.0,0.0,0.0,0.0,0.0,0.0,0.0,0.0,0.0,0.0031957924,-0.0029294766,0.0021305322,0.008379708,0.028730592,-9.730038,9.611772461538461,24.937355846153846,101209.59307692308,0.99999803,-0.0009274248142857143,-0.0012782098928571428,-0.0012822245714285716,-0.06467401167999999,0.07478885832,-8.68210596,-0.007163499496,0.01144521604,-1.05215258,0.278851776,-0.035489608799999996,0.471281664,5424.175292968731,5421.151855468733,5424.374511718774,5420.696289062512,"2,1,0.5,1,15",0
179,26798000,31.40800000000013,4.180762297872342e-05,0.00021681822808510635,0.00015749241446808506,0.2756590468085106,1276.0,1276.0,1275.0,1275.0,0.0,0.0,0.0,0.0,0.0,0.0,0.0,0.0,0.00066579095,-0.001198423375,0.0020639493,0.029927524750000004,-0.0056860602500000135,-9.890149375,9.695379576923077,24.937013230769228,101208.59961538462,0.99999803,-0.0009112239977272727,-0.00132590805,-0.0012409891272727274,-0.06564428618,0.07581789632,-8.73426996,-0.005655772146,0.01156373954,-1.0524708299999999,0.27952924399999995,-0.0365214557,0.47021796,5425.167236328155,5414.080810546849,5426.052001953126,5420.9746093750055,"2,1,0.5,1,15",0
180,26848000,31.45800000000013,0.00010194737538461536,-0.00014377933384615387,0.0005068558030769231,0.27557054,1275.7714285714285,1275.7714285714285,1275.2285714285715,1275.0,0.0,0.0,0.0,0.0,0.0,0.0,0.0,0.0,-0.0015979019499999998,0.011584754000000001,-0.00053263415,0.032920273,0.007781324999999999,-9.886856250000001,9.744315923076922,24.936670307692307,101208.02461538462,0.9999980907142857,-0.0009294485107142857,-0.0012313845857142857,-0.0012369964714285715,-0.0662568356930693,0.07634350089108911,-8.78627894059406,-0.004574858466336634,0.010865304475247525,-1.0520683623762377,0.276763636,-0.0344771142,0.47217466,5418.492675781229,5423.656250000013,5419.071289062502,5422.250976562488,"2,1,0.5,1,15",0
181,26898000,31.50800000000013,0.0003587506128301887,-1.6069953773584916e-05,1.356387169811318e-05,0.27553643603773587,1275.2952380952381,1275.2952380952381,1275.7047619047619,1275.0,0.0,0.0,0.0,0.0,0.0,0.0,0.0,0.0,-0.00218377934,0.0110254956,-0.00197071754,-0.002154782000000001,-0.011491998600000001,-9.774090000000001,9.791402207547169,24.936327528301888,101207.43056603773,0.999998235,-0.0010330294576923076,-0.0010351972192307692,-0.0012274972192307693,-0.06666816490099009,0.07658592415841584,-8.838200722772278,-0.003734027476237624,0.009707330217821782,-1.051260491089109,0.27739206666666666,-0.034913249,0.47046592666666665,5417.352221679678,5423.108789062472,5420.3444335937975,5419.684594726561,"2,1,0.5,1,15",0
182,26948000,31.55800000000013,0.00025353247893617023,0.0003255954072340425,-4.028048638297872e-05,0.2755589465957447,1275.2,1275.0,1275.8,1275.0,0.0,0.0,0.0,0.0,0.0,0.0,0.0,0.0,0.0066579087,0.0063915816,9.497201e-09,0.053869545,0.043095805,-9.825806,9.809536588235293,24.935985764705883,101207.19882352941,0.9999983627272727,-0.0010133479472727272,-0.0009511319363636364,-0.0012051016,-0.06712375393203883,0.07663466757281553,-8.890247446601942,-0.0027868294485436894,0.008193989588349514,-1.0494109339805826,0.27848978,-0.036643584695652175,0.4713255056521739,5419.022460937524,5419.053710937512,5422.300292968738,5421.318847656212,"2,1,0.5,1,15",0
183,26998000,31.608000000000132,-0.0001581695395833333,0.00013861570125000002,0.0004155486358333333,0.2756503620833333,1275.7263157894736,1275.0,1275.2736842105264,1275.0,0.0,0.0,0.0,0.0,0.0,0.0,0.0,0.0,0.0102531695,0.00492685,-0.0006658023250000001,0.05985505,0.0125697295,-9.6468375,9.859525,24.935644500000002,101206.61,0.9999985625,-0.0007980143875,-0.00085189085625,-0.0012338904375,-0.06760646995145632,0.07656470398058253,-8.942370747572816,-0.0017744387203883496,0.006462843763106796,-1.0469229242718447,0.277747605,-0.035203572,0.4718731625,5418.879150390639,5422.109130859359,5417.357177734388,5421.617919921861,"2,1,0.5,1,15",0
184,27048000,31.658000000000133,-0.00037637433846153843,-5.0273114923076926e-05,0.00015264556923076924,0.27593876,1276.0,1275.2307692307693,1275.0,1275.2307692307693,0.0,0.0,0.0,0.0,0.0,0.0,0.0,0.0,0.009321065,0.0021305305,-0.0013315756,-0.033518832,0.0011972706,-9.70849,9.94873,24.935303153846153,101205.55230769231,0.9999987928571429,-0.0005501583607142857,-0.0007397548607142857,-0.0012584868214285715,-0.06833044664948454,0.07645263744329897,-8.993997206185567,-0.001478306787628866,0.00530266507628866,-1.044585,0.276460356,-0.0353144584,0.47117278,5427.662597656264,5420.70800781252,5419.273437500001,5420.611328125007,"2,1,0.5,1,15",0
185,27098000,31.708000000000133,-0.00016127338615384615,-2.404413884615385e-05,0.00014504843961538462,0.27614419576923077,1276.0,1275.7115384615386,1275.0,1275.7115384615386,0.0,0.0,0.0,0.0,0.0,0.0,0.0,0.0,0.0064981126,0.0026098981399999997,-0.00010652620000000008,-0.0433350476,0.046447683999999996,-9.7731316,9.999472115384615,24.934970692307694,101204.95,0.9999989113636364,-0.0003749797881818182,-0.0006876641454545455,-0.0012751264045454546,-0.06924398530927835,0.07630749002061857,-9.045233288659794,-0.0017449496226804124,0.004591103426804124,-1.042365,0.2758875323809524,-0.03532300380952381,0.47144575904761904,5425.113846628261,5428.459524054278,5420.0364412006675,5427.517423930957,"2,1,0.5,1,15",0
186,27148000,31.758000000000134,-0.00026321554000000003,9.987484583333333e-05,0.00010050126750000001,0.2762288025,1275.7916666666667,1276.0,1275.2083333333333,1275.7916666666667,0.0,0.0,0.0,0.0,0.0,0.0,0.0,0.0,0.0029294798,-0.0021305268,0.0005326304,-0.025139121,0.073023334,-9.838972,10.050936538461539,24.934634153846154,101204.33692307692,0.9999989499999999,-0.00027583939307692306,-0.0006577754846153847,-0.0012804874692307691,-0.07036839237373738,0.07584695294949495,-9.096369656565656,-0.001991539305050505,0.0038801214040404043,-1.0414851393939393,0.27727788200000003,-0.0336513556,0.471994704,5427.915527343778,5430.549804687481,5424.512695312508,5426.275390624991,"2,1,0.5,1,15",0
187,27198000,31.808000000000135,0.00012018355416666665,0.0002626849291666667,-0.00012966879166666668,0.27617914791666665,1275.2708333333333,1276.0,1275.7291666666667,1275.2708333333333,0.0,0.0,0.0,0.0,0.0,0.0,0.0,0.0,-0.00319579085,-0.0021305322750000003,-0.00133158804,-0.0149637646,0.0149639345,-9.8533385,10.100775769230768,24.93428146153846,101203.74946153846,0.99999887,-0.00026961915423076924,-0.0007145331442307693,-0.0012971052807692308,-0.07162204136363637,0.07519311254545455,-9.14744490909091,-0.0022258383454545456,0.0031694946363636364,-1.0414266545454545,0.276804535,-0.0371544627,0.471324273,5429.989990234358,5427.168701171898,5431.040283203101,5422.250000000005,"2,1,0.5,1,15",0
188,27248000,31.858000000000136,0.00041662070969230767,0.0001363903569230769,3.8907098461538455e-05,0.27607351846153844,1275.0,1276.0,1275.76,1275.0,0.0,0.0,0.0,0.0,0.0,0.0,0.0,0.0,-0.00046605537279025,-0.00246342795,-0.0054594795750000005,0.03292027475,0.009277703000000002,-9.84705375,10.123167615384615,24.933941384615384,101203.4656923077,0.99999887,-0.00032592334666666666,-0.0008050281,-0.0012773380333333333,-0.07276091820000001,0.07405969800000001,-9.198957120000001,-0.002130455792,0.0018817132336,-1.0419976,0.276370878,-0.0344790764,0.470901538,5425.053710937496,5427.7314453124845,5424.0986328125055,5422.654785156252,"2,1,0.5,1,15",0
189,27298000,31.908000000000136,8.895612095833334e-05,-8.263670833333705e-07,0.00021632036666666666,0.2758447170833333,1275.0,1276.0,1275.26,1275.0,0.0,0.0,0.0,0.0,0.0,0.0,0.0,0.0,0.002197106725,-0.003861584625,-0.0025965818249999995,-0.02154781475,-0.03112445025,-9.847353,10.166145615384615,24.933607076923074,101202.95538461539,0.99999887,-0.0002757101775510204,-0.00080971594,-0.001267432757142857,-0.0738352357,0.072656523,-9.25071512,-0.001849627342,0.0002692823486,-1.0429226,0.275975893,-0.0331126793,0.47147293500000004,5423.870117187515,5425.600097656284,5424.715332031216,5423.880126953116,"2,1,0.5,1,15",0
190,27348000,31.958000000000137,-0.00015452929679245285,-0.00010495789573584906,1.636831358490566e-05,0.27569822641509434,1275.2376237623762,1276.0,1274.7623762376238,1275.0,0.0,0.0,0.0,0.0,0.0,0.0,0.0,0.0,0.0037284223,0.005060008,-0.002929479,-0.023942016,0.031124793,-9.75757,10.244877153846154,24.933276923076924,101202.01538461538,0.9999989214583334,-0.00015648544958333333,-0.0007679419777083333,-0.0012764939458333332,-0.07497820632,0.0711123224,-9.30276688,-0.002336361324,-0.0007563578996,-1.042713648,0.276195644,-0.034859990199999996,0.471134784,5420.169433593776,5425.059570312475,5421.4194335937345,5420.102539062515,"2,1,0.5,1,15",0
191,27398000,32.00800000000014,-0.0006745354,-0.000183211102125,0.00026221624624999995,0.27562464062500003,1275.7326732673268,1276.0,1274.2673267326732,1275.0,0.0,0.0,0.0,0.0,0.0,0.0,0.0,0.0,0.0157126505,0.0033289682,-0.0009320918722065,0.00658405525,0.061052322,-9.7390145,10.333189490566038,24.932921886792453,101200.94320754717,0.999999,8.47364826923077e-05,-0.0007247017403846154,-0.0012783124288461539,-0.07615979432,0.0694887949,-9.35498388,-0.003254849174,-0.0014519284146,-1.0418668480000002,0.276446267,-0.0362745289,0.472252342,5422.183175223229,5419.8748372396,5417.412783668144,5426.016996837775,"2,1,0.5,1,15",0
192,27448000,32.058000000000135,-0.0002491009056862745,-0.0004742091984313726,0.00046154515900196074,0.27561818039215685,1276.0,1276.0,1274.2233009708739,1274.7766990291261,0.0,0.0,0.0,0.0,0.0,0.0,0.0,0.0,0.001731055675,-0.005426191125,-0.0002996089800089501,-0.02917933375,0.050428046875,-9.717768125000001,10.36805894117647,24.93258150980392,101200.52270588235,0.9999989515686274,0.0002637668258823529,-0.0007496432852941176,-0.001281517280392157,-0.07790558706930693,0.06818355034653466,-9.40699895049505,-0.004491222914851485,-0.0021153392653465346,-1.040508376237624,0.27721698695652175,-0.033513192130434785,0.47056284695652173,5423.086425781227,5422.217285156258,5415.7500000000155,5421.42187500001,"2,1,0.5,1,15",0
193,27498000,32.10800000000014,0.00037606848346153845,1.4170814230769161e-05,0.00037547722213461537,0.27567467692307696,1276.0,1276.0,1274.7087378640776,1274.2912621359224,0.0,0.0,0.0,0.0,0.0,0.0,0.0,0.0,0.0003994833883285,-0.015978972,0.0041278936,-0.0161608605,-0.0173577957,-9.756372500000001,10.361891,24.93224226923077,101200.5933846154,0.99999880625,0.00025193917875,-0.00091107646875,-0.0012645511375,-0.07996874499009901,0.06705733995049505,-9.458900435643566,-0.005906407469306931,-0.0027606603049504953,-1.0388620891089109,0.2764508214285714,-0.03405715657142857,0.47075137285714286,5420.821655273458,5416.044458007792,5425.800439453156,5419.529003906209,"2,1,0.5,1,15",0
194,27548000,32.15800000000014,8.520883666666664e-05,0.0002682345075,0.0004719798916666666,0.27565180833333336,1275.7916666666667,1275.7916666666667,1275.0,1274.4166666666667,0.0,0.0,0.0,0.0,0.0,0.0,0.0,0.0,0.0013315838,-0.010386328,-0.003195794,0.005985504,0.017956687,-9.840169,10.469514846153846,24.931903076923078,101199.27846153846,0.9999985846153846,0.00023914392923076922,-0.0011440236923076924,-0.0012439712384615385,-0.08233759494949495,0.06605190949494949,-9.510482858585858,-0.007002932997979798,-0.003300254761616162,-1.0377934191919191,0.27799582,-0.0341761966,0.471399232,5425.8398437499745,5421.273437499992,5422.675781249969,5415.161132812544,"2,1,0.5,1,15",0
195,27598000,32.20800000000014,-0.00011636497333333332,-0.00036662044874999995,-0.00022763292416666666,0.27564766125,1275.2708333333333,1275.2708333333333,1275.0,1275.4583333333333,0.0,0.0,0.0,0.0,0.0,0.0,0.0,0.0,-0.00239684848,-0.0029294748000000003,0.00186421405,0.0191536155,-0.0329201015,-9.7970755,10.467167384615385,24.931566423076923,101199.35615384617,0.9999984375,0.0002548492375,-0.0012209985,-0.0012553813,-0.08489380454545455,0.06512050545454545,-9.561869727272727,-0.007904151381818181,-0.0037750490545454545,-1.0370787727272728,0.278190314,-0.0344600382,0.47014106099999997,5418.6472167968495,5422.210449218771,5421.397949218742,5422.766357421912,"2,1,0.5,1,15",0
196,27648000,32.25800000000014,-1.2230760000000009e-05,0.0001831543838461538,-0.0004041105923076923,0.27575784076923077,1275.0,1275.0,1275.24,1275.76,0.0,0.0,0.0,0.0,0.0,0.0,0.0,0.0,0.0042610625,-0.0015978893,-0.003462109,0.020350715,0.029927693,-9.7240505,10.516827,24.931227,101198.76,0.9999985,0.0002539163923076923,-0.001210047576923077,-0.001220493723076923,-0.087198424,0.0643484992,-9.613316999999999,-0.00818214168,-0.003723211544,-1.036535164,0.277681838,-0.0332486456,0.471092972,5421.479980468772,5425.762207031206,5418.762695312548,5424.597656249994,"2,1,0.5,1,15",0
197,27698000,32.30800000000014,0.00010185649000000002,0.00044939019391666667,-0.0004313467575,0.2757284575,1275.0,1275.0,1275.74,1275.26,0.0,0.0,0.0,0.0,0.0,0.0,0.0,0.0,0.0031958011000000003,-0.0091879055,5.644999999995098e-09,0.0251391185,0.0209494365,-9.8042575,10.638716423076923,24.930889500000003,101197.28884615384,0.99999848125,0.00027084466249999997,-0.0013000306,-0.0011707579874999999,-0.089361524,0.0636661542,-9.664798249999999,-0.00810956618,-0.003375143644,-1.0360877640000001,0.27819162199999997,-0.0345595655,0.470470224,5422.718749999983,5418.369628906257,5425.270019531212,5421.528564453111,"2,1,0.5,1,15",0
198,27748000,32.358000000000146,0.0004081633476923077,0.000151877866,-0.00026189446569230767,0.27557636,1275.0,1275.2376237623762,1275.5247524752476,1275.0,0.0,0.0,0.0,0.0,0.0,0.0,0.0,0.0,-0.0029294777,0.001065263,-0.00026632354,0.051475346,-0.032321557,-9.745598,10.678261846153847,24.930552,101196.7776923077,0.99999845,0.0002571709653846154,-0.0013889620615384615,-0.0011227116846153845,-0.09120551493069307,0.06316482366336634,-9.71638544059406,-0.007641265217821782,-0.0030911220514851486,-1.0353505732673267,0.277261492,-0.034364683599999994,0.47317927400000004,5419.707519531249,5418.095703125006,5422.562988281259,5419.577148437499,"2,1,0.5,1,15",0
199,27798000,32.40800000000014,5.564929000000004e-05,-0.00010924893224489792,0.00030555110412244904,0.27551137387755104,1275.0,1275.7326732673268,1274.5346534653465,1275.0,0.0,0.0,0.0,0.0,0.0,0.0,0.0,0.0,0.002862899375,0.004793697049999999,0.00372841805,0.01675940975,-0.022445468249999996,-9.75726975,10.67699773076923,24.9302145,101196.81961538462,0.9999984940816327,0.0002465625051020408,-0.0013610005918367346,-0.0010982990999999999,-0.09287000700990099,0.06276531376237623,-9.768032222772277,-0.006950368683168316,-0.0028431265069306932,-1.0344503752475247,0.2781604880952381,-0.032646483857142854,0.47105186714285713,5420.34293619793,5419.81821986608,5419.528878348185,5423.412551153252,"2,1,0.5,1,15",0
200,27848000,32.45800000000014,-0.00012122326078431371,-8.7081441372549e-05,0.00022681726078431367,0.2753613154901961,1275.0,1275.7676767676767,1274.2323232323233,1274.7676767676767,0.0,0.0,0.0,0.0,0.0,0.0,0.0,0.0,-0.0010652671,0.0029294798,0.005858954,0.02274492,-0.032321554,-9.7396145,10.700293,24.929876999999998,101196.50846153845,0.99999857,0.000274328446,-0.00127750306,-0.0010864686454545454,-0.09464174082828282,0.062228993535353536,-9.820682393939395,-0.006431989383838384,-0.002626017977777778,-1.0336914909090908,0.27742019,-0.0336404842,0.471794592,5413.994628906275,5417.081054687478,5416.089355468779,5419.756835937491,"2,1,0.5,1,15",0
201,27898000,32.508000000000145,0.00025230609125,0.00029565243312500004,-0.00012341772916666662,0.27520448833333333,1275.0,1275.2626262626263,1274.7373737373737,1274.2626262626263,0.0,0.0,0.0,0.0,0.0,0.0,0.0,0.0,0.0019973744500000005,-0.001664472175,0.004394213775,0.053270992200000006,-0.023941850499999993,-9.76475325,10.807014115384614,24.929541115384616,101195.26592307692,0.9999986113636364,0.0002523713372727273,-0.0012581442954545455,-0.001061912281818182,-0.09647920345454546,0.061608821818181815,-9.873947545454545,-0.006019346454545454,-0.0024278402,-1.033019218181818,0.279629347,-0.0332132366,0.47022533499999997,5414.763183593776,5412.395263671907,5418.5903320311945,5417.600341796826,"2,1,0.5,1,15",0
202,27948000,32.55800000000015,0.00038990567,-0.00036526978576923076,-0.00017306721230769226,0.27509451153846154,1275.0,1274.76,1275.0,1274.24,0.0,0.0,0.0,0.0,0.0,0.0,0.0,0.0,-0.006391595700000001,-0.0031957884999999995,-0.0023968383500000004,-0.04608839,0.0143653825,-9.7731325,10.892788153846153,24.929204,101194.23476923077,0.9999987,0.0001719269023076923,-0.0012474396153846154,-0.0010604934461538463,-0.098615618,0.0604363184,-9.92673228,-0.00675898956,-0.002851347656,-1.0313954399999998,0.27747784400000003,-0.0340841338,0.471783118,5413.008789062462,5421.053222656242,5415.50146484374,5409.523925781298,"2,1,0.5,1,15",0
203,27998000,32.608000000000146,7.804150791666667e-05,-0.0002921949058333333,-0.000643110995,0.27513072916666664,1275.0,1274.26,1275.0,1274.74,0.0,0.0,0.0,0.0,0.0,0.0,0.0,0.0,0.005503859833333334,-0.0044386027000000005,0.0007989558000000008,-0.039903360666666665,0.050278401333333334,-9.715271666666666,10.938655423076922,24.92888330769231,101193.67749999999,0.9999986653846153,0.00010700577307692308,-0.0012620785923076923,-0.0010632238884615386,-0.10092019299999999,0.0589531284,-9.979246779999999,-0.00814679356,-0.003624553056,-1.0292364399999998,0.27924176142857143,-0.03495086571428571,0.47132427714285713,5412.169407894714,5417.751747532889,5415.537083676013,5416.911107113504,"2,1,0.5,1,15",0
204,28048000,32.65800000000014,-0.00018626598,0.0006614731861538461,-0.0002799274707692308,0.2750888046153846,1275.0,1274.24,1274.76,1274.52,0.0,0.0,0.0,0.0,0.0,0.0,0.0,0.0,0.011984237,-0.011185269,0.00559264,0.010773908,-0.009576637,-9.834185,10.965019230769231,24.92854023076923,101193.37153846154,0.9999985333333333,0.00022599907333333333,-0.0013858866333333333,-0.0010209648666666667,-0.10309865846153846,0.05753646707692308,-10.031366461538461,-0.00877729376923077,-0.004434789615384615,-1.028517476923077,0.27746696400000004,-0.0334447524,0.471284128,5415.782226562516,5404.189941406264,5417.604492187508,5420.270507812455,"2,1,0.5,1,15",0
205,28098000,32.70800000000015,8.97031125000002e-06,0.0005943405612500001,0.00040840230791666665,0.27497695,1275.0,1274.74,1274.26,1273.52,0.0,0.0,0.0,0.0,0.0,0.0,0.0,0.0,-0.0014203590666666665,-0.004882465566666667,0.0031957906666666668,-0.028331387666666666,-0.04788386533333333,-9.809844333333334,11.055127461538461,24.928212538461537,101192.27653846153,0.99999830625,0.00035741273749999997,-0.0015661705375,-0.0009871759625,-0.10520618730769231,0.056157228134615385,-10.083264057692308,-0.008981810596153847,-0.0052658562019230765,-1.0286085346153846,0.2774845833333333,-0.033120657,0.4710778666666667,5414.182051809181,5411.808490953954,5419.734786184202,5412.165784333898,"2,1,0.5,1,15",0
206,28148000,32.75800000000015,2.0526424339622644e-05,-3.788772773584905e-05,0.0006050180513207546,0.2749618075471698,1274.7623762376238,1274.7623762376238,1274.2376237623762,1273.2376237623762,0.0,0.0,0.0,0.0,0.0,0.0,0.0,0.0,0.005326339,0.007989478,0.00426105,-0.05267244,0.040701605,-9.776724,11.075894153846154,24.927871923076925,101192.00461538462,0.9999982112244898,0.00038522190408163263,-0.001578186212244898,-0.000985159287755102,-0.10701410865979381,0.05493356543298969,-10.134711824742269,-0.00914595975257732,-0.005438470667010309,-1.0285291525773195,0.27927703,-0.032344762,0.47092757,5409.558593750012,5413.2661132812755,5409.496582031243,5418.519042968735,"2,1,0.5,1,15",0
207,28198000,32.80800000000015,-0.0001327213976875,-2.7406381874999994e-05,0.00017290093062499997,0.274912536875,1274.2673267326732,1274.2673267326732,1274.7326732673268,1273.7326732673268,0.0,0.0,0.0,0.0,0.0,0.0,0.0,0.0,0.0013315805500000001,-0.0014647350414219,-0.004527373899999999,0.014365213000000002,0.01616103591347,-9.849149,11.109283849056604,24.927530754716983,101191.60396226415,0.99999824375,0.00047106935,-0.0015515013375,-0.0009903708875,-0.10858662412371134,0.05383214120618557,-10.185806154639174,-0.009278391453608247,-0.005093729893814433,-1.0283158536082473,0.27830934,-0.033937828499999996,0.471549095,5415.380301339313,5413.93487258182,5410.057849702367,5412.094238281223,"2,1,0.5,1,15",0
208,28248000,32.858000000000146,-7.608820768627452e-05,0.00027195459450980394,0.00034745982509803926,0.27479713352941176,1274.2323232323233,1273.7676767676767,1274.7676767676767,1274.0,0.0,0.0,0.0,0.0,0.0,0.0,0.0,0.0,0.001065266,-0.0037768480818181818,-0.003050528372727273,-0.013276936745454545,0.0006531370909090908,-9.811003181818181,11.155900352941176,24.927198,101191.05882352941,0.9999980542553192,0.0005210257542553192,-0.0016492189319148936,-0.0010264326893617021,-0.10946264547572816,0.05266729847572815,-10.236982252427184,-0.008048915382524271,-0.005106111014563107,-1.0286929077669902,0.2798740413043478,-0.033357287,0.47159393695652174,5417.15966796874,5408.568359375031,5411.429687499986,5405.71337890625,"2,1,0.5,1,15",0
209,28298000,32.90800000000015,-0.0003181180933333333,0.00036257266583333337,0.00037159304750000006,0.2747137520833334,1274.7373737373737,1273.2626262626263,1274.2626262626263,1274.0,0.0,0.0,0.0,0.0,0.0,0.0,0.0,0.0,0.00292948052,-0.000852205248,0.00452737352,0.044053317,-0.010294894800000003,-9.893801,11.183518,24.926865499999998,101190.755,0.9999979019230769,0.000555479701923077,-0.0016802843807692308,-0.0010429390846153845,-0.10991178333980582,0.05146358633980582,-10.288208466019418,-0.005984721644660193,-0.005337373296116505,-1.0294317912621358,0.2775779225,-0.0334127875,0.4720523225,5411.785336143066,5406.906404194008,5414.854055304308,5412.829744037874,"2,1,0.5,1,15",0
210,28348000,32.958000000000155,-5.47438338461538e-05,0.00020557544,0.000247510583076923,0.27464011846153846,1274.52,1273.48,1274.0,1274.48,0.0,0.0,0.0,0.0,0.0,0.0,0.0,0.0,-0.00279632915,0.009587382,0.00066578605,0.0496796955,0.026336388000000002,-9.8078475,11.247803846153847,24.92653376923077,101189.98692307693,0.9999981,0.0005570180066666666,-0.0015962825,-0.0010133700333333333,-0.1098710073814433,0.05034541667010309,-10.339303092783505,-0.004041065901030928,-0.005672558147422681,-1.0281466979381444,0.27885847799999997,-0.0348146752,0.47117402799999997,5408.6474609375055,5404.9458007813,5414.208496093727,5406.24853515622,"2,1,0.5,1,15",0
211,28398000,33.00800000000015,0.0003738632629166667,-0.0005057313879166667,0.0002411326575000001,0.27478446916666666,1273.52,1274.48,1274.0,1275.48,0.0,0.0,0.0,0.0,0.0,0.0,0.0,0.0,0.0026631536,0.0191747635,-0.000399468615,-0.005386954500000001,-0.0412998165,-9.66359725,11.35055223076923,24.926202461538463,101188.74403846155,0.9999984875,0.0004870679275,-0.0013260052875,-0.0010196562625000001,-0.10944529913402062,0.04929445893814433,-10.390294329896907,-0.0021921185814432987,-0.006089396446391753,-1.0252713371134021,0.2786391047619048,-0.034714608285714287,0.47054579904761906,5408.92041015625,5413.04931640625,5409.208984375,5408.962890625,"2,1,0.5,1,15",0
212,28448000,33.05800000000015,-1.6424969230769174e-05,-0.0006654949738461539,-3.375117692307693e-05,0.2750992723076923,1273.48,1274.76,1274.24,1275.76,0.0,0.0,0.0,0.0,0.0,0.0,0.0,0.0,0.0002663039,0.009054751,-0.00026631143,-0.05267244,0.008379875,-9.67856,11.425491461538462,24.925872076923078,101187.86384615385,0.9999988384615385,0.0005493660015384615,-0.0009833301,-0.0010248970076923076,-0.10938361616161617,0.04848320207070707,-10.441617595959595,-0.0010259025633737374,-0.006462140053535354,-1.0228906656565657,0.276949122,-0.0339384184,0.46990054200000003,5409.8486328125455,5416.988769531258,5409.1376953125055,5415.287597656237,"2,1,0.5,1,15",0
213,28498000,33.10800000000015,-0.00016386527583333335,-3.582674374999999e-05,8.83288783333333e-05,0.27527930500000003,1274.48,1274.26,1274.74,1275.26,0.0,0.0,0.0,0.0,0.0,0.0,0.0,0.0,0.012383702,0.00346210925,0.0006657907,-0.024540567,0.029927693499999998,-9.762957499999999,11.441924576923077,24.92554226923077,101187.65853846153,0.9999988625,0.00071016010125,-0.0008584678624999999,-0.0010387847625,-0.10954504545454546,0.047818858636363634,-10.493144363636365,-0.0002781347623636364,-0.0068078578818181815,-1.020813190909091,0.27845510900000003,-0.0324927282,0.471098609,5420.638427734398,5414.646240234397,5411.259277343789,5417.200439453123,"2,1,0.5,1,15",0
214,28548000,33.15800000000016,3.2372969999999994e-05,5.274441000000001e-05,-0.00012929380153846158,0.2753214261538462,1275.0,1274.24,1274.76,1274.76,0.0,0.0,0.0,0.0,0.0,0.0,0.0,0.0,-0.0009764947833333334,0.0023080715,0.003994743933333334,-0.007182601999999996,0.039504499666666665,-9.777919333333333,11.474247846153846,24.92521276923077,101187.24184615385,0.9999988384615385,0.0008167770892307692,-0.0008371238,-0.0010302466615384615,-0.110027816,0.047108831319999996,-10.54431704,6.287064888e-05,-0.006431580684,-1.0206809479999999,0.276855472,-0.0325039148,0.472363212,5413.24804687504,5413.072265625032,5418.8300781249845,5418.021972656224,"2,1,0.5,1,15",0
215,28598000,33.208000000000155,4.285061625000001e-05,-9.865919108333334e-05,0.0002619824654166667,0.2751683366666667,1275.0,1274.74,1274.26,1274.26,0.0,0.0,0.0,0.0,0.0,0.0,0.0,0.0,-0.004261055,-0.0030626402000000002,0.0029294766,0.0035913029999999997,-0.025138945750000002,-9.91439175,11.549006826923076,24.924883653846155,101186.34365384615,0.999998951923077,0.0007600688846153847,-0.0007966366807692308,-0.0010170207692307691,-0.110691341,0.046373106819999996,-10.595290539999999,0.00017507221587999999,-0.005649181284,-1.0216428979999999,0.277458907,-0.034282602599999996,0.470823591,5418.230957031237,5415.444580078122,5417.8781738281405,5417.67724609375,"2,1,0.5,1,15",0
216,28648000,33.25800000000015,0.0001033575562264151,5.274844954716981e-05,0.0003301119354716981,0.27503298490566036,1275.0,1274.76,1274.0,1274.24,0.0,0.0,0.0,0.0,0.0,0.0,0.0,0.0,-0.006258426500000001,0.0007989537999999999,0.0011984239,0.0604535965,0.0083798767,-9.746197500000001,11.607514,24.924553846153845,101185.62615384615,0.99999905,0.0006639829288888889,-0.0007467405524444444,-0.0010240792666666666,-0.1112926804,0.04593026872,-10.64674724,0.0007001371384,-0.0053703451800000005,-1.0214839519999999,0.277082206,-0.03332159,0.471141908,5410.495117187539,5418.864257812503,5413.4526367187245,5412.094238281231,"2,1,0.5,1,15",0
217,28698000,33.308000000000156,-0.00018435936212765955,-3.960270553191489e-05,0.00018432417787234042,0.2749896893617021,1275.0,1274.26,1274.0,1274.74,0.0,0.0,0.0,0.0,0.0,0.0,0.0,0.0,0.00292948095,-0.000532632640235075,-0.0039281608,-0.034416651,-0.026635325,-9.742605000000001,11.616167679245283,24.92422547169811,101185.54603773585,0.99999905,0.0006287149205882353,-0.0007097103352941177,-0.0010420827705882353,-0.1118590404,0.04565217922,-10.69847574,0.0014574376984,-0.00537476343,-1.020694502,0.27686479,-0.0316356694,0.472196275,5417.004150390609,5412.596923828109,5414.0969238281195,5411.478271484401,"2,1,0.5,1,15",0
218,28748000,33.35800000000016,-0.00010273057384615385,-0.0002643279507692308,-1.4348885384615374e-05,0.2749286830769231,1275.0,1274.24,1274.0,1274.76,0.0,0.0,0.0,0.0,0.0,0.0,0.0,0.0,-0.002263683625,0.0001997347700000002,-0.0045939546250000005,-0.0766144715,0.03531464475,-9.70489775,11.698035764705882,24.923901196078432,101184.56882352941,0.99999905,0.000660643276923077,-0.0006794279923076923,-0.0010419954538461538,-0.1122391444,0.045652202360000005,-10.750082,0.00172622942,-0.00499834488,-1.019788956,0.2779564043478261,-0.032147954956521736,0.4701923295652174,5415.9931640624845,5414.962890625005,5410.738769531281,5412.027832031248,"2,1,0.5,1,15",0
219,28798000,33.40800000000016,0.0002647610733333333,3.346747416666665e-05,0.00020809822562499995,0.27492240125,1275.0,1274.74,1274.0,1274.26,0.0,0.0,0.0,0.0,0.0,0.0,0.0,0.0,-0.00665790365,0.0033289529000000003,-0.00039946516,0.04668694,0.0269349435,-9.821615000000001,11.702677711538461,24.92356753846154,101184.54461538461,0.9999990915384616,0.0005867228807692308,-0.0006128241280769231,-0.0010547063961538461,-0.11251447939999999,0.04580866386,-10.801619500000001,0.00172023492,-0.00440770563,-1.0188181060000001,0.277824655,-0.0326920805,0.47098179,5408.206298828136,5416.730224609356,5411.642578125013,5414.5488281249845,"2,1,0.5,1,15",0
220,28848000,33.458000000000155,-6.220072461538464e-05,0.0001657081847692308,0.00021184128461538458,0.2750298353846154,1275.0,1275.0,1274.2376237623762,1274.2376237623762,0.0,0.0,0.0,0.0,0.0,0.0,0.0,0.0,-0.0010652618,0.0009321055500000001,0.0038615873,-0.0478840395,0.032920446,-9.7090865,11.833235307692307,24.923238923076923,101182.94923076923,0.99999917,0.0005332980333333334,-0.0005547349133333333,-0.0010433226333333334,-0.11296607207920792,0.046148698198019804,-10.852446425742574,0.0008321775891089109,-0.003383001488118812,-1.0172066277227723,0.2768101,-0.034244817,0.47078654,5408.423828125051,5412.970703124987,5411.384765625018,5416.538085937493,"2,1,0.5,1,15",0
221,28898000,33.50800000000016,-4.056808979591836e-05,9.423324946938776e-05,-0.0001603065926530612,0.27526176734693875,1275.0,1275.0,1274.7326732673268,1274.7326732673268,0.0,0.0,0.0,0.0,0.0,0.0,0.0,0.0,0.0013315957,-0.0093210635,-0.00213053055,0.040102883,0.0311247945,-9.74619775,11.857562547169811,24.92291290566038,101182.6662264151,0.99999917,0.000553228512244898,-0.0006253258424489795,-0.0010142061285714286,-0.1135168097029703,0.04659199225742574,-10.902873653465347,-0.0005520400841584159,-0.0021141358445544555,-1.015234796039604,0.275648565,-0.033860298,0.471240715,5418.749953497039,5410.976539248523,5415.830938430053,5418.24067615325,"2,1,0.5,1,15",0
222,28948000,33.55800000000016,0.0002791867305882353,4.5439220588235296e-05,-0.0003613779374509804,0.27532340901960783,1275.0,1275.0,1275.0,1275.0,0.0,0.0,0.0,0.0,0.0,0.0,0.0,0.0,-0.013715276,-0.007257133749999999,-0.0026631430250000005,-0.0415992535,0.030226974750000003,-9.903316499999999,11.924001226415095,24.92258554716981,101181.82188679244,0.9999991458181818,0.00047089831872727274,-0.0007804999549090909,-0.0010069850472727271,-0.11443330834343435,0.0476564607979798,-10.952681535353536,-0.0017032921959595961,-0.0013866735287878787,-1.01406772020202,0.27668783999999996,-0.033883951450000005,0.471613983,5420.366210937448,5421.744140624964,5416.318847656253,5411.422851562541,"2,1,0.5,1,15",0
223,28998000,33.60800000000016,0.00033941446583333335,-0.00011827192837500001,-0.0003719757599166666,0.275479825,1275.0,1275.0,1275.0,1275.0,0.0,0.0,0.0,0.0,0.0,0.0,0.0,0.0,-0.011584751,0.0013315913500000001,-0.0002663310499999999,-0.054468092999999995,0.0065842252,-9.7509865,11.99750411764706,24.92225617647059,101180.96431372549,0.9999991,0.00024401355500000001,-0.0008743648875,-0.0010246922583333332,-0.11557398309090909,0.04910164918181818,-11.002109818181818,-0.0027117589636363637,-0.000991039059090909,-1.0133938818181818,0.277081227,-0.0358081715,0.471896464,5413.241699218724,5423.0327148437555,5421.980224609409,5415.490478515654,"2,1,0.5,1,15",0
224,29048000,33.65800000000016,0.00011978700461538462,0.00016409717023076922,0.00023668348030769228,0.27581623076923073,1275.24,1275.0,1275.0,1275.24,0.0,0.0,0.0,0.0,0.0,0.0,0.0,0.0,-0.0018642057,-0.006125274,-0.004261058,-0.023942018,-0.020350542,-9.94791,12.009117692307694,24.92193007692308,101180.82846153846,0.9999990233333333,0.00014232675,-0.00094100964,-0.0010549301666666667,-0.11662513928,0.05039887924,-11.0510688,-0.002979779576,-0.0007267089252,-1.01356394,0.277565412,-0.034416025999999995,0.470523454,5424.963867187529,5425.713867187517,5422.780273437484,5421.009765624992,"2,1,0.5,1,15",0
225,29098000,33.70800000000016,-0.00044081246833333333,0.00020190717225,0.00035934131083333336,0.2759217720833333,1275.74,1275.0,1275.0,1275.74,0.0,0.0,0.0,0.0,0.0,0.0,0.0,0.0,0.0022636848749999997,-0.006791061975,0.0017310552574999998,-0.024241291,0.002693646999999997,-9.796774875,12.0638325,24.92160146153846,101180.17069230769,0.9999988284615384,0.0002661106565384615,-0.0010520093192307692,-0.0010914369615384614,-0.11762594128,0.05161288274,-11.0997638,-0.002831299226,-0.0005362374801999999,-1.01420869,0.278796078,-0.0328550275,0.47177013,5428.057617187488,5421.5512695312345,5427.446289062513,5422.886230468782,"2,1,0.5,1,15",0
226,29148000,33.758000000000166,-0.00043748945,-0.00022880028015384617,0.0003407866146153846,0.2761342892307692,1276.0,1275.24,1275.48,1276.0,0.0,0.0,0.0,0.0,0.0,0.0,0.0,0.0,0.005060014,0.0061252583,0.003195809,0.0047884043,0.055066817,-9.7803135,12.150329692307691,24.921275153846157,101179.15015384615,0.99999879,0.0003490025466666667,-0.0010737160666666667,-0.0010789147666666666,-0.118293222,0.052267364,-11.1483372,-0.002260898428,-0.00018079870720000003,-1.013704608,0.277767248,-0.0350470194,0.471008266,5425.879882812522,5420.421875000078,5425.115234374983,5431.925781249972,"2,1,0.5,1,15",0
227,29198000,33.80800000000016,0.0002397443083333333,-0.0001390653266666667,0.00015425624624999996,0.27644794875,1276.0,1275.74,1276.48,1276.0,0.0,0.0,0.0,0.0,0.0,0.0,0.0,0.0,-0.0021305284600000004,-0.0011984282,-0.0025300018200000002,0.06464345,-0.01017518865,-9.712079,12.19890423076923,24.92094596153846,101178.58423076924,0.99999891875,0.00031429969250000003,-0.0009796878625,-0.001093386,-0.118772897,0.052607113999999996,-11.1968422,-0.0014531673780000002,0.0002674341878,-1.012554308,0.278035371,-0.0332373835,0.47179991200000004,5430.802246093763,5430.640625000002,5428.417236328157,5426.441162109335,"2,1,0.5,1,15",0
228,29248000,33.85800000000016,0.00029079281846153846,-9.420374307692313e-05,-0.00024253240123076923,0.27662720384615386,1276.0,1276.0,1276.76,1276.0,0.0,0.0,0.0,0.0,0.0,0.0,0.0,0.0,-0.0066579026,0.0015978948,0.0023968483,-0.055066645,0.011971178,-9.7240505,12.188973076923077,24.920616923076924,101178.69,0.9999990384615385,0.00016921037615384615,-0.0009385481307692307,-0.0010717127307692308,-0.11879210479999999,0.05293347808,-11.24577216,-0.00040301344799999997,0.0007917369324,-1.012743848,0.277420332,-0.0337180932,0.46960697,5426.45751953125,5429.588867187506,5433.048339843757,5431.463378906303,"2,1,0.5,1,15",0
229,29298000,33.908000000000165,-1.5256097916666668e-05,-0.00022736678333333332,-0.00013470337533333333,0.2766135708333333,1276.0,1276.0,1276.26,1276.0,0.0,0.0,0.0,0.0,0.0,0.0,0.0,0.0,-0.0022446600285714285,-0.0005706767714285714,0.004108879557142857,0.008037677428571428,0.002223359642857143,-9.819307,12.221296576923077,24.920287346153845,101178.28961538461,0.9999991375,3.8058505125e-05,-0.00085282779,-0.0010005385375,-0.1185522998,0.053252312579999996,-11.29494116,0.0007835033520000002,0.0013588289674,-1.013687048,0.27856189043478263,-0.03513154739130435,0.4709725695652174,5429.765869140633,5430.742187500001,5437.307128906252,5433.629638671854,"2,1,0.5,1,15",0
230,29348000,33.95800000000017,0.00018342537,8.610963135384614e-05,-0.00019778554769230768,0.27651258,1276.24,1276.0,1276.0,1276.0,0.0,0.0,0.0,0.0,0.0,0.0,0.0,0.0,0.0003994774999999998,0.00519316485,-0.0027963206499999997,0.025737669499999997,-0.07422009,-9.861719,12.306709115384615,24.91995684615385,101177.28507692307,0.9999992538461538,-6.6573786923076925e-06,-0.0007750623630769231,-0.0009636084076923077,-0.11796960057425743,0.05374487802970297,-11.344320732673268,0.0016686810198019801,0.0013578707178217822,-1.014500897029703,0.277408386,-0.0346535448,0.47133158,5431.244628906237,5430.85107421875,5432.213378906243,5430.492187500002,"2,1,0.5,1,15",0
231,29398000,34.008000000000166,-9.595659166666668e-05,5.889529145000001e-05,-1.605433083333335e-05,0.2764585404166667,1276.74,1276.0,1276.0,1276.0,0.0,0.0,0.0,0.0,0.0,0.0,0.0,0.0,0.0024967083875,0.0045273779375,-0.0023968440499999993,-0.026485858749999997,0.0430958065,-9.720159625,12.353550254716982,24.91962583018868,101176.69973584906,0.99999934,4.0676050899999996e-05,-0.0006729424692307692,-0.000973099723076923,-0.11719402334653466,0.05433516713861386,-11.393818752475248,0.0023843554257425743,0.0010373841831683168,-1.015241986138614,0.27887189500000004,-0.03392482735,0.4720520225,5431.7808902138395,5429.769634046061,5426.88928865126,5428.556332236821,"2,1,0.5,1,15",0
232,29448000,34.05800000000016,-0.00019595477735849065,-6.567289245283019e-06,0.00012029667686792453,0.2764907896226415,1276.52,1275.76,1276.24,1276.0,0.0,0.0,0.0,0.0,0.0,0.0,0.0,0.0,-0.0019973734,0.005193160049999999,0.0042610611,0.010773912000000002,0.021547990000000003,-9.847952500000002,12.384796588235295,24.919293333333336,101176.34294117647,0.9999993826666667,0.00011144060666666667,-0.0005773516666666667,-0.0009706247888888889,-0.1166058673939394,0.054667868343434345,-11.44332802020202,0.0034035937232323233,0.0007139535373737373,-1.016590501010101,0.27767642,-0.0340532542,0.47181353,5431.723144531245,5430.779296875,5431.9868164062445,5438.691406249995,"2,1,0.5,1,15",0
233,29498000,34.10800000000017,0.0004192164965957447,-1.5082215319148933e-05,-0.00023846228253191488,0.27637593872340427,1275.52,1275.26,1276.74,1276.0,0.0,0.0,0.0,0.0,0.0,0.0,0.0,0.0,-0.0031957962999999995,-0.0014647514,-0.0051931594,0.0341173735,-0.033518655,-9.7916875,12.404943307692307,24.918961538461538,101176.10923076923,0.99999946,6.913199841176471e-05,-0.0004930279423529412,-0.0009226119823529412,-0.11613258254545454,0.05484269309090909,-11.492844181818182,0.00460888730909091,0.00038871843636363644,-1.018311309090909,0.27716275347826086,-0.035757348304347826,0.4720337960869565,5429.4245605468905,5428.602539062463,5433.959472656239,5430.003662109364,"2,1,0.5,1,15",0
234,29548000,34.15800000000017,0.0005880931630769231,-0.0001150013984615385,-0.00029835608984615385,0.27611067692307695,1275.48,1275.0,1276.52,1275.52,0.0,0.0,0.0,0.0,0.0,0.0,0.0,0.0,-0.0025299956499999997,0.0058589594000000005,0.0014647414999999998,-0.040102879,-0.05386937,-9.831789749999999,12.477174615384614,24.918628615384616,101175.20676923078,0.9999995138461538,-3.1348276e-05,-0.00042848889846153844,-0.0008984854076923077,-0.115999432,0.05483578424,-11.54256984,0.00478474084,-4.404613599999995e-05,-1.020336784,0.277286794,-0.035025774399999994,0.47083555,5421.748046874968,5426.74462890626,5429.0673828124845,5428.554199218763,"2,1,0.5,1,15",0
235,29598000,34.20800000000017,-4.368901875e-05,0.0001595362583333333,0.00026881804629166667,0.27588178916666667,1276.48,1275.0,1275.52,1274.52,0.0,0.0,0.0,0.0,0.0,0.0,0.0,0.0,0.0054594806,0.0008655288125,-0.0005326346075000001,-0.008978258,-0.00029910450000000116,-9.818921249999999,12.5497665,24.918294500000002,101174.352,0.9999996,-1.755210374999999e-05,-0.000373978705,-0.0008887976625,-0.11605760700000001,0.05472665024,-11.59241334,0.00438153434,-0.0005372960359999999,-1.022533634,0.277402121,-0.0350369543,0.472222046,5422.486572265685,5424.467041015586,5421.3896484374845,5425.004638671832,"2,1,0.5,1,15",0
236,29648000,34.258000000000166,-0.00029043122999999996,0.00032948066,0.0005336515538461538,0.27579304307692304,1276.52,1275.24,1275.0,1274.24,0.0,0.0,0.0,0.0,0.0,0.0,0.0,0.0,-0.0021685790142857144,-0.006429630285714286,0.0024729339714285713,-0.06447244114285715,-0.016759241285714283,-9.750728857142857,12.585520692307693,24.917961769230768,101173.9523076923,0.9999995461538461,0.00010411417846153846,-0.0004436211723076923,-0.0009081128692307693,-0.1161347804,0.054736380880000005,-11.64190164,0.0035806836799999998,-0.00164811112,-1.0237109,0.27789752782608695,-0.03473782060869565,0.47205285913043477,5422.594238281234,5422.72558593753,5425.253906249974,5419.45166015625,"2,1,0.5,1,15",0
237,29698000,34.30800000000017,0.00021021863749999997,-0.00030393095749999997,0.00031166011125,0.2758137475,1275.52,1275.74,1275.0,1274.74,0.0,0.0,0.0,0.0,0.0,0.0,0.0,0.0,0.00985369925,0.0029294659499999997,0.00439422385,0.0011971005000000002,-0.056263573,-9.8150305,12.6505285,24.917629192307693,101173.1576923077,0.99999946,0.00020780373874999998,-0.00049752998125,-0.0009007647875,-0.11622264040000001,0.05481297288,-11.69119014,0.00255615818,-0.0031063066199999998,-1.02431465,0.277839305,-0.034129575,0.47229574,5421.627685546858,5424.639160156223,5420.0749511718695,5425.696533203213,"2,1,0.5,1,15",0
238,29748000,34.358000000000175,-0.00013755303692307693,0.00021913862230769237,0.0002731365838461538,0.2760969153846154,1275.24,1275.76,1275.24,1275.24,0.0,0.0,0.0,0.0,0.0,0.0,0.0,0.0,0.0015978907999999999,-0.00759001065,0.0009321086000000003,0.00718260525,0.016161033,-9.8275995,12.699284076923076,24.917295538461538,101172.56307692308,0.9999994138461539,0.00037924243538461536,-0.0005250173346153846,-0.0008874512653846154,-0.1162449004,0.05486120648,-11.740402159999999,0.002457897384,-0.003374328552,-1.023185472,0.27639234,-0.032608595,0.47046033,5427.903808593797,5423.013183593739,5426.2578125000255,5425.818359374988,"2,1,0.5,1,15",0
239,29798000,34.40800000000017,-0.0004526207354166667,0.0006073186970833334,1.6621904166666697e-05,0.2764374058333333,1275.74,1275.26,1275.74,1275.74,0.0,0.0,0.0,0.0,0.0,0.0,0.0,0.0,6.658247000000022e-05,-0.00153131865,-0.004394216649999999,0.028431145250000005,0.005985676249999995,-9.7396145,12.718245269230769,24.916961884615386,101172.33376923077,0.99999934,0.00046472295250000003,-0.0006139785075,-0.0009030181062499999,-0.11623026040000001,0.05489348848,-11.78957116,0.002880660484,-0.002972877852,-1.021081522,0.278383225,-0.0338302405,0.47298165000000003,5432.924560546877,5428.044433593758,5429.383544921887,5426.3432617187655,"2,1,0.5,1,15",0
240,29848000,34.45800000000017,-4.271283094339621e-05,0.00012772765735849054,-0.00016792607396226415,0.2765443250943396,1276.2376237623762,1275.2376237623762,1276.0,1276.0,0.0,0.0,0.0,0.0,0.0,0.0,0.0,0.0,-0.00559264,0.0015978969,0.005326322,0.039504327,-0.041898362,-9.809044,12.793109735849056,24.916627830188677,101171.4383018868,0.99999934,0.0004524059379591837,-0.0006098343332653062,-0.0009218945836734694,-0.11615009902857143,0.05466567685714286,-11.838763047619047,0.0032281606780952383,-0.0030686950133333333,-1.0205367323809524,0.27724108,-0.034336876,0.47151944,5425.550781249926,5430.689801897323,5435.458589099743,5433.505533854224,"2,1,0.5,1,15",0
241,29898000,34.50800000000017,-5.32211187499992e-06,1.4254843125000022e-05,0.000169385040625,0.27655120499999997,1276.7326732673268,1275.7326732673268,1276.0,1276.0,0.0,0.0,0.0,0.0,0.0,0.0,0.0,0.0,-0.00046605241999999995,0.003728424575,0.0013315883475,0.031423899275,0.047884211749999996,-9.8335855,12.854942,24.91629325,101170.6975,0.99999934,0.0004467065505769231,-0.0005461007432692308,-0.0009004201028846154,-0.11603308188571429,0.05429156257142857,-11.88796780952381,0.0035333254876190475,-0.0034442253466666667,-1.0208689704761904,0.277191003,-0.03363379325,0.47106927,5425.620678710985,5430.810253906209,5433.131445312495,5436.707470703137,"2,1,0.5,1,15",0
242,29948000,34.55800000000018,-0.0003919445556862745,0.0002782812403921569,0.0002920070464705882,0.2764843011764706,1276.7676767676767,1276.0,1275.7676767676767,1276.0,0.0,0.0,0.0,0.0,0.0,0.0,0.0,0.0,0.009587378,-0.0058589573,0.0018642155,0.03112462,-0.020350544,-9.782708,12.894251117647059,24.915959019607843,101170.2305882353,0.99999934,0.0005297370241176471,-0.0005547892462745098,-0.0008727966674509805,-0.1159980136,0.053710178421052635,-11.938082600000001,0.003615893504210526,-0.0035968305115789473,-1.0215861,0.2774146486956522,-0.033166637086956524,0.47043771826086955,5433.9091796875055,5421.729980468797,5431.138671874998,5431.797851562473,"2,1,0.5,1,15",0
243,29998000,34.608000000000175,-9.990509022916667e-05,-5.820225125000001e-05,0.0003879629654166667,0.27630664208333333,1276.2626262626263,1276.0,1275.2626262626263,1276.0,0.0,0.0,0.0,0.0,0.0,0.0,0.0,0.0,-0.00439421525,0.0004660527,-0.00419448165,0.0032920267500000013,0.013766833,-9.842863625,12.944688826923077,24.915622692307693,101169.63307692307,0.9999992875,0.0005680418312500001,-0.0005873684499999999,-0.00090234254375,-0.1160327536,0.05295223105263158,-11.9889726,0.0035088420305263157,-0.0035595364589473687,-1.0226311,0.27695722500000003,-0.0334039858,0.471467368,5434.695312499969,5431.906738281271,5428.543701171856,5424.00146484377,"2,1,0.5,1,15",0
244,30048000,34.65800000000017,-0.00010502264334615384,-0.00016803480384615382,0.0002282087316923077,0.2761263884615385,1275.76,1275.76,1275.24,1275.76,0.0,0.0,0.0,0.0,0.0,0.0,0.0,0.0,-0.003994748,0.009054747,-0.0031957936,-0.02633622,-0.014365039,-9.889252,12.998475285714287,24.91528942857143,101168.96071428571,0.9999992528301886,0.0005059256150943397,-0.0004609248264150943,-0.0009675852462264151,-0.116197756,0.05208542568,-12.03995796,0.0034731060919999997,-0.003699131304,-1.02324986,0.277550572,-0.033600380400000004,0.47152938,5421.792480468776,5432.879882812462,5421.539062500016,5427.297363281238,"2,1,0.5,1,15",0
245,30098000,34.708000000000176,-3.311737000000003e-05,0.00020265155875,6.030186208333334e-06,0.27596769125,1275.26,1275.26,1275.74,1275.26,0.0,0.0,0.0,0.0,0.0,0.0,0.0,0.0,-0.000133157723362975,-0.0017976345,-0.004261057525,0.0011971011,0.003890749125,-9.8057515,13.074632603773585,24.914971735849054,101168.07952830188,0.99999934,0.00048024176382978725,-0.00034439264340425533,-0.0009956779319148937,-0.11643603100000001,0.05115738768,-12.09099696,0.003477485142,-0.003938226154000001,-1.02362886,0.276375612,-0.0322168549,0.469610955,5428.049560546884,5426.84545898435,5424.449707031283,5422.927490234384,"2,1,0.5,1,15",0
246,30148000,34.75800000000018,0.0001590275623076923,7.228299638461538e-05,5.306568384615381e-06,0.2759051961538462,1275.0,1275.24,1276.0,1275.24,0.0,0.0,0.0,0.0,0.0,0.0,0.0,0.0,0.0037284215999999998,-0.006924220475,6.658545249999979e-05,-0.020350718249999997,0.011073353250000001,-9.757269749999999,13.167647698113209,24.914615132075472,101166.94273584905,0.9999992861538461,0.0005041170615384616,-0.00040487522,-0.0010111726307692308,-0.11681688008,0.05010393016,-12.14176812,0.00281232768,-0.004777690284,-1.0223873159999999,0.27716672400000003,-0.0340003882,0.471667972,5429.315917968708,5421.778808593763,5428.1391601562555,5420.825195312526,"2,1,0.5,1,15",0
247,30198000,34.80800000000018,7.195095000000001e-05,-6.06454918125e-05,-4.876983462499999e-05,0.2760766795833333,1275.0,1275.74,1276.0,1275.74,0.0,0.0,0.0,0.0,0.0,0.0,0.0,0.0,0.0033289554,0.0059921099499999995,-0.00013317099999999985,-0.0556651965,0.0269349415,-9.853339,13.228149470588237,24.91428037254902,101166.1994117647,0.9999992,0.0005501034707692308,-0.0004157627053846154,-0.0010152162,-0.11727792708,0.04897992416,-12.19238862,0.00177055593,-0.005954862134,-1.020234216,0.277044692,-0.032027302800000004,0.471538266,5423.213623046882,5432.843261718734,5422.404296874992,5427.207275390655,"2,1,0.5,1,15",0
248,30248000,34.858000000000175,-0.00021474256076923075,-6.203884907692309e-05,7.458969692307693e-05,0.2762365992307692,1275.48,1276.0,1276.0,1275.52,0.0,0.0,0.0,0.0,0.0,0.0,0.0,0.0,0.00772316015,-0.00412790625,-0.00412790315,-0.023343469999999998,0.018555236,-9.75278225,13.178536846153847,24.913943,101166.81615384614,0.9999991333333333,0.0006314387066666667,-0.00036769272666666665,-0.0010604845666666667,-0.11813439232,0.04783232456,-12.2428104,0.001119691156,-0.006456944288,-1.0194689239999999,0.275944848,-0.0334329792,0.47146112,5427.676339285759,5430.679734002962,5423.864955357153,5428.512858072902,"2,1,0.5,1,15",0
249,30298000,34.90800000000018,-0.00012319990249999997,0.000441952992125,0.0005570223941666667,0.27620933458333335,1276.48,1276.0,1276.0,1274.52,0.0,0.0,0.0,0.0,0.0,0.0,0.0,0.0,0.00679107575,-0.0137152745,0.000932081535,0.007781156000000001,0.038307405,-9.881470499999999,13.294647807692309,24.91360726923077,101165.44576923076,0.999998955,0.0007909944219230769,-0.0005199011723076923,-0.001102051576923077,-0.11921328032,0.04667145356,-12.2931204,0.000688711556,-0.006579288488,-1.0194842739999999,0.27584562900000004,-0.0337641803,0.47105935499999996,5432.02124023438,5423.671142578129,5429.7121582031505,5429.992675781191,"2,1,0.5,1,15",0
250,30348000,34.95800000000018,0.00036275417584905663,0.0004414507200000001,0.0005688282905660377,0.2761304490566038,1276.5247524752476,1275.7623762376238,1276.0,1274.7128712871288,0.0,0.0,0.0,0.0,0.0,0.0,0.0,0.0,-0.0069242185,-0.0058589582,0.0039947387,0.011971008,-0.04548967,-9.783907,13.274604615384614,24.913269999999997,101165.6576923077,0.9999988273333333,0.0008328298188888889,-0.0007158135302222223,-0.0011180174244444444,-0.12038767920792079,0.045701440198019805,-12.343050455445544,6.6615520990099e-05,-0.0069239672990099015,-1.0194596376237623,0.276963956,-0.0335048148,0.46957193,5428.798339843762,5425.249511718807,5429.122070312466,5420.659179687493,"2,1,0.5,1,15",0
251,30398000,35.00800000000018,-1.5556662500000292e-06,-0.000273863785625,-0.00017658061875,0.2761171875,1275.5346534653465,1275.2673267326732,1276.0,1276.1980198019803,0.0,0.0,0.0,0.0,0.0,0.0,0.0,0.0,0.0018642128500000001,-0.0009321057750000001,0.00133158095,-0.004788403450000001,-0.043694014999999996,-9.791687,13.328777846153846,24.912934115384616,101165.03942307692,0.99999875,0.000847606673559322,-0.0007390567254237288,-0.0011399489220338985,-0.12161580297029703,0.04483878425742575,-12.392766792079208,-0.0006629835087128713,-0.007393709328712871,-1.0194125089108912,0.27778930347826086,-0.03271943817391305,0.47038727913043477,5424.369675409237,5429.595354352652,5426.1644112722715,5428.4657040551165,"2,1,0.5,1,15",0
252,30448000,35.05800000000018,-0.00025075107921568627,-0.00024776942035294115,-0.0003297530625490196,0.2760649262745098,1275.2323232323233,1275.2323232323233,1275.7676767676767,1276.5353535353536,0.0,0.0,0.0,0.0,0.0,0.0,0.0,0.0,0.007323698700000001,-0.0005326290999999998,0.0011984138975810001,0.009576809,0.015562482899999999,-9.854535,13.419065538461538,24.912596999999998,101163.94346153847,0.9999987100000001,0.0009304509733333334,-0.0007081763933333333,-0.0011172416133333333,-0.12285933935353535,0.04382543661616162,-12.443147797979798,-0.0004622251557575758,-0.007472256403030303,-1.0191826727272728,0.27816862600000003,-0.032311398,0.47153222,5425.974609375015,5422.512207031262,5424.756835937502,5429.5327148436945,"2,1,0.5,1,15",0
253,30498000,35.10800000000018,-6.223689333333332e-05,4.2745805500000005e-05,0.00034514269625,0.27606644166666666,1275.7373737373737,1275.7373737373737,1275.2626262626263,1275.5252525252524,0.0,0.0,0.0,0.0,0.0,0.0,0.0,0.0,-0.0019973737,-0.00599211295,-0.0041278993,-0.0179565135,0.028730593999999998,-9.717466250000001,13.469266423076922,24.9122595,101163.33223076924,0.9999985673076923,0.0009997283461538463,-0.0007380582528846154,-0.0011396651865384615,-0.12411232218181818,0.04271972954545455,-12.493936181818182,0.00030875223818181805,-0.007311038827272727,-1.0188408545454544,0.2784664039130435,-0.03307019439130435,0.4714030065217391,5430.021240234382,5426.135498046839,5423.550537109391,5421.297363281259,"2,1,0.5,1,15",0
254,30548000,35.158000000000186,-0.00021182472076923078,-0.00012373214230769234,0.00014867980923076918,0.27607049538461537,1275.76,1275.76,1275.24,1275.24,0.0,0.0,0.0,0.0,0.0,0.0,0.0,0.0,-0.0013315802,-3.5073657e-09,-0.0005326337,-0.070628956,-0.015562142,-9.6917305,13.508632461538461,24.911922,101162.83200000001,0.9999985,0.001004950436170213,-0.0007735458297872341,-0.0011953446425531915,-0.12526062288,0.04189227116,-12.54472784,-0.00014675189999999996,-0.00756812034,-1.018688936,0.27942598,-0.03550613,0.47211027,5422.639160156231,5426.1240234374745,5422.3925781249945,5424.494140625037,"2,1,0.5,1,15",0
255,30598000,35.20800000000018,1.541543687499999e-05,-0.00030323664125,-0.00029507738416666667,0.27598741875,1275.26,1275.26,1275.74,1275.74,0.0,0.0,0.0,0.0,0.0,0.0,0.0,0.0,-0.00426105365,-0.00479369675,-0.001597893515,0.0,-0.059854877,-9.77911825,13.626007461538462,24.91158580769231,101161.41907692308,0.9999985375,0.0009541881250000001,-0.0007757924125,-0.001161680375,-0.12635003988000001,0.04122132766,-12.59552134,-0.0012921519,-0.00806049509,-1.018643836,0.2782232,-0.033803591499999994,0.471892035,5421.20190429688,5424.087158203122,5427.567138671902,5426.878662109372,"2,1,0.5,1,15",0
256,30648000,35.25800000000018,0.0002556421076923077,-0.00014523272507692308,-0.0003186305553846154,0.27593107,1275.0,1275.0,1275.76,1276.0,0.0,0.0,0.0,0.0,0.0,0.0,0.0,0.0,-0.0050600097,-0.0023968383,0.00053262874,-0.044292733,-0.055066474,-9.752781,13.672759849056604,24.91124824528302,101160.89283018868,0.9999986,0.0009041322192307693,-0.0008513302384615385,-0.0011372513846153846,-0.1270160802970297,0.04082082657425743,-12.646582603960395,-0.0012866023776237623,-0.007872743647524752,-1.0184962415841585,0.27816948,-0.03361673,0.47129327,5425.891043526785,5423.020926339252,5429.081938244064,5422.475934709822,"2,1,0.5,1,15",0
257,30698000,35.308000000000185,-2.2027470833333297e-05,-0.0002819491586666667,-0.00020757674208333332,0.27582813166666664,1275.0,1275.0,1275.26,1276.0,0.0,0.0,0.0,0.0,0.0,0.0,0.0,0.0,0.005725796849999999,-0.00013316396999999997,-0.0005326307999999999,-0.0383072305,0.0077813257,-9.735424,13.677081181818183,24.91092198181818,101160.83763636363,0.9999985653846154,0.0009246330342307693,-0.0008970064792307692,-0.0011370167153846155,-0.1274439713861386,0.04057244934653465,-12.697794485148515,-0.0006336437489108911,-0.0073024212217821785,-1.018290994059406,0.2770569,-0.031470365714285714,0.4720016614285715,5424.601074218712,5419.755615234372,5422.242187499976,5424.279541015675,"2,1,0.5,1,15",0
258,30748000,35.35800000000019,-9.640319538461545e-05,-0.00040309203230769235,-0.00018547336076923075,0.2755990169230769,1275.0,1274.7525773195875,1275.2474226804125,1275.7525773195875,0.0,0.0,0.0,0.0,0.0,0.0,0.0,0.0,-0.000798949,-0.0015979001,-0.0045273737,-0.058657948,-0.034715753,-9.858126,13.724964076923078,24.91058530769231,101160.24153846155,0.9999985,0.0009682650666666667,-0.0008508748266666667,-0.0011525942333333334,-0.1275165863,0.04020522446,-12.7490052,-0.00044178705229999996,-0.007211281033,-1.018536671,0.27788818800000004,-0.0320688492,0.47155168999999997,5423.097656249949,5421.545898437499,5418.3740234374845,5417.579101562511,"2,1,0.5,1,15",0
259,30798000,35.408000000000186,0.0003184917986666666,3.6188702e-05,-0.000457020302,0.27544243444444444,1275.0,1274.2371134020618,1275.7628865979382,1275.2371134020618,0.0,0.0,0.0,0.0,0.0,0.0,0.0,0.0,-0.005526065074999999,0.0015979004625000003,-0.0042610527,-0.008978256000000004,-0.018255616749999995,-9.731234375,13.789958679245283,24.910236811320758,101159.4646226415,0.9999985367346939,0.0008818445775510204,-0.0008546195265306122,-0.0011824192673469387,-0.1273714513,0.03976515746,-12.8002152,-0.0005325412172999999,-0.007413833183,-1.019058721,0.27586072523809524,-0.03278449185714286,0.47074976761904763,5417.130231584841,5421.837355840721,5418.641113281309,5416.53852771578,"2,1,0.5,1,15",0
260,30848000,35.45800000000018,-0.0001481424483636364,0.000242958008,-0.00026613194854545455,0.27530176581818183,1275.0,1274.0,1275.7403846153845,1275.0,0.0,0.0,0.0,0.0,0.0,0.0,0.0,0.0,-0.0015978978,-0.00079894735,0.0013315803,-0.034715924,0.020350887,-9.841368,13.847155,24.909900960784313,101158.79352941176,0.9999986,0.0008215949558181818,-0.0008728153372727273,-0.0011581050236363637,-0.127158231,0.039700279740000004,-12.85124075,0.0003769462559999998,-0.00742173035,-1.0196661139999998,0.278954676,-0.033083695999999996,0.471718022,5418.170410156232,5417.374023437455,5419.979003906219,5413.3671875000355,"2,1,0.5,1,15",0
261,30898000,35.50800000000019,-0.00035793262040816325,0.0003636897110204081,-0.00021484593408163265,0.27511492081632655,1275.0,1274.0,1275.2596153846155,1275.0,0.0,0.0,0.0,0.0,0.0,0.0,0.0,0.0,0.00239685408,0.0027164227399999997,-0.0061785333199999995,-0.019393038760000002,0.0354343572,-9.771455,13.9183625,24.90957225,101157.94321428573,0.9999986,0.000859584714,-0.0008508787811111111,-0.0011314206022222223,-0.126903281,0.03986535674,-12.90215325,0.0018994850559999994,-0.00731032285,-1.020325814,0.2781703457142857,-0.032613305142857145,0.4716352485714286,5416.03454589839,5413.071166992181,5415.924194335961,5411.270703125042,"2,1,0.5,1,15",0
262,30948000,35.55800000000019,-7.095825741176471e-05,0.00036804972488235294,-9.339306313725486e-05,0.27529221647058827,1275.0,1274.4646464646464,1275.0,1275.2323232323233,0.0,0.0,0.0,0.0,0.0,0.0,0.0,0.0,0.00545948415,0.0101200105,0.0029294769,0.00957680675,0.0011972708613749998,-9.744999499999999,13.974883076923078,24.909245076923078,101157.23923076924,0.9999987005882353,0.0009101867,-0.0007278187745098039,-0.0011241231588235295,-0.12690802989898992,0.04030205684848485,-12.952805303030303,0.002657677014141414,-0.006336215802020202,-1.0180610535353536,0.278306896,-0.032409646,0.471696048,5415.000488281261,5411.220703125046,5414.632324218768,5421.918945312501,"2,1,0.5,1,15",0
263,30998000,35.60800000000019,3.555580216666666e-05,-6.301143670833332e-05,0.00021339572000000004,0.27571060708333334,1275.0,1275.4747474747476,1275.0,1275.7373737373737,0.0,0.0,0.0,0.0,0.0,0.0,0.0,0.0,0.002330268875,0.005459478699999999,0.0015313109500000002,0.018255787750000006,0.0005987193750000008,-9.645940249999999,14.023468679245282,24.908895018867923,101156.6662264151,0.99999887,0.0009121107244897959,-0.0005350214281632654,-0.0011220587693877551,-0.12707194909090908,0.040905235636363634,-13.003297727272727,0.002947398327272727,-0.004833357418181818,-1.0140038818181818,0.276976346,-0.032593823,0.470337146,5420.300781250031,5425.6464843750255,5414.507080078168,5423.306152343777,"2,1,0.5,1,15",0
264,31048000,35.658000000000186,0.00031721059538461537,0.00026700135846153845,-0.00011165707230769231,0.2760264253846154,1275.0,1276.0,1275.0,1275.76,0.0,0.0,0.0,0.0,0.0,0.0,0.0,0.0,-0.00346210865,0.00026631880000000047,-0.00026632072500000015,-0.021248541,0.009876253000000002,-9.7509855,14.065427333333332,24.908560196078433,101156.17470588235,0.9999989184313726,0.0008293179490196078,-0.0004748563043137255,-0.0011464602078431372,-0.1271429216,0.0413422328,-13.05405004,0.0031480290079999996,-0.004097787984,-1.0121477159999999,0.2771463860869565,-0.03264278295652174,0.46981265391304344,5427.923339843767,5427.643066406216,5425.369628906314,5426.018066406236,"2,1,0.5,1,15",0
265,31098000,35.70800000000019,0.0004105960025,0.0003930733488333333,5.638606166666666e-05,0.276013315,1275.0,1276.0,1275.0,1275.26,0.0,0.0,0.0,0.0,0.0,0.0,0.0,0.0,-0.0023968431500000003,-0.0030626336,0.0033289540000000003,-0.0059855047500000005,0.0047885774999999985,-9.938930500000001,14.09731423076923,24.90822573076923,101155.79538461538,0.9999990375,0.0006957802625,-0.0005479029750000001,-0.001138228775,-0.1271616116,0.0416857528,-13.10494854,0.003298546208,-0.003793818584,-1.011529616,0.27675072,-0.03449282,0.46999747999999997,5429.1059570312245,5425.314941406278,5431.209960937497,5423.4843749999845,"2,1,0.5,1,15",0
266,31148000,35.758000000000195,-1.1390130769230796e-05,-0.00012331210584615385,0.0002648684846153846,0.27585525384615384,1275.0,1275.76,1275.24,1275.0,0.0,0.0,0.0,0.0,0.0,0.0,0.0,0.0,-0.0006657930500000003,0.0093210691,0.0029294743750000003,0.007182607499999997,0.009576976000000001,-9.7863005,14.159793923076922,24.90789030769231,101155.01923076923,0.9999991,0.0005968658269230769,-0.0004915799230769231,-0.0011459877846153846,-0.1272836104,0.0419140088,-13.1559088,0.003510740208,-0.0027422300799999997,-1.011072732,0.277398,-0.034921378,0.4695902,5419.477539062526,5425.811035156266,5421.160156249989,5431.595703124951,"2,1,0.5,1,15",0
267,31198000,35.80800000000019,-0.00021135959291666666,0.0001177079449999999,-5.430951250000001e-06,0.27579468916666666,1275.0,1275.26,1275.74,1275.0,0.0,0.0,0.0,0.0,0.0,0.0,0.0,0.0,-0.006591327,-0.001664467425,-0.0010652661274999998,0.0568622945,0.009576976749999997,-9.728539000000001,14.211981557692308,24.907556538461538,101154.40807692308,0.9999991375,0.00055813506875,-0.00039353313,-0.00115043,-0.1274637204,0.042077428800000004,-13.206903800000001,0.0037576274079999996,-0.0012701058299999998,-1.010706532,0.276998265,-0.03355383,0.47217573,5424.834472656224,5422.731689453096,5422.978027343814,5422.96923828124,"2,1,0.5,1,15",0
268,31248000,35.85800000000019,-9.33109676923077e-05,0.0003364013261538462,0.00014152881769230767,0.2756985323076923,1275.24,1275.24,1275.76,1274.76,0.0,0.0,0.0,0.0,0.0,0.0,0.0,0.0,-0.0018642189,0.002929483,0.0045273686,0.02274492,-0.044292558,-9.825806,14.2164955,24.90722,101154.36,0.9999992,0.0004827387291666667,-0.00041307817583333334,-0.001133984375,-0.12754092594059407,0.04212956059405941,-13.258016059405941,0.004073400360396039,-0.001133657678217822,-1.0109592386138615,0.27705926,-0.034801092,0.47126967,5418.091308593793,5419.725585937566,5424.654296874956,5425.753906249932,"2,1,0.5,1,15",0
269,31298000,35.90800000000019,-1.463024066666667e-05,0.00018059632666666666,0.0006637217008333334,0.27555998000000004,1275.74,1275.74,1275.26,1274.26,0.0,0.0,0.0,0.0,0.0,0.0,0.0,0.0,-0.001997365025,-0.007590012375000001,-0.0006657820375,-0.039803604975000004,-0.01795634425,-9.719263875,14.256359179245283,24.90688603773585,101153.85056603774,0.9999991576923077,0.0004204789057692308,-0.0004354014603846154,-0.00114781905,-0.12756024772277227,0.04211909277227723,-13.309194277227723,0.004427921548514851,-0.0017485273316831685,-1.0115600801980198,0.27676141849999997,-0.033939451999999995,0.471173471,5420.6077302631475,5421.7059518914275,5424.57152035358,5413.150364925984,"2,1,0.5,1,15",0
270,31348000,35.9580000000002,-0.000209356084,-0.00012599841230769232,0.0006175408569230768,0.27544615846153847,1275.76,1275.76,1274.76,1274.0,0.0,0.0,0.0,0.0,0.0,0.0,0.0,0.0,0.00772317,0.004793687,0.00053263735,-0.0035913025,0.0407016,-9.661802,14.349613058823529,24.90655174509804,101152.77862745099,0.9999991,0.0004627723142857143,-0.00043335983785714285,-0.0011830736214285713,-0.12758705111111113,0.0423022118989899,-13.360848808080808,0.0043359118626262625,-0.0020626898727272728,-1.0109934535353535,0.276017836,-0.0342451742,0.472625404,5420.3525390624945,5413.997558593809,5419.85058593744,5419.420410156293,"2,1,0.5,1,15",0
271,31398000,36.008000000000195,-0.0002793504724166667,-0.0003558336441666667,0.0004698597658333333,0.2753474283333333,1275.26,1275.26,1274.26,1274.0,0.0,0.0,0.0,0.0,0.0,0.0,0.0,0.0,-0.0013981592599999998,0.0039281638,-0.00046604979500000003,0.0014963767500000003,-0.0392048835,-9.861119125,14.390572153846154,24.906216269230768,101152.30076923077,0.9999991,0.0006116730545454545,-0.00031729094136363637,-0.0011959910272727272,-0.12761844,0.04260398109090909,-13.412795272727273,0.003970221963636364,-0.0021925480545454544,-1.009711281818182,0.278324952,-0.0354424301,0.470796299,5419.510009765624,5424.189697265624,5412.84838867187,5419.950439453105,"2,1,0.5,1,15",0
272,31448000,36.05800000000019,-2.6656259692307694e-05,0.0003085440369230769,0.00030251773230769233,0.27514698,1274.76,1274.52,1274.24,1274.24,0.0,0.0,0.0,0.0,0.0,0.0,0.0,0.0,0.0029294798,-0.0050600055,0.0010652615,0.0,0.011971182,-9.859323,14.437781094339622,24.90588294339623,101151.73113207547,0.9999990615384615,0.0006443643846153846,-0.0003035142492307692,-0.001226805876923077,-0.12781634479999998,0.04312914344,-13.46513152,0.004170895552,-0.001362032968,-1.009198628,0.27745134047619047,-0.033743614857142855,0.47109859476190474,5418.845563616081,5412.0465959820785,5416.842982700934,5415.96865699403,"2,1,0.5,1,15",0
273,31498000,36.108000000000196,-0.00012497044416666668,0.0004611455,-0.0003038710020833334,0.27489484333333336,1274.26,1273.52,1274.74,1274.74,0.0,0.0,0.0,0.0,0.0,0.0,0.0,0.0,-0.004926840300000001,0.01065263875,-0.0042610802,-0.005386954199999999,0.0281320455,-9.798869,14.491844745098039,24.90554805882353,101151.09039215687,0.9999990375,0.0006235088875,-0.00034599924375,-0.0012194487625,-0.1281079148,0.04377996444,-13.51768702,0.004690148602,8.692082000000354e-06,-1.009118828,0.27785866,-0.0332532992,0.472543447,5417.347900390607,5417.019775390638,5413.045654296845,5413.189697265681,"2,1,0.5,1,15",0
274,31548000,36.1580000000002,-0.0002966715030769231,-0.0001454675923076923,-0.0005402081246153847,0.2745696353846154,1274.0,1273.24,1274.76,1274.76,0.0,0.0,0.0,0.0,0.0,0.0,0.0,0.0,-0.00639158435,0.011052121500000001,-0.00146474375,0.012569560849999998,-0.008379534000000001,-9.9060095,14.578733538461538,24.905214076923077,101150.02923076923,0.9999991384615384,0.0005352736846153846,-0.00020383265384615385,-0.0012018412,-0.12895547326732673,0.044502914257425745,-13.570032742574258,0.0047773043336633665,0.0016508890049504949,-1.0086510663366337,0.27681543799999997,-0.0341588212,0.472114122,5409.131835937493,5414.996582031206,5409.468261718741,5411.341308593747,"2,1,0.5,1,15",0
275,31598000,36.2080000000002,-0.00034412429500000003,-0.0002831048766666667,-0.00011411101366666667,0.27440494,1274.0,1273.74,1274.26,1274.26,0.0,0.0,0.0,0.0,0.0,0.0,0.0,0.0,-0.0093210558,0.00553938628,0.0009054711000000002,0.0256179592,0.028730587084375998,-9.599793,14.601486,24.904880905660377,101149.73852830188,0.9999992525,0.00039814897500000003,-4.8335619e-05,-0.0011771973749999999,-0.13011577524752477,0.04526643653465347,-13.622260465346534,0.004621405323762377,0.0034457888564356433,-1.0079650762376238,0.27724519047619045,-0.0328843460952381,0.47021912095238094,5406.83129882811,5407.830078124978,5402.801513671878,5407.720458984378,"2,1,0.5,1,15",0
276,31648000,36.258000000000195,-0.00024120946,-0.00046887882153846155,-0.0001925114935384615,0.27470123230769233,1274.24,1274.24,1274.48,1274.0,0.0,0.0,0.0,0.0,0.0,0.0,0.0,0.0,-0.0039947396,-0.009853697,0.00026630826,-0.017956514,0.0383074,-9.6438465,14.636928990196079,24.9045497254902,101149.29890196079,0.9999993861538461,0.0002780459076923077,-5.121902861538461e-05,-0.0011400651153846153,-0.13131745505050504,0.04604386963636364,-13.673438606060605,0.0035895891454545458,0.004356013993939394,-1.0052945727272726,0.277477564,-0.03479122,0.47079814,5408.987304687494,5408.219238281307,5409.868164062499,5413.495117187565,"2,1,0.5,1,15",0
277,31698000,36.3080000000002,0.00036543156499999996,-0.00013883700000000005,-0.00014600301041666668,0.27513947250000004,1274.74,1274.74,1275.48,1274.0,0.0,0.0,0.0,0.0,0.0,0.0,0.0,0.0,-0.015579500999999999,-0.009187897,-0.00053262612,0.0257376715,-0.004788236000000001,-9.724052499999999,14.723737403846155,24.904218423076923,101148.25653846154,0.99999946,0.00010431967399999999,-0.00015981739,-0.0010907683625,-0.13254449545454547,0.04682982872727273,-13.723973454545455,0.0020209205090909095,0.004724019145454545,-1.0014077545454545,0.275811021,-0.033497411,0.470767107,5410.535400390618,5417.106445312521,5415.08447265629,5413.231933593702,"2,1,0.5,1,15",0
278,31748000,36.3580000000002,0.0006318351684615384,0.0003297621375384615,7.316016461538462e-05,0.2753370446153846,1275.0,1275.0,1275.52,1274.24,0.0,0.0,0.0,0.0,0.0,0.0,0.0,0.0,-0.0014647454,-0.012383699750000001,0.003195791125,0.029628251950000004,-0.0206498195,-9.813533875000001,14.781341923076923,24.903887307692308,101147.57615384615,0.9999993671428571,-0.00013544613742857143,-0.0003656622221428571,-0.0010940986214285715,-0.1336972764,0.04748579352,-13.77409784,0.0012142292400000002,0.00462883236,-1.000504692,0.27773449666666666,-0.03440916333333333,0.47081749666666667,5419.250488281251,5419.381347656278,5422.353515624981,5409.691894531269,"2,1,0.5,1,15",0
279,31798000,36.4080000000002,-0.00016905063875,2.6298348083333348e-05,0.00010385659750000003,0.27529643458333336,1275.0,1275.0,1274.52,1274.74,0.0,0.0,0.0,0.0,0.0,0.0,0.0,0.0,0.006591327625,-0.004527369225,0.0003994773699999999,0.0011971015000000057,0.043993637,-9.89673275,14.82106875,24.903557115384615,101147.11846153846,0.9999992,-0.00018505979645454544,-0.0005526059118181818,-0.0011033071545454545,-0.1348082864,0.04806863652,-13.82399134,0.00083615024,0.00427310011,-1.001279992,0.27758483,-0.0344833956,0.4717697,5416.7937011719,5413.41503906245,5419.150878906236,5417.450195312518,"2,1,0.5,1,15",0
280,31848000,36.4580000000002,-0.00032918642676923077,6.43904906e-05,0.00039565174923076923,0.2753004469230769,1275.0,1274.7692307692307,1274.2307692307693,1274.7692307692307,0.0,0.0,0.0,0.0,0.0,0.0,0.0,0.0,0.003728427,0.0023968439,0.0039947424,0.05985505,0.002394371,-9.689336,14.873797,24.903236,101146.488,0.9999992538461538,-3.833613061538461e-05,-0.0005855649992307692,-0.0010730973153846154,-0.1356507878217822,0.04873168772277228,-13.874254306930693,0.0006305412851485149,0.003827063272277228,-1.0018954168316831,0.27864059714285716,-0.03558490342857143,0.4718845895238095,5414.947591145806,5410.5680106026375,5414.620675223241,5424.267833891391,"2,1,0.5,1,15",0
281,31898000,36.5080000000002,0.0001151426246153846,0.0002263159459423077,0.00029916082476923075,0.27523606653846155,1275.0,1274.2884615384614,1274.7115384615386,1274.2884615384614,0.0,0.0,0.0,0.0,0.0,0.0,0.0,0.0,-0.009920278375000001,-0.0007323685075,0.0027963099,0.027234048,-0.04818313875,-9.921273249999999,14.918580500000001,24.902915307692307,101145.94807692307,0.9999992875,1.4216286500000001e-05,-0.00059426455625,-0.0010534577999999999,-0.13634225316831683,0.04943985603960396,-13.924725099009901,0.0005219467306930693,0.003330230103960396,-1.002420911881188,0.2774898045,-0.034067347500000005,0.46977649050000003,5414.181692022989,5417.239694695706,5416.935084292786,5417.301809210501,"2,1,0.5,1,15",0
282,31948000,36.558000000000206,0.00016056986416666667,0.00015867273333333335,-0.00026248461433333334,0.27512493,1275.0,1274.2061855670104,1275.0,1274.0,0.0,0.0,0.0,0.0,0.0,0.0,0.0,0.0,0.0026631637,-0.0029294759,0.0031957934,-0.016759416,-0.062249076,-9.661802,14.97817146153846,24.902578384615385,101145.2273076923,0.9999992538461538,-1.5749406384615383e-05,-0.0006568905961538462,-0.0010069617615384616,-0.1370036418181818,0.050197697232323236,-13.975384656565657,1.4357601010100952e-05,0.0027899274747474746,-1.0019293313131312,0.2784538,-0.034819096,0.47123867,5411.138183593735,5409.121093749998,5419.240234375001,5416.711425781321,"2,1,0.5,1,15",0
283,31998000,36.6080000000002,2.870834963265306e-05,-5.233241591836728e-05,-0.0002321530587755102,0.2751905257142857,1275.0,1274.721649484536,1275.0,1274.0,0.0,0.0,0.0,0.0,0.0,0.0,0.0,0.0,0.0013315756725,-0.0031292145000000006,-0.0023302699,0.010474633675000003,0.025139289000000002,-9.8273,15.052040321428573,24.902242821428572,101144.32967857143,0.9999992885714286,1.7866847326530613e-05,-0.00071862307,-0.0009813303530612244,-0.13764659636363635,0.05098598309090909,-14.026159909090909,-0.000737776590909091,0.0022229822727272727,-1.0008143818181818,0.27717827,-0.0331740845,0.471039215,5417.714099702419,5421.535528273836,5414.71423921133,5413.012788318359,"2,1,0.5,1,15",0
284,32048000,36.6580000000002,-0.0001974046080784314,0.0001886687669019608,0.00024020983607843136,0.275247561372549,1275.0,1274.7676767676767,1275.0,1274.2323232323233,0.0,0.0,0.0,0.0,0.0,0.0,0.0,0.0,0.00053263037,-0.0050600064,-0.0010652634,0.028730422,0.07062913,-9.807848,15.074354226415094,24.90192403773585,101144.07233962264,0.9999992,2.7191453254901962e-05,-0.0007675557470588235,-0.0010181568980392158,-0.13829318,0.05197097048,-14.07703132,-0.0006112128968,0.002468993232,-0.999630952,0.27831582304347824,-0.0356129497826087,0.4728848556521739,5416.67968749999,5414.509277343754,5419.829589843733,5416.885742187531,"2,1,0.5,1,15",0
285,32098000,36.708000000000204,-0.00029034768000000004,0.00019405204841666668,-3.1833870833333224e-06,0.27530208375,1275.0,1274.2626262626263,1275.0,1274.7373737373737,0.0,0.0,0.0,0.0,0.0,0.0,0.0,0.0,0.005212186828571429,0.0022066178714285714,0.0009891772342857142,0.024797091714285714,-0.02017953257142857,-9.762186142857143,15.12290917647059,24.901583647058825,101143.46529411765,0.9999992,7.964279875e-05,-0.0007827114000000001,-0.0009730553262499999,-0.138941805,0.05306660248,-14.12795682,9.618358200000126e-06,0.003172292032,-0.998409002,0.27880838434782607,-0.034932479782608696,0.47120081913043477,5417.715576171869,5416.285888671845,5416.976318359398,5421.893798828171,"2,1,0.5,1,15",0
286,32148000,36.75800000000021,1.6933060000000013e-05,0.00029464342384615384,0.00014888846076923076,0.27538574153846157,1275.0,1274.48,1275.0,1275.0,0.0,0.0,0.0,0.0,0.0,0.0,0.0,0.0,0.0009764947333333334,0.0008285372444444446,0.0033141557333333333,-0.0778115631111111,-0.04854892125555556,-9.82646888888889,15.159831846153846,24.90124923076923,101143.04384615386,0.9999992,0.0001232271492307692,-0.0007564156538461538,-0.0009677055353846153,-0.139499454,0.0542419932,-14.17822952,-0.00032242172120000004,0.0039058146080000002,-0.9968098872000001,0.2774415657142857,-0.032951587428571426,0.47097514,5417.376464843764,5414.240722656284,5419.246093749962,5420.065917968686,"2,1,0.5,1,15",0
287,32198000,36.808000000000206,0.00031347957583333335,-0.00017871183416666672,0.00036035102062500005,0.27561027708333335,1275.0,1275.48,1275.0,1275.0,0.0,0.0,0.0,0.0,0.0,0.0,0.0,0.0,-0.00539290325,-0.00039947879750000005,6.657764999999996e-05,-0.027533325,0.0035914727499999997,-9.74949025,15.241272153846154,24.900919653846156,101142.06076923077,0.9999992484615384,5.543230615384615e-05,-0.0007308810984615385,-0.0009762542192307694,-0.140005929,0.0554622482,-14.22813502,-0.0011904519261999999,0.004656338058,-0.9949986172,0.27688611199999996,-0.0332823217,0.471860453,5419.234619140627,5420.427246093843,5420.355957031241,5420.720703125039,"2,1,0.5,1,15",0
288,32248000,36.8580000000002,0.0003975841686792453,-0.0002871329607924528,0.0002576222887735849,0.2758981183018868,1275.0,1276.0,1275.24,1275.0,0.0,0.0,0.0,0.0,0.0,0.0,0.0,0.0,-0.0061252676,-0.0013315685,-0.0055926456,-0.017956512,-0.033518657,-9.788694,15.288403538461537,24.90059153846154,101141.51076923076,0.9999992902222222,-8.467247866666665e-05,-0.0007399987186666666,-0.000980350371111111,-0.1404925864,0.0567209544,-14.27788116,-0.001237235664,0.004891821828,-0.9943610176,0.27772827,-0.034220774,0.47174755,5427.039550781231,5426.249999999998,5422.456054687512,5421.953613281234,"2,1,0.5,1,15",0
289,32298000,36.90800000000021,0.0004411017787234043,5.429836017021277e-05,0.00032810338553191493,0.2759543774468085,1275.0,1276.0,1275.74,1275.0,0.0,0.0,0.0,0.0,0.0,0.0,0.0,0.0,-0.0055260552749999995,-0.003528698625,-0.00033289749999999927,0.0026934767500000015,-0.04608822125,-9.831789624999999,15.308807807692308,24.900261615384615,101141.24269230769,0.9999991625,-0.00018107709125,-0.0008092610375,-0.0010087086875000002,-0.14096809640000002,0.0580012894,-14.327537659999999,-0.000822068264,0.004837595778,-0.9943836076,0.276657076,-0.0346697512,0.47083250099999996,5425.704833984373,5426.358398437536,5423.77954101559,5421.991210937475,"2,1,0.5,1,15",0
290,32348000,36.95800000000021,0.0002676805592307693,7.7824704e-05,0.00018395437384615386,0.2759612953846154,1267.08,1267.84,1267.84,1267.32,0.0,0.0,0.0,0.0,0.0,0.0,0.0,0.0,-0.0023968418,-0.002130533,-0.003994741,-0.044292733,-0.017956337,-9.884462,15.385553,24.899952,101140.31,0.9999991,-0.0002386745855319149,-0.0008395631659574469,-0.0010393882978723403,-0.1413032096,0.0591505524,-14.37760312,-0.00047680206176,0.005262007712,-0.9940578712,0.27861452,-0.033810537,0.4708135,5426.609863281238,5423.864746093752,5425.010742187492,5418.423828125047,"2,1,0.5,1,15",0
291,32398000,37.00800000000021,-0.00020207209229166666,3.3120791250000004e-05,4.634475041666666e-05,0.2608272933333333,1250.58,1250.84,1250.84,1251.32,0.0,0.0,0.0,0.0,0.0,0.0,0.0,0.0,0.005568425363636364,0.0006052682272727275,0.002469472290909091,0.039721986363636365,0.04734007290909091,-9.858452909090909,15.410705678571428,24.89962164285714,101140.04214285714,0.9999991375,-0.00020508828375,-0.0008372546375,-0.0010339773625,-0.1415593496,0.060226087399999996,-14.427898619999999,-0.00017085528326,0.005955653512,-0.9935362012,0.2770804391304348,-0.03474609491304348,0.47127106739130437,5378.590820311508,5372.521728514597,5375.490966795889,5378.4975585926895,"2,1,0.5,1,15",0
292,32448000,37.058000000000206,-0.0002020272536923077,-7.627075461538461e-05,-0.0003203192461538461,0.24381984615384616,1240.8,1241.04,1241.04,1241.8,0.0,0.0,0.0,0.0,0.0,0.0,0.0,0.0,-0.0028628947750000003,0.0075900117,-0.0005992009524999999,-0.029927523249999997,-0.019153458999999998,-8.97017775,15.469341692307692,24.899292615384613,101139.34999999999,0.9999992,-0.00015823417076923078,-0.0007869683769230769,-0.0010023959538461539,-0.1415734864,0.061478096,-14.47768052,0.00014717275796000001,0.00638109272,-0.9663299360000001,0.27690349,-0.035918093000000005,0.47059638,5083.520019531085,5080.699707031093,5080.816894531162,5083.920410156142,"2,1,0.5,1,15",0
293,32498000,37.10800000000021,0.00019317818524999998,-0.0002600962154166667,-0.00046609506833333327,0.2418583933333333,1238.3,1239.04,1239.04,1239.3,0.0,0.0,0.0,0.0,0.0,0.0,0.0,0.0,-0.003262372175,0.0020639516500000005,0.001065263825,-0.004788404000000003,-0.013467241249999998,-8.557477500000001,15.52116726923077,24.898962961538462,101138.7373076923,0.9999992525,-0.00021599243125,-0.000691044825,-0.0009732114375,-0.14145149640000002,0.06282937100000001,-14.52717352,0.00047199650946000004,0.00665566572,-0.924113586,0.27750375899999996,-0.0349894797,0.469974648,5089.983886718989,5091.712402343983,5092.3447265627165,5091.548339843967,"2,1,0.5,1,15",0
294,32548000,37.158000000000214,0.0003739142138461538,-0.00029250819507692307,0.0001023140092307692,0.24103592384615383,1240.12,1240.88,1240.64,1240.88,0.0,0.0,0.0,0.0,0.0,0.0,0.0,0.0,-0.0119842245,0.0062584319999999995,-0.0015978913999999999,0.021547817,-0.052672295,-8.536527,15.60332976923077,24.898663923076924,101137.74615384615,0.9999992861538461,-0.0003793130730769231,-0.00059336665,-0.0009805391923076922,-0.1413375864,0.06413445400000001,-14.572297559999999,0.0008235584808,0.0064700728,-0.8708516584,0.276740508,-0.0333130946,0.47119163199999997,5025.159667968927,5039.062500000131,5030.5600585938655,5028.52001953138,"2,1,0.5,1,15",0
295,32598000,37.20800000000021,-6.433310833333381e-06,-0.00018006654283333334,0.000347565179375,0.24701645541666667,1246.62,1246.88,1246.14,1246.88,0.0,0.0,0.0,0.0,0.0,0.0,0.0,0.0,-0.0012650038,-0.0021971088,0.0020639488900000003,0.01256956025,-0.008678832000000001,-8.59069525,15.642154538461538,24.898387923076925,101137.23992307692,0.9999992525,-0.00048349583,-0.00052877883375,-0.0009981519125,-0.1412282214,0.065413554,-14.61496406,0.0011901607008,0.00602563655,-0.8113765934,0.27759608599999996,-0.0340007135,0.470692811,5077.483886719045,5081.133056640856,5083.425292969053,5079.077148437779,"2,1,0.5,1,15",0
296,32648000,37.25800000000021,-0.0007099818692307691,-7.543334615384655e-06,0.000156829945,0.24597431153846155,1249.52,1249.52,1248.76,1249.28,0.0,0.0,0.0,0.0,0.0,0.0,0.0,0.0,0.0058589554,0.0018642115,0.0042610597,0.039504327,-0.013167957,-8.722078,15.65804183018868,24.89813403773585,101137.05490566038,0.99999934,-0.00035825636928571425,-0.0005361475542857143,-0.0009706963142857143,-0.14066035400000002,0.0665902156,-14.65292976,0.002430062876,0.005642887564,-0.7537599156,0.27805673,-0.03530388,0.47111877399999996,5036.341913131964,5029.046874999476,5038.300804501047,5037.244442893886,"2,1,0.5,1,15",0
297,32698000,37.30800000000021,-0.0002523985791666666,0.0001690013665,0.00018311301291666667,0.24440219333333332,1248.52,1248.52,1248.26,1247.78,0.0,0.0,0.0,0.0,0.0,0.0,0.0,0.0,0.00306263175,0.004527382999999999,-0.0027963112999999998,0.026336221,-0.0017955019999999992,-8.542513,15.674710941176471,24.897893411764706,101136.85470588236,0.9999994142857143,-0.00016092843714285714,-0.0005083452314285714,-0.0009414540285714285,-0.13983457900000001,0.0677092556,-14.68825126,0.004161196276,0.005294837664,-0.6971885806,0.277875968,-0.0355942523,0.469912644,5064.230712890823,5052.863769531537,5059.452880859644,5064.209472656508,"2,1,0.5,1,15",0
298,32748000,37.35800000000022,0.0005325874030769231,-0.00010571551292307694,9.879512738461538e-05,0.24708156923076924,1248.7128712871288,1248.950495049505,1248.950495049505,1248.1881188118812,0.0,0.0,0.0,0.0,0.0,0.0,0.0,0.0,-0.005825664812500001,0.004593951575,-0.0013315859875000003,-0.004489130125000001,0.024989636625,-8.759336000000001,15.732363905660376,24.897670943396225,101136.16018867925,0.9999996,-0.00015174322468085107,-0.0003956491929787234,-0.0009293416106382979,-0.1391143272,0.0684933868,-14.71885756,0.004388693612,0.0052861005959999995,-0.642678404,0.277843055,-0.034190887249999996,0.4710594865,5061.218554687436,5065.618530273378,5059.726879882694,5059.312329101455,"2,1,0.5,1,15",0
299,32798000,37.408000000000214,0.0004468407036734694,-0.00031708147530612246,-0.0001411533650612245,0.2484697287755102,1250.1980198019803,1250.930693069307,1250.930693069307,1250.6633663366338,0.0,0.0,0.0,0.0,0.0,0.0,0.0,0.0,-0.0020639490950000003,0.00772317,0.00113183805,-0.07392097625,-0.003291876250000006,-8.801086,15.768519274509805,24.897466137254902,101135.74294117646,0.9999995549999999,-0.00026279434142857146,-0.000264344615,-0.0009389075928571428,-0.1384534322,0.06908913180000001,-14.746811560000001,0.003770395662,0.005468226996,-0.589327629,0.277714343,-0.0338356236,0.471310293,5102.576416015886,5109.10693359397,5103.8061523439865,5108.985351562781,"2,1,0.5,1,15",0
300,32848000,37.45800000000021,0.0005516088578431372,-0.0002285878828627451,-0.0002528607135294118,0.24983298156862746,1251.0,1251.7676767676767,1251.7676767676767,1251.5353535353536,0.0,0.0,0.0,0.0,0.0,0.0,0.0,0.0,-0.0061252723,-0.0047936956,0.004793683,-0.055066645,-0.056263592,-8.968681,15.778129230769231,24.897276153846153,101135.64923076922,0.999999495,-0.0003381069925,-0.0002124694375,-0.000908430675,-0.13814568600000002,0.06965710080000001,-14.771643000000001,0.003282876752,0.0058274076999999995,-0.5435775132,0.276738984,-0.0357708396,0.4703562,5088.327148437451,5091.478027343716,5088.891113281224,5094.711425781183,"2,1,0.5,1,15",0
301,32898000,37.508000000000216,0.00039498578374999994,0.00021669885808333326,0.00015202744208333332,0.24890025666666665,1251.0,1251.2626262626263,1251.2626262626263,1250.5252525252524,0.0,0.0,0.0,0.0,0.0,0.0,0.0,0.0,-0.0020639480875000006,-0.00719053075,0.0031292203499999997,0.002992751499999998,0.015861745,-9.031228,15.8198425,24.8971005,101135.145,0.9999995554545454,-0.00036606029954545455,-0.00032683925272727275,-0.0008931350554545454,-0.13803658600000002,0.0702094458,-14.794718,0.002868921052,0.00628618145,-0.5021027682,0.279219456,-0.0348545251,0.471911709,5105.541503906456,5106.691406250195,5109.482910156424,5106.191162109534,"2,1,0.5,1,15",0
302,32948000,37.55800000000022,-1.3197736923076925e-05,0.0005259161215384614,0.00022939326615384616,0.25048342,1251.48,1251.72,1251.48,1250.72,0.0,0.0,0.0,0.0,0.0,0.0,0.0,0.0,0.002530008825,-0.008721852249999999,-0.00159789218489175,0.03621230575,-0.009875924749999999,-9.0961715,15.861555769230769,24.896938692307693,101134.64538461539,0.9999994171428571,-0.00040797664857142855,-0.0004887834442857142,-0.000908648785,-0.13753463615384617,0.07093988076923077,-14.815183461538462,0.003430296076923077,0.0060469776307692305,-0.46077691846153845,0.277795927826087,-0.033903756913043474,0.47196356695652175,5123.630566406071,5113.568945312259,5119.266967773219,5106.539160156026,"2,1,0.5,1,15",0
303,32998000,37.60800000000022,8.87360854166667e-05,-2.286714625000005e-05,0.00010902694208333334,0.2515608458333333,1252.48,1253.22,1252.48,1252.22,0.0,0.0,0.0,0.0,0.0,0.0,0.0,0.0,0.004860285675,0.0063915703499999995,0.00565922305,0.037110133499999996,-0.0203505585,-8.978857625,15.889003461538461,24.896789384615385,101134.32884615385,0.9999993781818182,-0.0003932210090909091,-0.0005097628872727273,-0.0009395214604545454,-0.13681170826923078,0.07177049134615385,-14.834181057692307,0.004540294634615385,0.005415161428846154,-0.4195348223076923,0.2777518566666667,-0.034852002,0.471802,5141.703330592213,5140.099532278221,5136.063990542904,5137.839226973903,"2,1,0.5,1,15",0
304,33048000,37.658000000000214,0.00014782666615384616,-0.0004148110107692308,0.00016728947153846153,0.2530955938461538,1253.48,1254.24,1253.48,1253.48,0.0,0.0,0.0,0.0,0.0,0.0,0.0,0.0,0.0023968488,0.008788434,0.0010652582,-0.023942018,0.005985667,-9.321827,15.925118846153847,24.896650923076923,101133.87076923077,0.99999946,-0.00032116735384615384,-0.0003152088946153846,-0.0009754485784615384,-0.135795825,0.07267726125,-14.850750708333333,0.0051737725875,0.005096890541666667,-0.38415390625,0.2759231,-0.034348242,0.4737094,5170.3222656248745,5174.11035156236,5167.664062499867,5172.901855468594,"2,1,0.5,1,15",0
305,33098000,37.70800000000022,-8.539484041666668e-05,-2.6242723750000005e-05,0.00027982461291666666,0.2538847345833333,1254.48,1254.74,1254.48,1254.48,0.0,0.0,0.0,0.0,0.0,0.0,0.0,0.0,-0.00026631485,0.00346210805,0.0019973749500000002,0.0395043365,-0.0101751995,-9.148243749999999,15.939565,24.896522867924528,101133.68301886793,0.99999946,-0.00025918786943396224,-0.00020553525981132075,-0.0010122938452830188,-0.1345497625,0.073643870625,-14.865412687500001,0.00543284149375,0.0050249766875,-0.353378203125,0.277734815,-0.033214208,0.47226016000000004,5167.874755859493,5169.534667968851,5165.455322265803,5170.7570800782105,"1,1,5",0
306,33148000,37.75800000000022,9.688666461538461e-05,4.786451230769212e-06,0.00011109991538461536,0.25493829076923075,1255.24,1255.24,1255.24,1255.24,0.0,0.0,0.0,0.0,0.0,0.0,0.0,0.0,0.0029294651,0.00053262315,0.0053263307,0.040701427,0.016759576,-9.3733,15.940945882352942,24.896404,101133.69352941177,0.9999995046808511,-0.00019746601,-0.00019869534425531914,-0.0010085076531914892,-0.1335004846153846,0.07468557923076923,-14.878418076923078,0.0061501907307692305,0.005677659053846154,-0.32627000538461537,0.27700004,-0.033282176,0.4722684,5189.59228515611,5179.587402343671,5190.4687499999,5187.882324218685,"1,1,5",0
307,33198000,37.80800000000022,0.00020866496354166668,-5.906379041666673e-06,-0.00018116915333333335,0.2551764254166667,1255.74,1255.74,1255.74,1255.74,0.0,0.0,0.0,0.0,0.0,0.0,0.0,0.0,-0.00857537916,0.00447410812,0.00191748204,0.0330399842,-0.003591142799999999,-9.293094,15.954181509433962,24.896290943396227,101133.51113207548,0.9999996,-0.00020468346999999998,-0.00020990811959183673,-0.0009576355204081633,-0.1325618980769231,0.07576953115384615,-14.890491634615385,0.007125322653846154,0.00673792679423077,-0.3012247794230769,0.2757335666666667,-0.033567309999999996,0.4721297738095238,5183.446314761647,5185.250128495189,5187.489283511613,5190.14244963003,"1,1,5",0
308,33248000,37.85800000000022,0.0003057910861538462,0.00014413123346153846,-0.00020130246769230772,0.2560075769230769,1256.2376237623762,1256.2376237623762,1256.4752475247524,1256.2376237623762,0.0,0.0,0.0,0.0,0.0,0.0,0.0,0.0,-0.008455538375,0.0081892174,-0.0008655486750000001,0.004189855749999999,0.0317233425,-9.38227975,15.977769411764706,24.896188215686273,101133.2231372549,0.9999995478431373,-0.000347917101372549,-0.00012188502431372549,-0.0009350240676470588,-0.13168726639175257,0.07683906719587628,-14.902240536082473,0.00751758451443299,0.007421292880412371,-0.27677396701030926,0.2764894765,-0.0337172262,0.470813521,5209.681640624916,5215.320800781096,5212.188476562432,5213.147460937393,"1,1,5",0
309,33298000,37.90800000000022,0.00020172736285714287,0.00016177765530612246,-0.00020076740163265305,0.2566815348979592,1256.7326732673268,1256.7326732673268,1257.4653465346535,1256.7326732673268,0.0,0.0,0.0,0.0,0.0,0.0,0.0,0.0,-0.003994757225,0.00905474425,0.0024634199749999997,0.048183316500000004,-0.029628084500000002,-9.274839499999999,15.964811698113207,24.89609050943396,101133.36490566038,0.99999946,-0.0004910566216981132,-7.553163018867916e-06,-0.0009211371103773584,-0.1308628849484536,0.0778972764742268,-14.913734350515464,0.007451877040206186,0.00780852195257732,-0.252790193814433,0.27775475,-0.0353032645,0.47150256749999997,5196.854370117278,5201.813500976671,5203.347045898472,5207.37170410158,"1,1,5",0
310,33348000,37.958000000000226,0.0003082325574509804,0.00014244803058823528,-0.00034305141490196075,0.25749766705882354,1257.4646464646464,1257.2323232323233,1258.2323232323233,1257.4646464646464,0.0,0.0,0.0,0.0,0.0,0.0,0.0,0.0,0.00015218093983134287,-0.0014837610285714283,0.0003804517857142857,0.033176796,-0.020179535571428573,-9.494379142857143,15.981451764705882,24.89599905882353,101133.19705882353,0.99999946,-0.0005763854021276595,4.9533123936170214e-05,-0.0009117302106382978,-0.13018252363636365,0.07863337058585858,-14.923941585858586,0.007565603703030303,0.007107174888888889,-0.23095611434343435,0.27683916956521737,-0.033932513739130435,0.47089753913043475,5222.173339843656,5223.00244140615,5222.014160156223,5219.664062499941,"1,1,5",0
311,33398000,38.00800000000022,0.00023483676845833336,0.0002177925425,-0.0004809886270833333,0.25794112583333334,1258.4747474747476,1257.7373737373737,1258.7373737373737,1258.4747474747476,0.0,0.0,0.0,0.0,0.0,0.0,0.0,0.0,-0.0037284263,-0.00026631759999999995,-1.749999999946239e-09,-0.015562310499999999,0.028730588999999997,-9.433155,16.041410384615386,24.89591453846154,101132.50615384616,0.99999946,-0.00061041245,1.4143185624999999e-05,-0.0009155238000000001,-0.12959043272727275,0.07917203927272727,-14.933360272727272,0.007789306127272727,0.005738636,-0.2104395890909091,0.278384286,-0.0342916463,0.47175483599999996,5215.618408203178,5220.792480468849,5220.821533203148,5214.782470703207,"1,1,5",0
312,33448000,38.05800000000022,-1.0430485184615386e-05,3.927054923076923e-05,-7.101225307692307e-05,0.25962962153846153,1259.0,1258.24,1259.0,1259.0,0.0,0.0,0.0,0.0,0.0,0.0,0.0,0.0,0.00745686,-0.0023968383,0.0058589466,-0.017956512,0.053869713,-9.522938,16.064524153846154,24.89583592307692,101132.19115384616,0.99999951,-0.0005306236357142857,2.534083035714286e-05,-0.0009009892285714285,-0.12868966080000002,0.0795567632,-14.9409782,0.0081206822,0.004522133072,-0.19334841120000001,0.2782636,-0.034203437,0.47183144285714285,5234.124930245591,5230.335193452406,5240.918061756067,5240.4408249629205,"1,1,5",0
313,33498000,38.108000000000224,1.5170524075000003e-05,-0.00011446275825000001,-4.42627458333334e-06,0.260032225,1259.0,1258.74,1259.0,1259.0,0.0,0.0,0.0,0.0,0.0,0.0,0.0,0.0,0.005193161975,0.0023968401,-0.0023968471250000005,0.00987608325,0.010774071999999999,-9.55944875,16.04032596153846,24.89576015384615,101132.47634615385,0.9999996,-0.00037565981041666664,3.9004031958333333e-05,-0.000870413295,-0.12761525580000002,0.0798548932,-14.9475832,0.0085126247,0.003391150372,-0.1781839912,0.27728754600000005,-0.0358987011,0.473452438,5233.155761718738,5234.431396484333,5231.710449218792,5233.8862304688,"1,1,5",0
314,33548000,38.15800000000023,-0.0002609890667692308,3.00135203076923e-05,0.0001156045146153846,0.2603519384615385,1259.48,1259.48,1259.0,1259.24,0.0,0.0,0.0,0.0,0.0,0.0,0.0,0.0,0.0021305298,0.001864222,-0.005060002,0.04668694,0.021547982,-9.537304,15.977125,24.895689,101133.26,0.9999996,-0.0002307391530769231,0.00011812288923076922,-0.0008862086476923076,-0.1266574908,0.0799649464,-14.95345796,0.00843859888,0.0029566665519999997,-0.1642071712,0.27827575666666665,-0.033114087904761905,0.4710072304761905,5244.3857886905835,5246.875325520969,5244.2611607143535,5242.278250558053,"1,1,5",0
315,33598000,38.208000000000226,-0.0005802947079166667,-5.288582333333332e-05,0.0004638048791666667,0.2609275529166667,1260.48,1260.48,1259.0,1259.74,0.0,0.0,0.0,0.0,0.0,0.0,0.0,0.0,0.0129163325,-0.00013315344999999994,0.00173104795,-0.028730422999999998,0.0275334915,-9.643846499999999,16.099014423076923,24.895622653846154,101131.79269230769,0.9999996,-6.834335977272727e-05,0.00016764248363636364,-0.0009107775677272727,-0.1257653358,0.07996920639999999,-14.95892196,0.00810246588,0.0029139633519999998,-0.1508983762,0.27650684799999997,-0.0361348605,0.470734152,5245.811767578177,5244.742187500057,5241.769531249945,5246.773925781262,"1,1,5",0
316,33648000,38.25800000000022,-0.00023746770615384617,2.813150615384619e-05,0.0003052043376923077,0.2614097838461538,1261.0,1260.76,1259.48,1260.0,0.0,0.0,0.0,0.0,0.0,0.0,0.0,0.0,0.0008581295,0.002663163611111111,-2.9590211111111143e-05,0.03844023611111111,-0.007714486111111106,-9.591969666666667,16.099637924528302,24.895561132075475,101131.79377358491,0.9999996,7.840644153846154e-05,0.00017558401615384614,-0.0009263400276923076,-0.12485087040000001,0.0798046216,-14.96477604,0.0081881188,0.00262621724,-0.13911783079999998,0.277248616,-0.0343903468,0.4708109,5256.0356445313055,5255.979492187556,5250.332519531362,5259.429687500029,"1,1,5",0
317,33698000,38.30800000000023,0.0002812382366666667,0.0005374730108333334,7.739618270833333e-05,0.26171150791666664,1261.0,1260.26,1260.48,1260.0,0.0,0.0,0.0,0.0,0.0,0.0,0.0,0.0,-0.004527382,-0.007590004375,-0.0005992077250000002,-0.010175361999999993,0.020650161725000005,-9.692927000000001,16.10748029411765,24.895500294117646,101131.66764705881,0.9999996,4.9886702375e-05,0.000100960613375,-0.00094171527625,-0.1239238554,0.0795450616,-14.97084954,0.0085110263,0.00220063449,-0.1281969258,0.278709658,-0.0359548398,0.47002382899999995,5257.820068359316,5253.09204101557,5258.79614257818,5244.993896484398,"1,1,5",0
318,33748000,38.35800000000023,0.0004517320876923077,0.00027331670153846145,-0.00018377515769230773,0.26161026769230766,1261.0,1260.24,1261.0,1260.24,0.0,0.0,0.0,0.0,0.0,0.0,0.0,0.0,0.0012174464000000002,0.009359111428571428,0.004641507628571429,0.03488694,0.0035914685857142857,-9.514387142857142,16.128449307692307,24.89544223076923,101131.43846153846,0.9999996,-4.422575623076923e-05,4.7060938615384614e-05,-0.0009564665661538461,-0.12291282076923077,0.07894054615384616,-14.977041538461538,0.00876728176923077,0.0013452269338461542,-0.11863769538461538,0.27700720260869566,-0.03467549895652174,0.47189048695652175,5255.024902343782,5259.552246093833,5259.743652343815,5261.979492187548,"1,1,5",0
319,33798000,38.40800000000023,0.0003227238408333333,-0.00015851080358333336,-0.00036938819208333335,0.2617044679166667,1261.0,1260.74,1261.0,1260.74,0.0,0.0,0.0,0.0,0.0,0.0,0.0,0.0,0.00569916448,0.0036218978999999997,0.0011717939279999997,0.0007182605999999977,-0.027772572,-9.6412106,16.109736811320754,24.89538941509434,101131.64566037737,0.9999996,-9.500000230769235e-06,0.00016170846384615383,-0.0009248225384615384,-0.12185452509615384,0.07814199326923077,-14.983300192307691,0.008986045471153847,0.00024804292423076936,-0.10984440692307693,0.27614474285714286,-0.033657966047619045,0.47103275,5258.822805304213,5261.066868832168,5256.7780119243,5263.027549342067,"1,1,5",0
320,33848000,38.458000000000226,7.415972492307694e-05,-3.647269538461545e-06,4.4981753076923095e-05,0.26155403692307694,1261.0,1260.76,1261.0,1260.76,0.0,0.0,0.0,0.0,0.0,0.0,0.0,0.0,-0.0021305294,-0.00079894613,-0.0026631618,0.027533323,0.021547984,-9.595963,16.089528823529413,24.895339,101131.88588235294,0.9999996,5.688506333333333e-05,0.00021074816333333334,-0.0009141207333333333,-0.12095027979166666,0.07726773408333333,-14.989719375,0.0093376820625,-0.0008884035491666667,-0.10206189508333334,0.276917054,-0.0339356756,0.470207436,5257.165039062549,5258.0683593750555,5261.69580078125,5259.433593750016,"1,1,5",0
321,33898000,38.50800000000023,-1.756223983333334e-05,0.0003070993907916666,2.882490458333331e-05,0.2614739625,1261.0,1260.26,1261.0,1260.26,0.0,0.0,0.0,0.0,0.0,0.0,0.0,0.0,0.005193166799999999,0.00119841895,-0.0033289518,0.06883331,-0.005386785,-9.765350999999999,16.1297125,24.895289000000002,101131.39557692308,0.9999996,0.00011799940500000001,0.0001794605075,-0.0009008670875,-0.12016707406249999,0.076333991375,-14.9962646875,0.00979371878125,-0.0020556991012500004,-0.095073564875,0.276959474,-0.033707363100000005,0.472426833,5259.911865234297,5257.30664062485,5257.320068359324,5254.178466796855,"1,1,5",0
322,33948000,38.558000000000234,-0.0001899869389230769,0.00028625809000000003,8.179126230769233e-05,0.2610530015384615,1260.52,1260.0,1260.52,1260.0,0.0,0.0,0.0,0.0,0.0,0.0,0.0,0.0,0.0077231624,0.0015978971,-0.00532633,0.04668694,0.05985522,-9.67856,16.116891538461537,24.895244538461537,101131.55153846154,0.99999955,0.000254860555,0.00018301837357142858,-0.0009358704357142857,-0.11963132461538462,0.075247972,-15.003063153846153,0.009039891076923077,-0.002470253376923077,-0.08939032107692307,0.2783110166666667,-0.0344427,0.47211878095238097,5258.104003906259,5255.749023437526,5251.97216796872,5248.624511718779,"1,1,5",0
323,33998000,38.60800000000023,-0.0003311474525,-0.0004399230704166667,0.0002860371785833334,0.26068468666666667,1259.52,1260.0,1259.52,1260.0,0.0,0.0,0.0,0.0,0.0,0.0,0.0,0.0,0.012672210166666666,0.007745358083333333,0.0037950048333333336,-0.00698308975,-0.01655972433333333,-9.6956195,16.152349714285716,24.895202464285713,101131.13685714286,0.9999994226666666,0.0003933065246666666,0.0002592548857777778,-0.000987155312,-0.11923476932692308,0.074076297,-15.010004019230768,0.007605514634615384,-0.0024613906846153847,-0.08444118838461538,0.2749157869565217,-0.03450466982608696,0.4718900260869565,5253.187255859274,5255.601074218675,5245.535400390558,5261.517822265591,"1,1,5",0
324,34048000,38.65800000000023,0.00015640786538461543,-0.00018824188461538465,-5.176470446153846e-05,0.2603776592307692,1259.0,1259.76,1259.24,1259.76,0.0,0.0,0.0,0.0,0.0,0.0,0.0,0.0,0.00026631449999999987,-0.0045273724,-0.0037284284,0.016160864000000004,-0.011970841000000001,-9.581595,16.15336853846154,24.895161384615385,101131.13161538463,0.99999934,0.0005067900649090909,0.00029851391763636363,-0.0009780668283636362,-0.118951442,0.0730688644,-15.017039319999999,0.0073018504000000005,-0.002424615936,-0.0777208388,0.27655566,-0.0339240116,0.471144248,5245.921386718765,5248.495605468745,5241.790039062577,5244.868164062522,"1,1,5",0
325,34098000,38.70800000000023,0.0006537517316666666,0.0004490232354166667,-0.00014905654833333333,0.26026568708333336,1259.0,1259.26,1259.74,1259.26,0.0,0.0,0.0,0.0,0.0,0.0,0.0,0.0,-0.00079895418,-0.0146473865,-0.0010652685375,0.01197100915,-0.008379540025,-9.596860249999999,16.14145,24.8951235,101131.2725,0.9999993781818182,0.00044698667954545454,0.00014364068450454544,-0.0010014089363636364,-0.1187570795,0.0721904794,-15.024148819999999,0.007886602900000001,-0.002365910286,-0.0696088188,0.27927442571428573,-0.034551995714285716,0.4712378842857143,5256.6748560855785,5247.427554481927,5257.04137541119,5247.099018297687,"1,1,5",0
326,34148000,38.75800000000024,0.0004815281953846154,2.845843461538462e-05,-0.0001492503923076923,0.25999482692307696,1259.0,1259.0,1259.52,1259.0,0.0,0.0,0.0,0.0,0.0,0.0,0.0,0.0,-0.0053263227777777785,0.0007693590333333333,-0.00118362838189752,0.004389367555555558,0.02101593933333333,-9.617110222222221,16.13386576923077,24.89508930769231,101131.36307692308,0.9999995138461538,0.0003258265653846154,2.588651233846154e-05,-0.0010001239153846154,-0.11847548999999999,0.0710283032,-15.03057344,0.008110040320000001,-0.001937523408,-0.061495548319999996,0.2763934866666667,-0.034411875333333335,0.4711271283333333,5244.595214843709,5244.833984375022,5249.718261718753,5238.392578125069,"1,1,5",0
327,34198000,38.808000000000234,-0.0002411370829166667,-0.00044603009375,3.2540128749999984e-05,0.2598964275,1259.0,1259.0,1258.52,1259.0,0.0,0.0,0.0,0.0,0.0,0.0,0.0,0.0,0.0029960515124999995,0.0127831739375,-0.0023635604375,0.014065935375000001,0.0510265885,-9.58967725,16.142352884615384,24.895057884615387,101131.25961538461,0.9999995475,0.00027328634375,0.00014770753875,-0.000981089825,-0.118125365,0.0696431482,-15.03645994,0.00804958732,-0.001218672708,-0.05338129532,0.2761256982608696,-0.03355699043478261,0.47115747391304347,5245.549624794414,5252.206131784545,5243.978978207233,5255.529887952384,"1,1,5",0
328,34248000,38.85800000000023,-0.00017748157692307697,-2.09553176923077e-05,4.436696923076924e-05,0.2599039092307692,1259.516129032258,1259.258064516129,1258.774193548387,1259.516129032258,0.0,0.0,0.0,0.0,0.0,0.0,0.0,0.0,-0.00026631946,-0.005858953,-0.003994744,0.0011970999,-0.002394034,-9.659407,16.186594615384617,24.895030769230768,101130.73461538462,0.99999946,0.0003306522884615385,0.0002623210469230769,-0.0009951729307692307,-0.11807491865979382,0.06820912618556702,-15.041662948453608,0.007336247125773196,-0.0007271866721649485,-0.044631426969072165,0.27718968,-0.0340372232,0.472827166,5247.067382812488,5245.867187499982,5235.879882812624,5240.75439453129,"1,1,5",0
329,34298000,38.908000000000236,0.00022053529078048777,0.00022857705512195124,-0.00033301831951219516,0.26096900097560977,1260.5913978494623,1259.7956989247311,1260.3870967741937,1260.5913978494623,0.0,0.0,0.0,0.0,0.0,0.0,0.0,0.0,-0.005858961375,-0.0029294710875,0.001464726325,-0.041150341124999996,0.047884203,-9.66913275,16.186956384615385,24.895008038461537,101130.73288461538,0.99999946,0.00029156841875000003,0.00017136087125,-0.0010140759875,-0.11825993412371134,0.06673670865979381,-15.046328927835052,0.006109924136082474,-0.00041434430103092786,-0.03538214655670103,0.2771219975,-0.034500801,0.4728825675,5253.828433388147,5248.333110608571,5252.955437911252,5249.77161287016,"1,1,5",0
330,34348000,38.95800000000024,0.00011513845420338982,6.138249463220339e-05,-0.000239710267220339,0.26118985491525426,1261.2897196261683,1260.5794392523364,1261.2897196261683,1261.0,0.0,0.0,0.0,0.0,0.0,0.0,0.0,0.0,-0.0060956794444444445,-0.0025152075,0.0016866723222222222,0.010773907944444445,0.013168277644444443,-9.569625444444444,16.191651076923076,24.894987153846152,101130.64807692307,0.99999946,0.00018410675,7.997630153846154e-05,-0.0010110050692307693,-0.11845647888888888,0.0656431054040404,-15.050682828282827,0.005895243911111111,0.00016985356565656567,-0.02602019953030303,0.2765750914285714,-0.03475870914285714,0.4703944485714286,5247.3842773438,5247.214843750062,5252.709960937505,5248.849609375028,"1,1,5",0
331,34398000,39.00800000000024,0.00027230244833333333,-2.0700222004166666e-05,3.976295966666665e-05,0.2615332225,1261.7570093457944,1261.5140186915887,1261.7570093457944,1261.0,0.0,0.0,0.0,0.0,0.0,0.0,0.0,0.0,-0.0023968456489086498,0.0015978960626926,0.0007989450735227,0.00538695375,0.060453757999999996,-9.622896,16.17449557692308,24.894969423076926,101130.87123076923,0.9999995084615384,7.528527918615385e-05,6.166170153846154e-05,-0.0009875686923076922,-0.11866009,0.06478167863636364,-15.054845454545454,0.0063006028,0.0009203660909090908,-0.01658919877272727,0.276570859,-0.033102923,0.47051674499999996,5254.447021484429,5255.18823242194,5261.490234375076,5260.13232421884,"1,1,5",0
332,34448000,39.058000000000234,0.0005023533192307692,-2.9444300000000005e-06,0.0003583405423076923,0.26188698923076925,1262.24,1261.76,1262.0,1261.24,0.0,0.0,0.0,0.0,0.0,0.0,0.0,0.0,-0.0023080733083333336,0.0039059695166666665,0.001242808825,-0.01955264791666667,0.03890594716666667,-9.70230225,16.131440132075472,24.89495383018868,101131.4003018868,0.9999996,-3.157558501660377e-05,7.556480905660377e-05,-0.0009539788547169812,-0.11846087159999999,0.0640072818,-15.058798399999999,0.00710227904,0.001091962152,-0.00830211498,0.27722574260869565,-0.03414016295652174,0.4716557191304348,5255.667968749997,5259.086914062539,5260.594726562491,5257.38623046871,"1,1,5",0
333,34498000,39.10800000000024,0.00013661958125,0.00027859328975,0.00030114749524999995,0.26207896583333334,1262.74,1261.26,1262.0,1261.74,0.0,0.0,0.0,0.0,0.0,0.0,0.0,0.0,0.0015978946250000002,-0.0003994692299999999,0.00319579485,0.0670376535,0.0119711765,-9.6528225,16.12570894117647,24.894941411764705,101131.47352941176,0.9999996,-8.262299663829787e-05,0.0001304469610638298,-0.0009705509021276595,-0.11803506159999999,0.06328183929999999,-15.0626334,0.00812688379,0.0009379177019999999,-0.0006584844799999989,0.27700733217391305,-0.035955884695652175,0.47169724782608696,5263.973876953192,5266.583496093796,5263.174072265642,5260.538818359466,"1,1,5",0
334,34548000,39.15800000000024,-0.0004602197038461538,0.0002622872515384615,-0.00027915902446153844,0.2622443723076923,1262.76,1261.48,1262.0,1262.0,0.0,0.0,0.0,0.0,0.0,0.0,0.0,0.0,0.012516859,-1.5622335e-08,-0.00026633614,0.041898534,-0.015562142,-9.783907,16.183706,24.89493246153846,101130.79,0.9999995533333333,5.2055484000000006e-05,0.00015090976,-0.0009934331666666665,-0.1176266948,0.06267626527999999,-15.0662572,0.008672319900000001,0.0006820816488,0.0056565993,0.2779877,-0.033656202,0.47320494,5270.097167968701,5258.633789062482,5260.48291015626,5261.574218750037,"1,1,5",0
335,34598000,39.20800000000024,-8.184967916666686e-06,-5.6824309750000006e-05,-0.00019297606625000004,0.26215971958333334,1262.26,1262.48,1262.0,1262.0,0.0,0.0,0.0,0.0,0.0,0.0,0.0,0.0,-0.0028914336,0.010766778242857144,0.0023968490857142854,0.02325795942857143,-0.01145779662857143,-9.612206857142858,16.186414538461538,24.894923538461537,101130.75769230768,0.99999946,0.00017178227959183673,0.00021801793795918367,-0.0009768936889795919,-0.11722813979999999,0.062138117279999995,-15.0697622,0.00894822365,0.0003689878187999999,0.01122437555,0.275520485,-0.033351579000000006,0.472175165,5261.5537109374945,5265.314453125001,5264.150390625097,5269.224853515642,"1,1,5",0
336,34648000,39.25800000000024,0.00017549932384615385,-0.00037022296676923077,0.00014556979015384615,0.26247152846153843,1262.0,1262.76,1262.24,1262.24,0.0,0.0,0.0,0.0,0.0,0.0,0.0,0.0,-0.0042610574,0.0015978883,-0.0037284314,-0.041898537,-0.025138954,-9.677363,16.206117056603773,24.89491962264151,101130.51867924527,0.99999946,0.00012069081276785715,0.0003428619594642857,-0.0009436958319642857,-0.11698679353846153,0.061807776,-15.071991384615384,0.008419239892307693,0.00028566390461538463,0.016608435307692307,0.2770090530434783,-0.03408952643478261,0.47183614347826086,5266.520019531256,5270.5136718750155,5270.200683593671,5272.641113281236,"1,1,5",0
337,34698000,39.30800000000024,2.1508540833333303e-05,-0.0005491394675,-0.00017796883433333333,0.26257541625,1262.0,1262.26,1262.74,1262.74,0.0,0.0,0.0,0.0,0.0,0.0,0.0,0.0,-0.004032784342857143,-0.0019022582,0.001940309162857143,0.028388396714285714,-0.04377951757142857,-9.680955142857142,16.19281980392157,24.894914960784316,101130.6291372549,0.99999946,9.09848253023256e-05,0.0004043232679069767,-0.0009402181560465116,-0.11683387719230769,0.061594326,-15.073502923076923,0.007437506911538462,0.0003315855680769231,0.02188915453846154,0.27791560000000004,-0.03415735826086957,0.47098846260869565,5270.723632812534,5273.305175781301,5265.677246093806,5270.935791015623,"1,1,5",0
338,34748000,39.358000000000246,0.00023986829615384614,-0.00010772315076923076,-0.00047658905307692304,0.2628752353846154,1262.24,1262.0,1263.0,1263.0,0.0,0.0,0.0,0.0,0.0,0.0,0.0,0.0,-0.0021305305,-0.006657902,5.9832845e-09,-0.04548984,-0.05147517,-9.76116,16.17901,24.894913,101130.836,0.9999995183333333,3.404933891666667e-05,0.0003258861483333333,-0.0009133762366666667,-0.11666806491666666,0.06125197275,-15.075024916666667,0.006550940658333333,4.469776625000004e-05,0.02735235504166667,0.276978744,-0.034134356000000005,0.471661712,5272.559570312469,5271.554687499994,5280.116699218766,5272.180664062546,"1,1,5",0
339,34798000,39.40800000000024,7.793359916666667e-05,0.00028203591541666666,-0.0003438020845833333,0.2631815666666667,1262.74,1262.0,1263.0,1263.0,0.0,0.0,0.0,0.0,0.0,0.0,0.0,0.0,0.00506002935,-0.0037283993499999998,-0.00625842585,-0.02873042,0.010774074000000002,-9.6701805,16.142894615384613,24.894913,101131.27253846153,0.9999996,3.266390960714285e-05,0.0001833854875,-0.0008878499417857142,-0.116492120125,0.060808338375,-15.076555125,0.0057391482625,-0.000503683186875,0.0329589336875,0.2775771460869565,-0.033671324869565214,0.47161159304347827,5276.183349609442,5278.042724609522,5279.127929687459,5277.7067871093495,"1,1,5",0
340,34848000,39.45800000000024,-8.685003153846154e-05,0.0005637567307692307,-0.00011449012230769232,0.26342838076923075,1263.0,1262.48,1263.0,1263.0,0.0,0.0,0.0,0.0,0.0,0.0,0.0,0.0,0.0074568498,-0.0042610592,-0.0007989403000000003,0.0299275245,0.0281320395,-9.709088,16.16311923076923,24.894914846153846,101131.02230769231,0.9999996,0.00014737916641509432,7.619089890566037e-05,-0.0009178326041509434,-0.11586037076923077,0.06051625153846154,-15.077505384615385,0.0054017142,-0.00017591429000000003,0.03716962384615385,0.277704006,-0.033835124,0.470229792,5288.435477120589,5276.656598772292,5280.308826264864,5281.421851748527,"1,1,5",0
341,34898000,39.508000000000244,0.00019839970604166666,0.0002662248020833333,6.427816541666668e-05,0.26354928333333333,1263.0,1263.48,1263.0,1263.0,0.0,0.0,0.0,0.0,0.0,0.0,0.0,0.0,-0.0016644738500000002,0.009254483050000002,0.0033289606,-0.04967968525,-0.014664314800000001,-9.7324295,16.149498571428573,24.894917464285715,101131.20535714286,0.9999996,0.00021081074395348838,3.247901930232558e-05,-0.0009330463,-0.11497223134615385,0.06030941019230769,-15.078129423076923,0.005331106699999999,0.0006446888974999998,0.04059512673076923,0.27720815826086953,-0.034371190652173915,0.4718663304347826,5280.935302734363,5280.699951171911,5282.006591796877,5284.207519531254,"1,1,5",0
342,34948000,39.55800000000025,0.00032229879538461537,6.483976692307693e-05,-1.7631883076923104e-05,0.2637466961538461,1263.0,1264.0,1263.0,1263.2376237623762,0.0,0.0,0.0,0.0,0.0,0.0,0.0,0.0,-0.003880603,0.0038806026,-0.001445728314285714,0.058999973,0.010261034714285714,-9.699083571428572,16.131698846153846,24.89492107692308,101131.38076923077,0.9999996,8.720008035714286e-05,0.00010479664357142856,-0.0009222140857142857,-0.11408023658333334,0.05987535479166667,-15.078532625000001,0.005510771425,0.0011374045833333333,0.04313894154166666,0.2776610333333333,-0.034098366,0.47121498333333334,5281.959960937502,5289.119628906195,5282.183593750085,5285.45312499998,"1,1,5",0
343,34998000,39.608000000000246,2.612781020408163e-05,-3.5866170612244884e-05,-0.00027904324081632655,0.26388459775510203,1263.0,1264.0,1263.0,1263.7326732673268,0.0,0.0,0.0,0.0,0.0,0.0,0.0,0.0,0.003062638,-0.0049268453,-0.0025300053499999996,-0.0299275265,-0.0514751665,-9.711482,16.18912303846154,24.894926384615385,101130.68192307692,0.9999996,8.677928866666666e-06,0.00011227733244444445,-0.000917129348,-0.113185212625,0.0592627740625,-15.0787623125,0.0058870786125,0.001372494375,0.0449900014375,0.276377442,-0.0344980987,0.47218335100000003,5286.153134300621,5283.60279482888,5288.409435453856,5285.825288318432,"1,1,5",0
344,35048000,39.65800000000024,0.00011803909960784312,-0.0005321373788235294,-8.415262901960785e-05,0.26392950627450984,1263.23,1263.77,1263.23,1263.77,0.0,0.0,0.0,0.0,0.0,0.0,0.0,0.0,-0.00426105618,0.005645900840000001,0.0029827454,-0.037110121999999995,0.0019155332799999998,-9.842563,16.1575475,24.894931857142858,101131.06571428571,0.9999996,-1.0319632654545457e-05,0.00012899053436363637,-0.0009025224643636364,-0.11303712752,0.0583132258,-15.078704199999999,0.0056319628,0.0007953296216,0.04640947452,0.275748355,-0.035369784,0.47106295625,5282.9204101562445,5289.587402343781,5285.687011718724,5291.83935546871,"1,1,5",0
345,35098000,39.70800000000025,9.180688448979593e-05,-8.906561795918365e-05,0.00013721854775510203,0.26400633755102043,1263.73,1263.27,1263.73,1263.27,0.0,0.0,0.0,0.0,0.0,0.0,0.0,0.0,0.0005326260799999999,-0.0047936916,-0.0003994742,0.013766663999999998,-0.007780987499999999,-9.67916,16.173412115384615,24.89493803846154,101130.88423076922,0.9999996,-3.7045848857142856e-05,0.00016206170542857142,-0.0008941598057142857,-0.11330919552,0.0571741333,-15.0784842,0.0050216715500000005,-0.00023872831340000008,0.04758618002,0.27649665,-0.033784913,0.4701072,5288.048037574405,5292.2190987723,5286.814685639956,5282.747442336304,"1,1,5",0
346,35148000,39.75800000000025,-0.0003607132460784314,0.0002826620017647059,0.00018674837725490194,0.26432320294117645,1263.7676767676767,1263.2323232323233,1263.7676767676767,1263.4646464646464,0.0,0.0,0.0,0.0,0.0,0.0,0.0,0.0,0.007989482,-0.007989491,0.0013315581,0.021547817,-0.0023940315,-9.791088,16.194540153846155,24.894945846153846,101130.63584615385,0.9999996,6.526761463829787e-05,4.7953567191489366e-05,-0.0009299900380851064,-0.1134913832,0.0560974936,-15.0782882,0.00463618398,-0.0007827406996,0.04805133384,0.275957988,-0.034988076,0.472592524,5293.866699218819,5283.658691406323,5296.552246093727,5290.395996093763,"1,1,5",0
347,35198000,39.80800000000025,-0.00048302126916666664,-0.0003864014504166666,0.000161857501,0.26439211041666666,1263.2626262626263,1263.7373737373737,1263.2626262626263,1264.4747474747476,0.0,0.0,0.0,0.0,0.0,0.0,0.0,0.0,0.00659132595,0.0008655197750000001,0.0023302627,0.00837970825,0.032621172,-9.86500925,16.1743155,24.894954,101130.89300000001,0.9999996,0.0002963624461538462,1.762243230769231e-05,-0.0009262797573076924,-0.11362301320000001,0.0550559836,-15.0781057,0.00437714848,-0.0010511024646,0.04811623984,0.277199078,-0.0342305066,0.471000995,5293.446289062468,5293.1423339844005,5290.510742187482,5296.343750000031,"1,1,5",0
348,35248000,39.858000000000246,-0.00010183621769230765,-0.0004445057476923076,0.0003461654221538462,0.2644329692307692,1263.0,1264.0,1263.4752475247524,1265.0,0.0,0.0,0.0,0.0,0.0,0.0,0.0,0.0,-0.0006657896000000002,0.0033289519,-0.0015978962999999998,-0.018555064000000003,0.00957697865,-9.798271,16.169259307692307,24.894962615384614,101130.95076923077,0.9999995533333333,0.00039316204666666664,0.00015186091333333333,-0.0009232830333333334,-0.11444048285148516,0.053616771326732676,-15.076809425742574,0.003310217569306931,-0.0017130541653465345,0.04852131879207921,0.276630544,-0.0330216894,0.470950302,5291.33740234375,5298.53271484375,5284.3125,5296.263671875,"1,1,5",0
349,35298000,39.90800000000025,0.0003941224936734694,-9.694120489795916e-05,1.5582346938775547e-05,0.2645936636734694,1263.0,1264.0,1264.4653465346535,1265.0,0.0,0.0,0.0,0.0,0.0,0.0,0.0,0.0,-0.00119843883,-0.0141147585,0.0059255215250000005,-0.037708683,0.01526321025,-9.8246085,16.162622377358492,24.894972150943396,101131.01113207547,0.999999505,0.00036544979964285714,9.780423571428572e-05,-0.0009334587035714285,-0.11564373730693069,0.05195385152475248,-15.074886653465347,0.0017888454900990103,-0.002596400204950495,0.049117745029702974,0.27792014666666665,-0.03441000466666667,0.47119650333333335,5296.028002929609,5292.155004882803,5297.763500976644,5291.138745117234,"1,1,5",0
350,35348000,39.958000000000254,1.7791398431372496e-05,-0.00017041716901960784,-0.0005625184098039216,0.2647604023529412,1263.4646464646464,1264.2323232323233,1265.2323232323233,1265.0,0.0,0.0,0.0,0.0,0.0,0.0,0.0,0.0,0.0023968476,-0.006391586,0.0037284268,-0.0047884043,0.02513929,-9.6917305,16.13040294117647,24.894982098039215,101131.40000000001,0.9999996,0.0003467154275,-9.49631e-05,-0.0008973188624999999,-0.1173693173939394,0.0506023343030303,-15.07204893939394,0.00012398384141414152,-0.003303533114141414,0.05086687935353536,0.2790303,-0.03236994,0.47161612,5292.914550781314,5295.816894531248,5296.907714843737,5299.895507812542,"1,1,5",0
351,35398000,40.00800000000025,-0.00012411769500000002,0.00015837726041666666,-0.00019855836016666666,0.26533145750000003,1264.4747474747476,1264.7373737373737,1265.7373737373737,1265.0,0.0,0.0,0.0,0.0,0.0,0.0,0.0,0.0,0.00312920995,-0.00625843225,0.0015978984,-0.04279635075,0.005087851000000001,-9.821614,16.11201596153846,24.89499246153846,101131.62307692308,0.9999995554545454,0.0004295496127272727,-0.00021708029727272727,-0.0008889125886363636,-0.11941503254545455,0.049441676727272725,-15.068650454545455,-0.001628823027272727,-0.0039026644272727273,0.05332251218181818,0.27659352000000004,-0.034103984,0.47119492,5304.962402343815,5305.723876953195,5303.312255859416,5305.555175781253,"1,1,5",0
352,35448000,40.05800000000025,0.00027285008123076917,0.0001957516146153846,0.0002336544486153846,0.2658337538461539,1265.24,1265.24,1266.0,1265.24,0.0,0.0,0.0,0.0,0.0,0.0,0.0,0.0,-0.0031957866,-0.015446334,0.0015979098,-0.023942016,-0.010773738,-9.779118,16.144700692307694,24.895001769230767,101131.24461538461,0.9999994138461539,0.00041749491692307693,-0.0004064609276923077,-0.0008909069076923076,-0.12161887693069307,0.04789750716831683,-15.064857495049505,-0.002944626181188119,-0.004431112507920792,0.05361757746534653,0.27783373,-0.03320377,0.470623,5305.672479538644,5305.718866257427,5314.88076636908,5308.366838727718,"1,1,5",0
353,35498000,40.10800000000025,-0.0001120331725833333,0.00022803417791666665,0.00027425761708333335,0.26625998875,1265.74,1265.74,1266.0,1265.74,0.0,0.0,0.0,0.0,0.0,0.0,0.0,0.0,0.0035952687,-0.00386158335,-0.0011984251400000002,0.014365213000000002,0.043694355,-9.758766999999999,16.17864957692308,24.895010692307693,101130.85211538461,0.99999934,0.00041710248875,-0.00059373270625,-0.00088831091125,-0.12391166900990098,0.04613761211881188,-15.060842643564357,-0.004014614745544555,-0.004919801270297029,0.052697323504950495,0.27708469999999996,-0.03213114928571428,0.47187650000000003,5314.925537109393,5316.71704101568,5316.805664062543,5314.0336914063255,"1,1,5",0
354,35548000,40.15800000000026,-0.00022198997264150943,0.0001682185583018868,-0.00013806470849056604,0.2666448630188679,1266.24,1266.24,1266.0,1266.24,0.0,0.0,0.0,0.0,0.0,0.0,0.0,0.0,0.0037284323,-0.0018642165,-0.007456848,0.023942016,-0.06105198,-9.848549,16.162758076923076,24.895019615384616,101131.01346153846,0.9999992494339622,0.0005167687964150943,-0.0006865931254716981,-0.0009184243620754718,-0.1257561564,0.04462365188,-15.05807607,-0.004364351316,-0.00564329038,0.05151162768,0.27799138,-0.0336501694,0.47076735,5320.8994140624645,5320.646972656216,5316.938964843746,5313.944335937562,"1,1,5",0
355,35598000,40.208000000000254,-0.0004378864991489361,-6.005080468085108e-05,2.2409755319148923e-05,0.26696439659574467,1266.74,1266.74,1266.0,1266.74,0.0,0.0,0.0,0.0,0.0,0.0,0.0,0.0,0.005459481699999999,-0.0030626324999999998,-0.00186421755,0.007781156400000001,-0.0347157585,-9.829995499999999,16.151923461538463,24.89502653846154,101131.16634615384,0.9999990666666667,0.00067440048,-0.0007110481566666667,-0.0009606810666666667,-0.1273258764,0.04326042588,-15.05607457,-0.004272643116,-0.00651068938,0.05016324168,0.2793868752173913,-0.033344464,0.47011824782608697,5323.34130859388,5321.193359375108,5318.830810546905,5321.4377441407005,"1,1,5",0
356,35648000,40.25800000000025,-0.0007529327676923077,-0.00025241931230769233,0.0004827254276923077,0.26722534153846156,1267.0,1267.0,1266.24,1267.0,0.0,0.0,0.0,0.0,0.0,0.0,0.0,0.0,0.00458062846,-0.005592643060000001,-0.0014913737759999998,0.014604630400000002,0.005027995759999999,-9.8463939,16.139644230769232,24.895033923076923,101131.30153846153,0.9999989166666666,0.0008432411133333334,-0.0007154800466666667,-0.0010074740666666667,-0.1283977302,0.04205148285,-15.05478917,-0.0041684593999999995,-0.00601463739,0.04710631982,0.27753011,-0.0331857958,0.470822666,5331.76171874997,5324.2460937500055,5320.4047851562145,5322.11132812499,"1,1,5",0
357,35698000,40.308000000000256,-0.00033735281125000003,-3.824714016666667e-05,0.00030920208791666674,0.26710988416666664,1267.0,1267.0,1266.74,1267.0,0.0,0.0,0.0,0.0,0.0,0.0,0.0,0.0,0.0018642164499999999,-0.002663162225,-0.0006657893250000004,-0.026036942374999997,-0.038606330999999994,-9.860221750000001,16.15986896153846,24.895039346153848,101131.04153846153,0.99999875,0.00090602692,-0.0007755833538461538,-0.0010436316692307693,-0.12916444019999998,0.04093710035,-15.05394267,-0.0040566294,-0.00468292189,0.04300223082,0.277313625,-0.0326181499,0.47163870199999997,5326.383300781268,5320.639892578142,5318.8354492188,5324.524169921937,"1,1,5",0
358,35748000,40.35800000000026,0.00022408841,0.0001385944763076923,-0.0003909064292307692,0.26704543846153844,1266.76,1266.76,1266.76,1266.76,0.0,0.0,0.0,0.0,0.0,0.0,0.0,0.0,-0.011851069000000002,0.0011984173,0.0013315879999999999,-0.002394203999999997,0.00837987925,-9.914988000000001,16.188762076923076,24.895042307692307,101130.72153846154,0.999998826923077,0.0008199658846153846,-0.0008117361538461539,-0.001016522830769231,-0.12997445009708736,0.039754675242718446,-15.053051262135922,-0.003943286299029126,-0.004042221650485437,0.03934436976699029,0.278620872,-0.0326246816,0.470723638,5322.069335937454,5323.2075195311945,5325.598632812519,5321.20947265625,"1,1,5",0
359,35798000,40.40800000000026,0.00012744920416666667,6.646819625e-05,-0.000264451751,0.2667949175,1266.26,1266.26,1266.26,1266.26,0.0,0.0,0.0,0.0,0.0,0.0,0.0,0.0,-0.00918790325,0.004061325125,0.0025965812499999996,0.007781157175,0.0059856757499999955,-9.76744525,16.13852673584906,24.895046075471697,101131.31886792452,0.9999990636363636,0.0005715578090909091,-0.0008085188545454545,-0.0009948845,-0.1308109986407767,0.038530546601941745,-15.052132330097088,-0.003829015813592233,-0.003825046893203883,0.03596000326213592,0.278355453,-0.033882443899999996,0.470115509,5313.205566406262,5322.335937500039,5322.0812988280595,5316.459960937444,"1,1,5",0
360,35848000,40.458000000000254,0.00010471262461538463,-1.7071721538461533e-05,4.19014776923077e-05,0.26674618615384615,1266.0,1266.0,1266.0,1266.0,0.0,0.0,0.0,0.0,0.0,0.0,0.0,0.0,0.0032290829625,0.0034953983875,-0.0018975033275,-0.013467387624999997,0.0031425625000000013,-9.836876375000001,16.182820132075474,24.89504796226415,101130.79056603773,0.9999991642857142,0.0004525484714285714,-0.0007422555571428572,-0.001009046642857143,-0.1312354776,0.03710885116,-15.051149800000001,-0.0036500766879999998,-0.00363900324,0.03239524732,0.2779763895,-0.0345794835,0.470861432,5316.105664062508,5321.803442382841,5315.945483398416,5317.962548828096,"1,1,5",0
361,35898000,40.50800000000026,0.00015086398766666665,0.0001670039708333333,7.7572898e-06,0.26650410375,1266.0,1266.0,1266.0,1266.0,0.0,0.0,0.0,0.0,0.0,0.0,0.0,0.0,0.0078563209,-0.00386158365,0.0022637006,0.010175358,-0.011970838000000001,-9.826403500000001,16.197237686274512,24.895048,101130.59360784313,0.9999991,0.0004828513672727273,-0.0007543086081818182,-0.0010189329045454546,-0.13133618760000002,0.03553192466,-15.0501173,-0.003420326488,-0.00347741974,0.02868875682,0.2789353395238095,-0.033296359238095236,0.46939465047619044,5316.468672902961,5310.784976356862,5314.744526110149,5313.859272203943,"1,1,5",0
362,35948000,40.55800000000026,0.00016038730984615384,-8.553253615384618e-05,0.0002511304030307693,0.26612797769230767,1265.7623762376238,1265.7623762376238,1266.0,1266.0,0.0,0.0,0.0,0.0,0.0,0.0,0.0,0.0,-0.000266315225,-0.0017310547500000001,0.00039947400000000014,-0.057460839,-0.0329201035,-9.83179,16.137117076923076,24.895046153846156,101131.34661538462,0.9999990615384615,0.0004954864553846154,-0.0008274057553846155,-0.0010274578923076924,-0.13095826583333334,0.03433567241666667,-15.050116833333334,-0.0029671765916666664,-0.0039920830000000004,0.025317764875,0.27894929,-0.033173703,0.471615066,5313.53710937493,5306.140625000092,5314.925781249932,5309.738281249997,"1,1,5",0
363,35998000,40.60800000000026,0.0003197376659183674,-0.000180473916122449,5.828296122448981e-05,0.265826867755102,1265.2673267326732,1265.2673267326732,1266.0,1266.0,0.0,0.0,0.0,0.0,0.0,0.0,0.0,0.0,0.0013315815437528,0.0031957923,-0.000798952435,-0.0029927520000000013,-0.0323215565,-9.831792,16.144519923076924,24.895046,101131.23307692309,0.9999990321428571,0.00048721991142857145,-0.0008168873571428571,-0.0010452116392857143,-0.13020427625,0.033438521375,-15.050927249999999,-0.0023384983625,-0.0050380830000000005,0.0222103789375,0.277855112,-0.0335022718,0.47135664,5306.5705450148635,5313.132277715747,5306.251116071415,5306.716448102678,"1,1,5",0
364,36048000,40.65800000000026,-0.00017736955568627456,0.0004001692284313726,-0.00020990240137254906,0.2655969468627451,1264.7676767676767,1265.0,1265.5353535353536,1265.7676767676767,0.0,0.0,0.0,0.0,0.0,0.0,0.0,0.0,0.0034621124999999996,0.00013315984999999995,-0.0014647399799999998,-0.011372458600000001,-0.00418968075,-9.880870999999999,16.138199615384615,24.895044307692306,101131.30307692308,0.9999990750000001,0.0005539325175,-0.00075776755,-0.0010644253,-0.1291401936,0.03289614636,-15.05161084,-0.0009956277360000001,-0.0050478536880000004,0.01953127392,0.278426024,-0.0332789424,0.471047098,5311.962890625017,5306.054687499933,5309.034179687454,5304.785644531233,"1,1,5",0
365,36098000,40.70800000000026,-0.0003993259458333334,9.174657000000008e-05,4.124618416666666e-05,0.2653382183333333,1264.2626262626263,1265.0,1264.5252525252524,1265.2626262626263,0.0,0.0,0.0,0.0,0.0,0.0,0.0,0.0,0.0033955361,0.0105194855,-0.005526057875,0.01855506675,0.029329142500000002,-9.80784875,16.14433923076923,24.89504076923077,101131.26346153846,0.999999,0.0006559718713636364,-0.0007105245227272727,-0.0011026915090909092,-0.1279016836,0.03255333286,-15.05222309,0.0007489761139999997,-0.004474745388,0.01709307692,0.278811136,-0.0327773422,0.47049045100000003,5308.145507812463,5305.896240234438,5299.99560546873,5298.348632812529,"1,1,5",0
366,36148000,40.758000000000266,0.00017184832615384617,-0.00013511668692307686,-6.588022261538462e-05,0.26506035615384616,1264.0,1264.7623762376238,1264.0,1265.0,0.0,0.0,0.0,0.0,0.0,0.0,0.0,0.0,0.0005326233,0.0074568526,-0.0005326358,0.07661447,-0.008379537,-9.768345,16.131698846153846,24.895039230769232,101131.40384615384,0.9999990384615385,0.0006599940753846154,-0.00048601359230769235,-0.0011335213307692308,-0.1265855213861386,0.031829937425742576,-15.052646113861387,0.002733926014851485,-0.004579409972277228,0.015031256297029703,0.27857865800000003,-0.033959171999999996,0.470517596,5302.797851562425,5296.622558593744,5302.181152343774,5299.638671874969,"1,1,5",0
367,36198000,40.80800000000026,0.00030906211065306123,7.422204673469384e-05,-0.00014436770281632655,0.2647509851020408,1264.0,1264.2673267326732,1264.0,1265.0,0.0,0.0,0.0,0.0,0.0,0.0,0.0,0.0,-0.00259657772750835,0.00885501375,-0.002130529325,-0.014065937999999998,-0.0035911307000000003,-9.843162249999999,16.12399949056604,24.895037566037736,101131.49732075472,0.9999991367346939,0.0006631074804081632,-0.00028815313673469386,-0.0011084477775510203,-0.1252256798019802,0.030892464653465346,-15.052962698019803,0.00485407056930693,-0.005065321803960396,0.013181147386138613,0.2772870465,-0.03270716905,0.471865425,5297.817407226514,5297.6416503906285,5298.3298095702585,5296.0896240234715,"1,1,5",0
368,36248000,40.85800000000026,8.453127305769231e-05,-2.8426427115384634e-05,-0.00031601723673076924,0.26459014923076923,1264.2323232323233,1264.2323232323233,1263.7676767676767,1264.7676767676767,0.0,0.0,0.0,0.0,0.0,0.0,0.0,0.0,-0.001198431275,0.012516858499999998,-0.0006657870000000001,-0.017956511799999998,-0.0011969315000000015,-9.828198,16.142002666666666,24.89503425490196,101131.28541176471,0.9999992,0.0006668855708333334,-4.8946129583333323e-05,-0.0011002823104166667,-0.12385242565656567,0.02998310202020202,-15.053656656565657,0.006330083277777778,-0.004671581541414142,0.013025610464646464,0.2767316069565217,-0.033591654826086954,0.4719214426086956,5291.536621093716,5299.981445312454,5293.976074218747,5298.065917968765,"1,1,5",0
369,36298000,40.908000000000264,-0.00017278837468085107,2.2714645744680858e-05,6.842667446808513e-05,0.26462235914893617,1264.7373737373737,1264.7373737373737,1263.2626262626263,1264.2626262626263,0.0,0.0,0.0,0.0,0.0,0.0,0.0,0.0,0.007257107810000001,0.00366185555,-0.0035952738750000004,-0.008978253749999998,0.04638782325,-9.691429,16.166189692307693,24.895031692307693,101130.97076923077,0.9999991588235294,0.0006760793711764706,0.00016812935882352942,-0.0011072523823529412,-0.12247095090909091,0.029090968181818184,-15.054581909090908,0.0074113055,-0.003738699672727273,0.013908682181818182,0.27695543086956526,-0.03346023652173913,0.4714123656521739,5295.958740234456,5297.210205078192,5289.166503906209,5295.114257812482,"1,1,5",0
370,36348000,40.95800000000027,-0.00022417197307692314,1.0000373076923114e-05,3.3453646153846107e-05,0.26461337846153843,1264.76,1265.0,1263.24,1264.0,0.0,0.0,0.0,0.0,0.0,0.0,0.0,0.0,0.0032623682,0.005126588525000001,-0.0007323677750000002,0.0,-0.05566502875,-9.801265,16.174316,24.895031,101130.87846153846,0.9999991,0.0007291115585714286,0.00025205875714285714,-0.0011527504642857144,-0.1208963752,0.02835350944,-15.05507564,0.0083363255,-0.004165432696,0.01483340144,0.2770900956521739,-0.032458462695652175,0.47270355869565217,5296.819335937486,5294.586914062452,5288.850585937581,5292.652343749972,"1,1,5",0
371,36398000,41.008000000000266,0.00021341941208333334,0.0001716190875,-0.00019249385541666666,0.26458718833333333,1264.26,1265.0,1263.74,1264.0,0.0,0.0,0.0,0.0,0.0,0.0,0.0,0.0,-0.0045939542,-0.0005992044,0.0011984268999999997,0.0407014365,0.01376682975,-9.682151,16.168898115384614,24.89503042307692,101130.96269230769,0.9999991,0.0007045899370833334,0.00028850877916666666,-0.0011673949333333333,-0.11921318019999999,0.027703055440000002,-15.05532664,0.00917348175,-0.005356949096,0.015781547439999998,0.27535245999999997,-0.035041868500000004,0.471332425,5294.730957031257,5296.167236328094,5297.751708984444,5289.662353515674,"1,1,5",0
372,36448000,41.05800000000026,2.721662622641509e-05,-0.00017351786245283017,0.00030045735566037736,0.26483728,1264.0,1264.76,1264.24,1264.0,0.0,0.0,0.0,0.0,0.0,0.0,0.0,0.0,0.0008285379555555553,0.00023672665679788885,-0.0008285388133333334,-0.0010640888888888873,0.027932523666666667,-9.739480111111112,16.159964245283017,24.89503,101131.07358490567,0.9999990673469388,0.0006540112693877551,0.0003530081518367347,-0.001171720930612245,-0.11766862881188118,0.02667658910891089,-15.055823178217821,0.009357614752475247,-0.005977880235643564,0.01633672491089109,0.27747166,-0.03348271,0.47198507,5297.26667131702,5295.510114397295,5295.157087053539,5295.669108072909,"1,1,5",0
373,36498000,41.10800000000027,8.892316680851061e-05,-0.00014320211191489363,0.00029662688127659573,0.2648555574468085,1264.0,1264.26,1264.74,1264.0,0.0,0.0,0.0,0.0,0.0,0.0,0.0,0.0,-0.0004660572375,0.010120013,0.00013315342842950002,-0.0110731845,-0.0065838830000000004,-9.827899500000001,16.132520294117647,24.895028529411764,101131.38235294117,0.9999990361702128,0.0006658377446808511,0.00044964875723404253,-0.0011614125382978723,-0.11620206445544554,0.025438615841584158,-15.056457831683169,0.009174422178217822,-0.006277857166336633,0.016670857584158417,0.27623829899999996,-0.03362539975,0.4711769115,5295.17724609376,5300.415424547696,5293.767218338814,5301.309673108516,"1,1,5",0
374,36548000,41.15800000000027,5.401433692307691e-05,0.00012332884184615387,9.581805999999999e-05,0.26470653846153847,1264.0,1264.0,1264.75,1264.25,0.0,0.0,0.0,0.0,0.0,0.0,0.0,0.0,-0.0019973761499999998,-0.0035952638691670305,-0.00159789918,-0.001197100999999999,0.0167595855,-9.788096,16.145422692307694,24.895027,101131.20692307693,0.9999991,0.000627517923076923,0.00048486313923076926,-0.0011485242846153846,-0.11477353757281553,0.02448355908737864,-15.057476708737864,0.009193044932038836,-0.006047012405825242,0.017213690893203883,0.276385324,-0.0329974936,0.47148512800000003,5294.054687499996,5294.705078124991,5299.5454101561845,5291.694335937516,"1,1,5",0
375,36598000,41.20800000000027,-0.0004981361399999999,-8.300937299999999e-05,-0.00015351425,0.26473624,1264.0,1264.0,1264.2291666666667,1264.7708333333333,0.0,0.0,0.0,0.0,0.0,0.0,0.0,0.0,0.0004660569125,0.0003994772258035,-0.00239684465,-0.03651157825,0.003292199124999999,-9.8401695,16.18641407692308,24.895027,101130.72215384616,0.9999991,0.0006367179125,0.00043813418875,-0.0011402368375,-0.11336832398058252,0.02370190277669903,-15.058731077669904,0.00933536095145631,-0.005490825318446602,0.017884437495145632,0.27639001739130437,-0.034068437565217394,0.46957183304347827,5301.453510485219,5294.998637952336,5296.774336965423,5294.859631990175,"1,1,5",0
376,36648000,41.258000000000266,-2.015760000000002e-05,-0.00023237597,-0.00025839126,0.264599,1264.0,1264.0,1264.0,1264.4615384615386,0.0,0.0,0.0,0.0,0.0,0.0,0.0,0.0,0.0061252676,0.006391592,0.001065262,-0.010773908,-0.037109967,-9.710884,16.14578446153846,24.89502815384615,101131.23292307692,0.9999990642857143,0.0007056861,0.0004565461057142857,-0.0011200912214285714,-0.11230556791666667,0.022839011791666666,-15.060556416666667,0.009249483166666666,-0.00584419,0.018028246416666668,0.27586116,-0.0328329332,0.472337216,5293.151367187424,5293.985839843747,5292.996582031236,5300.779296874953,"1,1,5",0
377,36698000,41.30800000000027,0.00034429680333333335,2.2130359166666657e-05,-6.963849166666692e-06,0.26437711375,1264.0,1264.0,1264.0,1263.5,0.0,0.0,0.0,0.0,0.0,0.0,0.0,0.0,-0.0006657941,0.0041278994,0.0045273743,0.007182605,0.01197117925,-9.7845035,16.09161076923077,24.89503,101131.90384615384,0.9999990318181818,0.0007174469772727273,0.0005395940636363637,-0.0010606094818181818,-0.111511885625,0.021912293562499997,-15.062830375,0.00898431025,-0.0069122025,0.017758032875,0.27624633,-0.0339480085,0.47231497100000003,5287.569091796921,5291.415771484314,5294.909179687552,5296.463867187474,"1,1,5",0
378,36748000,41.358000000000274,0.00028201320769230765,0.00015604739230769228,0.00023602732,0.2641998146153846,1263.7623762376238,1263.7623762376238,1263.7623762376238,1263.2376237623762,0.0,0.0,0.0,0.0,0.0,0.0,0.0,0.0,0.0013315805500000001,-0.0013315808349999999,-0.0013315804149999998,-0.0389057805,0.007781327500000001,-9.799469,16.116891538461537,24.895030307692306,101131.59384615385,0.9999991,0.0007270485821428571,0.0005114293142857143,-0.0010252758357142857,-0.11099124032,0.02108743308,-15.06433252,0.00835029488,-0.00759062684,0.01801024464,0.277325838,-0.0340296652,0.47180928800000005,5293.024832589299,5292.83614676341,5294.078218005942,5292.4354306175865,"1,1,5",0
379,36798000,41.40800000000027,8.865889469387761e-05,-0.000293140296122449,9.794914448979592e-05,0.26394591836734693,1263.2673267326732,1263.2673267326732,1263.2673267326732,1263.7326732673268,0.0,0.0,0.0,0.0,0.0,0.0,0.0,0.0,0.0021305267749999997,-0.0035952694,0.0027963193625000003,-0.016160861749999998,-0.04818314499999998,-9.85453575,16.1537295,24.895031538461538,101131.13384615384,0.9999991,0.0007733526142307693,0.00047778015615384617,-0.0010258292692307692,-0.11062417832,0.02031986758,-15.06540052,0.0075088056299999996,-0.00804990784,0.01855632064,0.276139407,-0.0332120562,0.472967374,5284.678920200863,5285.335239955319,5291.767950148812,5291.830938430081,"1,1,5",0
380,36848000,41.45800000000027,-0.0004461953164705882,-0.0004724012458823529,0.00013352285372549022,0.2640011205882353,1263.2395833333333,1263.2395833333333,1263.0,1264.0,0.0,0.0,0.0,0.0,0.0,0.0,0.0,0.0,-0.0026631616,0.0002663155,0.0013315802,-0.031124622,-0.03351866,-9.76116,16.156980384615387,24.895033923076923,101131.10884615385,0.9999990750000001,0.000855746625,0.00046006694,-0.000985686775,-0.11042733706930694,0.020100164356435645,-15.065871811881188,0.006779906696039604,-0.0075687419108910895,0.021133311009900988,0.27694461200000003,-0.032604305199999996,0.47127053599999996,5287.7934570312855,5288.180175781296,5291.201171874908,5286.440917968754,"1,1,5",0
381,36898000,41.50800000000027,-0.0004574115524444445,-0.0004050647844444444,0.00046642263288888884,0.2642821793333333,1263.7604166666667,1263.7604166666667,1263.0,1264.0,0.0,0.0,0.0,0.0,0.0,0.0,0.0,0.0,0.0066579051,-0.002796316525,-0.0008655229249999999,-0.014365209500000004,-0.05686212875,-9.73811625,16.116026132075472,24.895037566037736,101131.59462264151,0.9999989628571428,0.0009642250142857143,0.0004019916657142857,-0.0010148735571428571,-0.110326244990099,0.020188633663366335,-15.066007455445543,0.006114339814851485,-0.006558574584158416,0.024852690712871287,0.2768794542857143,-0.03397356880952381,0.4734426061904762,5292.687337239708,5289.899716331891,5286.695056733575,5291.877394903296,"1,1,5",0
382,36948000,41.55800000000028,-0.00033625626090909094,-3.933184399999997e-05,0.0001331496069090909,0.26430048527272726,1263.7378640776699,1264.0,1263.2621359223301,1264.0,0.0,0.0,0.0,0.0,0.0,0.0,0.0,0.0,-6.657997999999997e-05,0.00013315876249999996,0.0009321064,-0.030825353250000007,-0.061650528499999996,-9.871295375,16.1877557254902,24.89504054901961,101130.70578431373,0.99999887,0.0010689561823529412,0.0003495816505882353,-0.0010247353764705881,-0.11047576828282829,0.020506853606060606,-15.066024868686869,0.005038482336363636,-0.005326699173737374,0.02635500276767677,0.277947871,-0.0349205171,0.4727009305,5294.836425781224,5289.560961914013,5286.308935546879,5294.535839843768,"1,1,5",0
383,36998000,41.608000000000274,0.0001408596029166667,-5.3442204166666654e-05,-0.00012502893420833334,0.26424665166666667,1263.2524271844661,1264.0,1263.7475728155339,1264.0,0.0,0.0,0.0,0.0,0.0,0.0,0.0,0.0,-0.01757687275,-0.0137152775,-0.0016644619,-0.02633622375,0.0026936477,-9.762956125,16.183164153846153,24.89504446153846,101130.80673076923,0.9999989654545455,0.0009670826045454545,0.00024601908454545456,-0.0010098580818181818,-0.11077889454545455,0.020965888454545455,-15.065969818181818,0.0037111564272727274,-0.0039589381636363635,0.02649846690909091,0.277225462,-0.0339823063,0.470410139,5293.164306640631,5292.634277343822,5293.781494140678,5285.870849609341,"1,1,5",0
384,37048000,41.65800000000027,0.0003306086415384616,-0.00046436134000000005,-3.928901823076923e-05,0.2643574530769231,1263.2376237623762,1264.0,1264.0,1264.0,0.0,0.0,0.0,0.0,0.0,0.0,0.0,0.0,-0.0066579003,-0.0037284298,-0.0021305303,-0.041898537,-0.0059853317,-9.877279,16.176843076923078,24.89504846153846,101130.8476923077,0.9999992200000001,0.0006925273076923077,0.00010646564923076923,-0.0010309661692307693,-0.11136949326732673,0.020865278346534653,-15.065532732673269,0.002223246921306931,-0.0036174613960396037,0.02688290005940594,0.276693058,-0.0333593166,0.47298362,5289.630371093738,5294.016113281246,5293.913574218727,5289.00537109381,"1,1,5",0
385,37098000,41.708000000000276,9.362742836734695e-05,-0.0003729061739183674,-1.4214330612244907e-05,0.2644104567346939,1263.7326732673268,1264.0,1264.0,1264.0,0.0,0.0,0.0,0.0,0.0,0.0,0.0,0.0,0.00412790225,-0.00332895365,-0.0029294721,-0.001197102000000002,0.025737841356915,-9.706693999999999,16.149756576923075,24.89505426923077,101131.19307692307,0.9999993,0.0005845755442857143,3.250317707142857e-05,-0.001044865875,-0.11212179524752476,0.02044986795049505,-15.064880752475249,0.0006450091420990098,-0.003853269514851485,0.027402878277227722,0.277953172,-0.0333731089,0.470990899,5292.392113095253,5296.541713169721,5287.68252418148,5289.326776413679,"1,1,5",0
386,37148000,41.75800000000028,0.00011767935094117648,0.0003742305355294117,-0.00017693596235294112,0.26470704215686275,1264.2323232323233,1264.2323232323233,1264.2323232323233,1264.0,0.0,0.0,0.0,0.0,0.0,0.0,0.0,0.0,-0.0010652706,-0.0031957913,0.006657903,0.0047884043,0.04189871,-9.779117,16.122671,24.895061,101131.52,0.9999993,0.0005743134654545455,-9.221644036363637e-05,-0.0010740305636363636,-0.11269549446601941,0.020388813864077673,-15.063923611650486,0.00039687823196116504,-0.003035095503883495,0.029076289708737862,0.27756305600000003,-0.0347006494,0.47164512399999997,5294.631835937589,5294.665039062412,5296.0527343750955,5297.622558593715,"1,1,5",0
387,37198000,41.80800000000028,-0.00012311369008333333,0.0006330804420833333,-0.00014982334291666668,0.26507255208333336,1264.7373737373737,1264.7373737373737,1264.7373737373737,1264.0,0.0,0.0,0.0,0.0,0.0,0.0,0.0,0.0,-0.0022304040875,-0.003362243124999999,0.0026631572375,0.013916297,0.0758664425,-9.799468125,16.153674773584907,24.89506666037736,101131.11433962264,0.9999993,0.00059677725,-0.00027310763749999997,-0.0010274384750000001,-0.11315972747572815,0.02054494590291262,-15.062779436893205,0.0009639741125436892,-0.0015709324456310682,0.031456644077669904,0.27634839608695655,-0.033160231217391305,0.4721391995652174,5304.364501953079,5293.952636718863,5303.0847167968095,5297.060058593815,"1,1,5",0
388,37248000,41.858000000000274,-3.376977846153851e-05,7.4151546153846325e-06,0.0002529304530769231,0.26523256923076927,1265.0,1265.24,1265.0,1264.0,0.0,0.0,0.0,0.0,0.0,0.0,0.0,0.0,-0.00253001335,0.0106526425,0.001331584175,0.0107739078,-0.0359128585,-9.8611205,16.185822352941177,24.89507437254902,101130.76745098039,0.9999993384615384,0.0005418699307692307,-0.00025472005384615383,-0.0010233127538461539,-0.11372963752,0.0203802472,-15.06157544,0.0011717982800000001,-0.0007446222748,0.03174413908,0.27603537,-0.033992954,0.47026443,5300.927734374968,5303.950683593797,5298.559082031269,5306.652343749965,"1,1,5",0
389,37298000,41.90800000000028,0.0004393246016666667,-0.00021929879458333333,0.00027750128333333334,0.26529442375,1265.0,1265.74,1265.0,1264.0,0.0,0.0,0.0,0.0,0.0,0.0,0.0,0.0,-0.00602539675,0.0052597449875,0.0012317047625000001,-0.030825350625,0.0010476361874999993,-9.89463825,16.14357603773585,24.89507933962264,101131.24339622642,0.9999994346153847,0.00039508020346153843,-9.701792357692308e-05,-0.0010255270192307691,-0.11438257952,0.0199634672,-15.06032444,0.00109733753,-0.0004194822298,0.03038724458,0.27682348,-0.033741719,0.4722922035,5302.49902343751,5309.471653988454,5303.7962582237005,5304.332211143079,"1,1,5",0
390,37348000,41.95800000000028,-5.6293746153846186e-05,-8.532201e-05,0.0004435036584615385,0.26530321,1245.8,1317.84,1245.56,1315.84,0.0,0.0,0.0,0.0,0.0,0.0,0.0,0.0,0.00359526355,-0.007057377849999999,0.00399474875,0.004788403,0.0598552235,-9.7683435,16.136755,24.89508674509804,101131.3368627451,0.9999994673469388,0.00029698242020408165,-8.900540165306123e-05,-0.0010323544142857143,-0.1149341801443299,0.019259566020618558,-15.059429917525774,0.0005715533777319587,-0.0002754004141237113,0.027621014917525773,0.2774091,-0.0319531644,0.4697723,5303.742675781328,5296.12841796881,5307.261230468649,5304.363281249986,"1,1,5",0
391,37398000,42.00800000000028,-0.0002637784,-0.09607980448125,0.0006600908183333334,0.29627161750000003,1205.8,1425.84,1205.06,1423.84,0.0,0.0,0.0,0.0,0.0,0.0,0.0,0.0,-0.0042277661512499995,0.00023302911250000003,0.00219711234375,-0.0020949262500000038,0.039803775124999996,-9.73931325,16.147916698113207,24.89509275471698,101131.18150943395,0.9999964702127659,0.0003322932087234043,-0.0015653262787234043,-0.0010435498234042553,-0.11540615540206187,0.01833006962886598,-15.058815484536082,-0.0003088420191752579,-0.0002735786357731959,0.02374745048453608,0.27754281999999997,-0.0331668625,0.47211992,4617.587633628805,6870.331851371508,4611.656609780132,6865.187294422309,"1,1,5",0
392,37448000,42.05800000000028,-0.00020342406153846162,-0.06636675230769232,0.0003613845289230769,0.3224061753846154,1233.72,1412.16,1232.96,1410.88,0.0,0.0,0.0,0.0,0.0,0.0,0.0,0.0,-0.00426155505,-3.236007,-0.0013306163000000003,-0.029328976,-0.0227446865,-13.218988,16.15084,24.895079470588236,101131.17058823528,0.9984686076923077,0.00026427088,-0.03670843620000001,-0.001064025023076923,-0.11421436484,0.017803723520000002,-15.06382844,0.053689462133699996,-0.0002576773291,-0.05745804345999999,0.309950432,-0.0333554092,0.44885936,5595.863281259176,6380.687499988535,5596.355468759191,6372.307128894976,"1,1,5",0
393,37498000,42.10800000000028,-0.0006767360270833333,0.11829079166666666,-8.170143175e-05,0.30094797041666665,1335.22,1266.66,1334.96,1266.88,0.0,0.0,0.0,0.0,0.0,0.0,0.0,0.0,0.0123183391875,-4.363190662499999,0.0056294246375,0.0011971011375,0.04249729425,-12.255170875000001,16.164304905660376,24.895025528301886,101131.02226415095,0.9908230625,0.00024095221,-0.126170284375,-0.001028339575,-0.11200284684,0.017524469520000002,-15.07229044,0.14132309826870001,-0.00023314663409999999,-0.18606052646,0.4038108385,-0.03570104385,0.3689121425,6684.599660775824,4812.784256778762,6683.889854032275,4822.624151926731,"1,1,5",0
394,37548000,42.158000000000285,-0.00040731448,0.0618122465,9.534124999999996e-06,0.28196408500000003,1355.4455445544554,1213.3366336633662,1355.920792079208,1214.3366336633662,0.0,0.0,0.0,0.0,0.0,0.0,0.0,0.0,-0.0010318494,-1.7165404874999999,-0.003761343625,-0.04309563325,-0.03531428575,-11.3549523125,16.181570909090908,24.894949363636364,101130.79136363637,0.9789054384615384,0.0002714769215384615,-0.20336158846153846,-0.0010106745846153846,-0.09660533965,0.01732367001,-15.08749804,0.3171161922,-0.0006728341253000001,-0.2397152748,0.45793398750000003,-0.032886487,0.2987321075,6053.392089836957,4965.756835942185,6044.918457024511,4961.041992192281,"1,1,5",0
395,37598000,42.20800000000028,3.127312603773587e-05,-0.019461550320754716,-0.00017733154811320754,0.27155703226415095,1287.6237623762377,1259.8712871287128,1289.0891089108911,1260.8712871287128,0.0,0.0,0.0,0.0,0.0,0.0,0.0,0.0,-0.0062585617999999996,0.193345495,-0.000266300602235,-0.109534745,-0.022744741,-10.1873295,16.16979716981132,24.894864924528303,101130.91292452831,0.9739247592857142,0.00019412801928571428,-0.22686542178571428,-0.0010468547928571428,-0.07312609715,0.017170955510000002,-15.106840040000002,0.5469425022000001,-0.0013970424403000003,-0.2474343148,0.463416948,-0.03320623,0.29055319300000004,5177.058447264151,5567.962573243013,5181.729248045398,5571.387011719533,"1,1,5",0
396,37648000,42.25800000000028,0.0002847245029411765,-0.003511334392156864,-0.00021754341352941178,0.2694100256862745,1257.2727272727273,1280.3535353535353,1258.5757575757575,1280.888888888889,0.0,0.0,0.0,0.0,0.0,0.0,0.0,0.0,-0.0021307294,-0.25060347,8.179741e-09,-0.089782566,0.00837988,-9.923965,16.18319330909091,24.894792109090908,101130.76581818183,0.9738913849999999,4.308714e-05,-0.226987105,-0.001040928075,-0.032059495686868694,0.016520703444444444,-15.123043474747476,0.7704207343434344,-0.00216063895959596,-0.22264210191919193,0.46410194857142856,-0.03415124695238095,0.29099207,5304.877487911187,5390.706961493541,5315.878976006413,5395.684035526288,"1,1,5",0
397,37698000,42.308000000000284,2.8154633250000006e-05,0.015634558041666666,0.00028316513500000005,0.27036243541666666,1270.909090909091,1270.2525252525252,1270.6969696969697,1269.7777777777778,0.0,0.0,0.0,0.0,0.0,0.0,0.0,0.0,-0.00106508398,-0.30759519,-0.0017308646000000001,-0.246602775,0.049081312,-9.7785195,16.221808153846155,24.894735576923075,101130.31307692308,0.9722042142857142,-5.0695363714285715e-05,-0.23412069428571428,-0.0011031312142857142,0.01978645481818181,0.015565509,-15.137323272727274,0.990008209090909,-0.0029483766363636366,-0.17792363727272728,0.46830722,-0.034537155,0.28244269,5508.8522949218495,5215.222656250313,5504.308105468546,5206.88159179709,"1,1,5",0
398,37748000,42.35800000000029,-6.649385675471698e-05,-0.003419134169811322,0.0003852914009433962,0.2719117018867925,1273.44,1270.52,1272.68,1269.76,0.0,0.0,0.0,0.0,0.0,0.0,0.0,0.0,0.0008654893049999998,0.3116564725,-0.001863988225,-0.34147306,-0.01167156575,-9.72434875,16.199917283018866,24.89469254716981,101130.57396226414,0.9719329170454545,-3.294762773863636e-05,-0.23522922772727273,-0.0011873091704545456,0.08812944276,0.01472686908,-15.14716544,1.20483458,-0.004314836152,-0.135579678,0.4684996914285714,-0.03347668776190476,0.2820476,5353.453515623812,5397.300537110784,5350.202465819062,5393.03320312636,"1,1,5",0
399,37798000,42.408000000000285,-9.999578531914894e-05,-0.01940740289361702,0.0001694906324468085,0.2732854080851064,1263.94,1282.02,1263.68,1281.76,0.0,0.0,0.0,0.0,0.0,0.0,0.0,0.0,0.003575713,0.5675196857142857,0.005098743171428571,-0.5995766228571429,-0.05250125714285714,-9.801692142857142,16.172750666666666,24.894666333333333,101130.90166666666,0.9743419929411765,4.4030369470588235e-05,-0.22496755647058825,-0.0011705782176470588,0.16575201425999997,0.01395379108,-15.15451144,1.41698283,-0.006006826702,-0.09457137800000001,0.4616898234782609,-0.03452921521739131,0.2938693952173913,5233.6196289060745,5541.0358886722215,5240.122314452943,5549.298339844121,"1,1,5",0
400,37848000,42.45800000000028,4.5812963846153865e-05,-0.020143905384615385,-0.00011536721269230768,0.27410141846153846,1257.8,1289.2,1257.8,1289.68,0.0,0.0,0.0,0.0,0.0,0.0,0.0,0.0,0.0037284019500000002,0.503337455,-0.00332869675,-0.749385135,-0.0077809831,-9.900025750000001,16.206459076923075,24.894652846153846,101130.47423076924,0.9771801323076923,0.00015493425384615386,-0.21232033384615384,-0.0011476809461538461,0.2576498232,0.0135635038,-15.15928528,1.607183304,-0.006961019172,-0.06658760472,0.452190186,-0.034175604,0.30631261,5241.856445312473,5568.636718749963,5237.798828125069,5562.789062500078,"1,1,5",0
401,37898000,42.50800000000029,-0.00020936688625,-0.023873737125,-0.000457645575,0.2743385995833333,1255.3,1291.7,1255.3,1293.18,0.0,0.0,0.0,0.0,0.0,0.0,0.0,0.0,0.001997442597724999,0.51905018,0.005793099224999999,-0.9202714,0.01765741,-9.877578,16.167995076923077,24.894648,101130.95038461538,0.9797266625000001,0.0002664563875,-0.2002489125,-0.0011428148499999999,0.3575774532,0.0133885363,-15.16261228,1.785038154,-0.007500200222,-0.04593012772,0.444921416,-0.0345390817,0.31835343,5214.017822265269,5595.84741210976,5215.762939452759,5601.520751953465,"1,1,5",0
402,37948000,42.55800000000029,-0.000371269172,-0.03201739676923077,-0.00012068376153846153,0.2742463676923077,1251.6,1294.92,1251.6,1296.44,0.0,0.0,0.0,0.0,0.0,0.0,0.0,0.0,0.00079969637,0.5579324,0.005059768,-1.0618286,0.045490015,-10.095152,16.224877538461538,24.894648461538463,101130.28538461539,0.9822492923076923,0.0003283742923076923,-0.18745043461538463,-0.0010946678307692309,0.4681173104,0.01384568464,-15.1644852,1.936043788,-0.006925406072,-0.03545747632,0.43509698,-0.0339371314,0.32845235,5146.189453124713,5659.08593750033,5151.046874999619,5668.781738281398,"1,1,5",0
403,37998000,42.60800000000029,2.8499357666666666e-05,-0.03800159558333333,0.00025820851237499996,0.27361437875,1246.6,1298.92,1246.6,1299.44,0.0,0.0,0.0,0.0,0.0,0.0,0.0,0.0,0.0009321771399999999,0.53143385,-0.000399516035,-1.3491328999999999,0.0071827795,-9.911995,16.178830230769233,24.89465019230769,101130.81615384614,0.9846619375000001,0.0003282769625,-0.17436862625,-0.0011003677875,0.5846265453999999,0.01465839814,-15.1655402,2.0719467380000003,-0.005724000872,-0.030713789319999997,0.42699537800000004,-0.0342298409,0.341257179,5097.844482421624,5703.7438964845,5090.54687499973,5704.665771484559,"1,1,5",0
404,38048000,42.658000000000285,-0.00012302975276923074,-0.042033639461538465,-8.652303238461539e-05,0.2726078830769231,1242.3366336633662,1301.4752475247524,1242.5742574257426,1301.2376237623762,0.0,0.0,0.0,0.0,0.0,0.0,0.0,0.0,-0.01091884,0.45353633,0.0007986891,-1.423353,0.003591478,-10.04607,16.194178615384615,24.894651,101130.63,0.9866905576923076,0.00027010043846153846,-0.1625116276923077,-0.0011038498692307692,0.7080080292079207,0.015558252306930693,-15.166613544554455,2.1824238,-0.005025129534653465,-0.032709473960396036,0.41868491571428573,-0.033181562476190474,0.3520968114285714,5054.034063429792,5721.981143043193,5056.886579240953,5724.649367559645,"1,1,10",0
405,38098000,42.70800000000029,0.00012743291918367348,-0.04477618410204082,-0.00021048110734693879,0.27127557795918367,1238.8712871287128,1302.4653465346535,1239.6039603960396,1301.7326732673268,0.0,0.0,0.0,0.0,0.0,0.0,0.0,0.0,-0.01145140025,0.382563145,0.0033952766,-1.6160864,-0.023941846725,-9.93653775,16.182441961538462,24.894651,101130.75423076923,0.988309808490566,9.457745460377358e-05,-0.1523871569811321,-0.0010682873188679245,0.835255152970297,0.0165071230990099,-15.167697207920792,2.2785988,-0.004608933495049505,-0.03849605514851485,0.4112175461904762,-0.03302669304761905,0.36198491,5011.514453124805,5729.700463867208,5020.046289062291,5731.959863281233,"1,1,10",0
406,38148000,42.758000000000294,0.0003592811467058824,-0.04731958274509804,-0.0004014218147058824,0.27007137941176473,1235.8383838383838,1303.2323232323233,1236.3737373737374,1302.2323232323233,0.0,0.0,0.0,0.0,0.0,0.0,0.0,0.0,-0.011451459,0.31638354,-0.003994748,-1.7477674,-0.04070125,-9.927559,16.245824384615386,24.89465076923077,101130.00923076924,0.9895897957446809,-8.836590944680851e-05,-0.1438754304255319,-0.0010505054170212766,0.9668211513131313,0.017273390373737374,-15.168497595959595,2.3549937646464647,-0.004796882915151515,-0.04482866321212121,0.403647856,-0.03408090455,0.3685157315,4977.687569754323,5746.755487351293,4980.150739397092,5730.7990838913465,"1,1,10",0
407,38198000,42.80800000000029,-4.08986495e-05,-0.04987836520833333,-0.00019970382458333333,0.26897368541666666,1233.3131313131314,1303.7373737373737,1232.8383838383838,1302.7373737373737,0.0,0.0,0.0,0.0,0.0,0.0,0.0,0.0,0.0021968893049999997,0.25779399000000003,0.0007324668000000013,-1.8363527,-0.05207371875,-9.8739885,16.256699,24.894647698113207,101129.9041509434,0.99057731875,-8.715107849999999e-05,-0.13692126,-0.001053894675,1.1010342018181818,0.017927739363636366,-15.169124363636364,2.419265481818182,-0.005355115036363637,-0.05149593290909091,0.39886633,-0.0353287798,0.374302645,4944.958251953047,5746.104492187566,4944.251953124812,5748.778808593695,"1,1,10",0
408,38248000,42.85800000000029,-0.0002595159376923077,-0.05154765115384615,0.00020849052138461536,0.26786314307692305,1231.28,1303.76,1230.52,1303.24,0.0,0.0,0.0,0.0,0.0,0.0,0.0,0.0,0.006391778288888888,0.19269449,0.0020417470444444447,-1.9624473555555555,0.03232189355555554,-9.719659777777778,16.203549,24.894640150943395,101130.50792452831,0.9913182346153846,8.805866092307692e-05,-0.13146061384615385,-0.001009696223076923,1.236712468,0.01835498916,-15.1705756,2.468098948,-0.005280254728,-0.057665206,0.39493260761904764,-0.03469444523809524,0.3781229233333333,4918.873046874833,5748.770786830365,4917.969749813881,5748.718052455367,"1,1,10",0
409,38298000,42.90800000000029,-0.00037609444416666666,-0.05256692783333333,-5.8101467958333336e-05,0.2670326895833333,1229.78,1303.26,1229.52,1303.74,0.0,0.0,0.0,0.0,0.0,0.0,0.0,0.0,-0.00047946904,0.136247328,-0.00047945884,-2.04632396,0.0366314528,-9.6433667,16.175941192307693,24.894632461538464,101130.83096153846,0.9918390365384615,0.00019287953192307692,-0.12748421423076922,-0.0009566756865384614,1.373214918,0.01865449566,-15.1724906,2.508248398,-0.004849279928,-0.06355435599999999,0.39277476,-0.034406254666666664,0.38157008000000003,4897.250205592054,5746.3680869654045,4899.878597861756,5749.958521792754,"1,1,10",0
410,38348000,42.9580000000003,-0.0001293850053846154,-0.053445808000000004,-4.9085860769230777e-05,0.26623733846153846,1228.52,1303.0,1228.28,1303.52,0.0,0.0,0.0,0.0,0.0,0.0,0.0,0.0,0.0013316079000000001,0.07922905250000001,-0.00053257365,-2.0644005500000002,0.022745087650000002,-9.738415,16.20893011764706,24.89462094117647,101130.4537254902,0.9921722333333334,0.00021332759666666668,-0.12487121,-0.0009078858333333333,1.5106089076923077,0.019192984461538463,-15.175031692307693,2.539596846153846,-0.0038986949384615384,-0.06853383769230768,0.3904914,-0.034157414,0.38286588,4884.952148437405,5743.2294921875355,4883.953613281162,5749.169921875018,"1,1,10",0
411,38398000,43.008000000000294,0.00025437976,-0.054037517875,0.000257058003125,0.26555764249999997,1227.52,1303.0,1226.78,1302.52,0.0,0.0,0.0,0.0,0.0,0.0,0.0,0.0,-0.00053266963125,0.047470854374999996,-0.0007656756624999999,-2.0702364625,0.04144979225,-9.762955999999999,16.188736357142858,24.894610142857143,101130.70421428571,0.9923599408163265,0.00017639338306122448,-0.12337269020408163,-0.0009229145632653062,1.6485043884615385,0.019865900807692308,-15.17792496153846,2.565994730769231,-0.002655829217307692,-0.07300163096153846,0.3901054765217391,-0.03345375373913043,0.3841454186956522,4872.528680098658,5745.451531661305,4870.367315994916,5746.752441406118,"1,1,10",0
412,38448000,43.05800000000029,0.00022330254972307694,-0.05424656076923077,0.0003435913130769231,0.2648781946153846,1226.28,1303.48,1225.52,1302.0,0.0,0.0,0.0,0.0,0.0,0.0,0.0,0.0,-0.00825582,0.0145142235,0.00013317915000000003,-2.1290442499999997,-0.0005983834999999998,-9.5696245,16.20496637735849,24.894595924528303,101130.52750943396,0.9924448156862745,3.3170987450980395e-05,-0.12268834754901961,-0.0009566552588235294,1.7874624916666668,0.020794723625,-15.180699208333333,2.589459983333333,-0.0016027146791666666,-0.07566601333333334,0.3892392625,-0.034827876375,0.38423476874999996,4860.369954427008,5739.43912760412,4859.943103608611,5734.204775855606,"1,1,10",0
413,38498000,43.108000000000295,0.0003506254375916667,-0.055304570166666664,0.00048583232458333336,0.26444644125,1224.78,1304.48,1224.52,1302.0,0.0,0.0,0.0,0.0,0.0,0.0,0.0,0.0,-0.009187907,0.00253000105,0.00679106265,-2.1116859999999997,-0.0341172065,-9.5510695,16.171001156862747,24.89458111764706,101130.93970588235,0.9924641875,-0.00011960305749999999,-0.122531489375,-0.0009659295374999999,1.9272555125,0.0219246158125,-15.1833799375,2.610621025,-0.0006986903562500001,-0.07691343,0.389841576,-0.035186099,0.38414273699999996,4849.34057617182,5738.30566406255,4850.001464843631,5735.916748046838,"1,1,10",0
414,38548000,43.1580000000003,0.0005174345276923077,-0.05610408384615385,0.0003536933076923077,0.2642584315384615,1223.76,1304.52,1223.52,1302.48,0.0,0.0,0.0,0.0,0.0,0.0,0.0,0.0,-0.0031957987,0.00079894776,0.004261055,-2.2457612,-0.051475175,-9.55526,16.218918142857145,24.89456607142857,101130.35035714286,0.992450076923077,-0.00023620625076923077,-0.12264558769230768,-0.0009447085615384615,2.06747396,0.0235018234,-15.1856394,2.628329016,0.000555834496,-0.0779594472,0.38939293142857145,-0.03538199047619048,0.38391554857142857,4830.269042968743,5745.76367187498,4836.039062500002,5746.264160156279,"1,1,10",0
415,38598000,43.2080000000003,-0.0002457624412499999,-0.056550844833333336,-3.4517405e-05,0.26396798416666667,1223.26,1303.52,1222.52,1303.48,0.0,0.0,0.0,0.0,0.0,0.0,0.0,0.0,0.009442137018181819,-0.022612651,-0.0018642010181818183,-2.2398846,0.031015963381818185,-9.585839772727272,16.22433580769231,24.89454846153846,101130.28346153846,0.9924053875000001,-0.0002211594935,-0.12300686,-0.0008808506275,2.20793171,0.0253306459,-15.1876619,2.644094666,0.002007515896,-0.0788921772,0.3887884591304348,-0.03352115113043479,0.38530668173913046,4831.048828125047,5743.435058593758,4825.22314453112,5748.729492187483,"1,1,10",0
416,38648000,43.258000000000294,-0.0005107511946153846,-0.05692009184615385,-0.00013931185923076923,0.2636339938461538,1222.52,1303.24,1222.24,1303.76,0.0,0.0,0.0,0.0,0.0,0.0,0.0,0.0,-0.00119840995,-0.035420051,0.0009321241500000002,-2.2170312,-0.0011969340000000002,-9.551071499999999,16.220183076923078,24.894530307692307,101130.34215384616,0.992309726923077,-0.00012668437523076924,-0.12377617153846154,-0.0008579359246153847,2.34881346,0.02761782936,-15.19000056,2.658926332,0.003235636656,-0.0796991424,0.3903206,-0.03439712,0.38354728,4830.9003906249645,5741.262207031255,4821.574707031259,5745.135742187534,"1,1,10",0
417,38698000,43.3080000000003,0.0004899727162499999,-0.05735840775,-0.00051413957375,0.2633390029166667,1221.52,1303.74,1222.74,1303.26,0.0,0.0,0.0,0.0,0.0,0.0,0.0,0.0,-0.010071547090909091,-0.03585584090909091,0.002760048309090909,-2.2631735545454545,-0.04788387763636364,-9.517386636363636,16.230656,24.894512499999998,101130.22200000001,0.9921863962499999,-0.00028501256875,-0.124760675,-0.00082085405,2.48993371,0.030162840859999998,-15.19251706,2.673232632,0.004338004556,-0.0804353649,0.3912896069565217,-0.03515038930434783,0.38352534217391304,4816.137207031146,5740.142333984368,4822.96459960935,5743.327392578074,"1,1,10",0
418,38748000,43.3580000000003,0.0007373428615384615,-0.058166857076923074,-0.00019425241769230773,0.26313259538461536,1221.0,1304.0,1222.52,1303.24,0.0,0.0,0.0,0.0,0.0,0.0,0.0,0.0,-0.008425276181818181,-0.02975477027272727,0.0016947513545454544,-2.292121581818182,-0.006529476890909091,-9.471353363636364,16.199956923076922,24.89449423076923,101130.57076923078,0.9920701784615384,-0.000555195876923077,-0.1256811730769231,-0.0007860772384615384,2.630576232,0.03247811316,-15.195108119999999,2.686151252,0.004860994600000001,-0.0803548386,0.39015914,-0.0345171624,0.382367976,4803.361328125028,5749.383300781317,4813.981933593634,5749.236328125017,"1,1,10",0
419,38798000,43.4080000000003,0.00011316139083333333,-0.05870886354166667,0.000128059339375,0.2630205829166667,1221.0,1304.0,1221.52,1303.74,0.0,0.0,0.0,0.0,0.0,0.0,0.0,0.0,-0.00439423845,-0.030493192500000002,0.00239687155,-2.3451205,0.040701600000000004,-9.544487,16.204700037735847,24.894475698113208,101130.49490566038,0.991962620754717,-0.0006818047939622641,-0.1265262424528302,-0.0007772061754716981,2.770950032,0.03466415716,-15.19774112,2.698289302,0.0050580846,-0.07981489110000001,0.392556414,-0.0355102753,0.38035826100000003,4799.86450195306,5755.098388671884,4803.0214843749845,5752.254394531293,"1,1,10",0
420,38848000,43.4580000000003,-0.00024348609018867926,-0.05887040220754717,-1.6539766886792448e-05,0.26258347320754716,1220.52,1304.0,1220.52,1304.24,0.0,0.0,0.0,0.0,0.0,0.0,0.0,0.0,-0.0042609824,-0.038615856,-0.005858893,-2.3175874,0.06464362,-9.692927,16.267105927272727,24.894457436363638,101129.76490909091,0.9918404806818182,-0.0007444476327272727,-0.12748,-0.0007722072227272727,2.9116016239999998,0.03664913012,-15.20038788,2.70983516,0.00524045684,-0.0802180156,0.39406550695652176,-0.036266412739130435,0.3815521765217391,4792.150971912162,5754.362885974721,4796.240955171044,5752.273553757407,"1,1,10",0
421,38898000,43.5080000000003,-0.0004633576191489362,-0.05955506544680851,-0.00011582633574468085,0.2622560514893617,1219.52,1304.0,1219.52,1304.74,0.0,0.0,0.0,0.0,0.0,0.0,0.0,0.0,0.00213055035,-0.039547941,-0.000532648845,-2.34931075,-0.025737502500000002,-9.639655999999999,16.270201615384615,24.894439346153845,101129.735,0.9917052247058824,-0.0007112660294117647,-0.12852838294117647,-0.00077880737,3.052409474,0.038521000619999995,-15.20304238,2.72104791,0.00541455034,-0.0811516181,0.39234353695652174,-0.037116930217391306,0.3798957565217391,4788.903076171747,5750.212402343912,4787.60791015614,5751.169921875026,"1,1,10",0
422,38948000,43.558000000000305,-0.00011654032783076922,-0.060810312461538465,-0.0002976325692307692,0.26221925076923075,1219.0,1304.24,1219.24,1305.0,0.0,0.0,0.0,0.0,0.0,0.0,0.0,0.0,-0.0010652562,-0.032224260000000005,-0.0042610441500000006,-2.40318025,-0.0323215635,-9.4570975,16.210812754716983,24.894419698113207,101130.42037735849,0.9915821061538461,-0.0006755911576923077,-0.12947508384615386,-0.0007855182584615385,3.193772364,0.0404904932,-15.20599032,2.7319477,0.00535278992,-0.07935297228,0.395102176,-0.033697228,0.378444204,4777.922363281157,5760.147460937477,4771.381347656282,5756.24511718756,"1,1,10",0
423,38998000,43.6080000000003,0.0002336471115041666,-0.060747740333333335,-0.00023880425379166662,0.26238104624999997,1219.0,1304.74,1219.74,1305.0,0.0,0.0,0.0,0.0,0.0,0.0,0.0,0.0,-0.0022636794,-0.042610579999999995,0.0019974049000000002,-2.40318025,-0.01556214785,-9.348760500000001,16.212151529411766,24.894402,101130.43000000001,0.9914567226923077,-0.0007083465234615384,-0.1304307146153846,-0.0008118101461538462,3.335447464,0.0425148982,-15.20910332,2.74267145,0.00515836167,-0.07601743678,0.396323306,-0.0343990583,0.3806673,4776.919433593779,5756.447753906328,4777.552978515642,5758.919189453175,"1,1,10",0
424,39048000,43.6580000000003,0.0005413040323076923,-0.06138845584615384,-4.000706515384615e-05,0.26253367,1219.0,1305.2376237623762,1219.2871287128712,1305.2376237623762,0.0,0.0,0.0,0.0,0.0,0.0,0.0,0.0,-0.0037284002,-0.04207795,0.00079898577,-2.4648306,0.03950449,-9.483435,16.241021283018867,24.894385283018867,101130.0775471698,0.99131102,-0.0007641386,-0.13153380333333334,-0.0008182373666666667,3.4779483217821783,0.04425197865346534,-15.212073029702971,2.7538993504950495,0.004567282066336633,-0.07429669025742575,0.394282856,-0.0332067996,0.3787887,4776.591796874856,5763.579101562607,4780.647460937377,5760.51367187512,"1,1,10",0
425,39098000,43.708000000000304,-3.7347653061229735e-07,-0.06223779930612245,0.00010906684918367345,0.2624075293877551,1219.0,1305.7326732673268,1217.8019801980197,1305.7326732673268,0.0,0.0,0.0,0.0,0.0,0.0,0.0,0.0,0.0030848183750000003,-0.031158985333333333,0.0026853488250000003,-2.446973916666667,-0.003790652749999998,-9.566431,16.272911,24.894368363636364,101129.67454545455,0.991183437735849,-0.0007505058905660377,-0.1324920737735849,-0.0008200297415094339,3.620913668316832,0.045827439049504946,-15.214962138613862,2.7654108356435643,0.0037530860762376235,-0.07348426253465347,0.397204511,-0.0351234086,0.37748777499999997,4767.439843750002,5774.137207031247,4768.798950195296,5772.580664062518,"1,1,10",0
426,39148000,43.75800000000031,-0.0006266736917307692,-0.06197261705769231,0.0001059589701923077,0.2622856419230769,1218.77,1306.23,1217.0,1306.23,0.0,0.0,0.0,0.0,0.0,0.0,0.0,0.0,0.006270529727272728,-0.034209523636363634,0.002590500172727273,-2.4392566545454546,0.04178986818181818,-9.391147363636364,16.272911,24.894352,101129.72,0.9910601159090909,-0.0006211651159090908,-0.13341203931818182,-0.00080001185,3.7644252454545457,0.047685468020202015,-15.217955696969698,2.7770288040404036,0.004659158607070707,-0.07148142131313132,0.3967108535,-0.0346825425,0.377401467,4769.96923828125,5768.5029296875,4766.75341796875,5772.33740234375,"1,1,10",0
427,39198000,43.808000000000305,-0.00042530169875,-0.062691071875,4.4812022499999995e-05,0.26236917,1218.27,1306.73,1217.0,1306.73,0.0,0.0,0.0,0.0,0.0,0.0,0.0,0.0,-0.0043371447857142855,-0.026060937857142856,0.0039947454571428575,-2.4793668285714285,0.06378854342857143,-9.367658285714286,16.268718142857143,24.894335035714285,101129.73785714286,0.9909414019230769,-0.0005566744819230769,-0.13429114961538463,-0.0007585262269230769,3.9082716090909093,0.04971668418181818,-15.221013272727273,2.788712036363636,0.006619589263636363,-0.06874897181818182,0.398187749,-0.0354300714,0.37475885400000003,4759.795084635367,5772.462355840817,4760.04227120535,5781.386951264935,"1,1,10",0
428,39248000,43.8580000000003,9.4534314117647e-05,-0.06353888549019608,0.0003169372407843137,0.2624285123529412,1217.5353535353536,1307.2323232323233,1216.7676767676767,1307.0,0.0,0.0,0.0,0.0,0.0,0.0,0.0,0.0,-0.00532632625,-0.0157126525,0.0039947374,-2.5127146,0.04848275,-9.4948055,16.25232423076923,24.894316923076925,101129.91769230769,0.9908491137254902,-0.0006527140043137255,-0.1349704937254902,-0.0007249722156862746,4.052421644,0.05145688936,-15.22419112,2.799859056,0.007606245324,-0.06729252200000001,0.39701715,-0.035866786,0.37639996,4750.034667968747,5781.875000000033,4757.518554687487,5792.7045898436745,"1,1,10",0
429,39298000,43.90800000000031,0.0006854122708333333,-0.06406666275,0.0002003921591666667,0.26232843541666667,1216.5252525252524,1307.7373737373737,1216.2626262626263,1307.0,0.0,0.0,0.0,0.0,0.0,0.0,0.0,0.0,-0.006706314272727273,-0.024501088636363636,0.003244219336363636,-2.458410290909091,0.03471609381818181,-9.431850545454544,16.268396384615386,24.894301884615384,101129.74,0.9907634375,-0.0008804895375,-0.1355968175,-0.0007031788875,4.196742494,0.053033400859999996,-15.22743662,2.810704456,0.008045153174,-0.066553822,0.39851864130434783,-0.035441253739130436,0.3733439195652174,4746.075195312481,5787.917968750093,4755.143310546839,5787.420654296879,"1,1,10",0
430,39348000,43.95800000000031,0.0004844602769230769,-0.06455934092307693,0.0002268283676923077,0.26218868461538464,1216.0,1308.0,1215.7623762376238,1307.0,0.0,0.0,0.0,0.0,0.0,0.0,0.0,0.0,-0.0075900248749999994,-0.021305282000000002,-0.001597919355,-2.57316885,0.02603711825,-9.53460975,16.269298692307693,24.894285153846152,101129.75923076922,0.9906702115384616,-0.0010899393692307693,-0.13627493384615386,-0.0007238650461538461,4.341249603960396,0.054417227613861384,-15.230578861386139,2.8207727603960393,0.00741937100990099,-0.06661021237623763,0.39895384285714286,-0.03504429523809524,0.37464611190476194,4739.229492187547,5796.005859375008,4746.135742187486,5791.251953124949,"1,1,10",0
431,39398000,44.00800000000031,0.00017896847795918368,-0.06494715275510204,0.0005455229755102041,0.2619747081632653,1216.0,1308.0,1215.2673267326732,1307.0,0.0,0.0,0.0,0.0,0.0,0.0,0.0,0.0,0.010196121428571429,-0.03260469728571429,-0.0015598174285714286,-2.5308420857142857,-0.027533159714285715,-9.443244,16.278313679245283,24.894268811320753,101129.62226415094,0.9905702430612245,-0.0010945371510204082,-0.13699912734693878,-0.00078057,4.485861485148515,0.0556926691980198,-15.23366301980198,2.8304039485148516,0.006194700712871287,-0.06711384108910891,0.3989935435,-0.0360712695,0.372828657,4743.187941778295,5791.734235491046,4741.517833891264,5786.936662946407,"1,1,10",0
432,39448000,44.058000000000305,4.233089019230771e-05,-0.06555551076923076,0.00036698943749999995,0.2619887230769231,1216.0,1308.2323232323233,1215.0,1307.4646464646464,0.0,0.0,0.0,0.0,0.0,0.0,0.0,0.0,0.009350635666666666,-0.029176418777777775,2.9591777777777765e-05,-2.5405138333333332,-0.03258758211111111,-9.368512166666667,16.23074705882353,24.894252333333334,101130.2119607843,0.9904611664583334,-0.0008940261833333333,-0.13778688041666667,-0.0008076998333333334,4.631107067961165,0.056757499291262135,-15.236771446601942,2.8392386932038836,0.0048321807029126215,-0.06474180893203883,0.39996234399999997,-0.036716976,0.37303264,4735.207031249959,5793.4165039062755,4731.475585937517,5791.232910156369,"1,1,10",0
433,39498000,44.10800000000031,-0.00037609980212765956,-0.06589362382978722,0.00013304451638297872,0.26229607978723407,1216.0,1308.7373737373737,1215.0,1308.4747474747476,0.0,0.0,0.0,0.0,0.0,0.0,0.0,0.0,0.0070573863125,-0.0338221535,0.004294302525,-2.5405470625,-0.019751999500000006,-9.375543375,16.253227115384618,24.894237192307692,101129.94769230769,0.99035717,-0.0006651976307692308,-0.1385332,-0.000761342825,4.776741048543689,0.05769324492233009,-15.239894747572816,2.847585295145631,0.003385172159223301,-0.06060727495145631,0.399330992,-0.0345356093,0.373607698,4733.64111328127,5795.569335937542,4736.984375000044,5804.905517578172,"1,1,10",0
434,39548000,44.158000000000314,-0.0002917501551698113,-0.06595829867924528,0.00035228981150943397,0.2625024896226415,1215.76,1309.24,1215.0,1309.0,0.0,0.0,0.0,0.0,0.0,0.0,0.0,0.0,-0.00026637802,-0.030093724,0.0015978593,-2.6048913,-0.009576646,-9.312249,16.25492786792453,24.894221735849055,101129.91566037736,0.9902417541666667,-0.0005045026458333333,-0.13935698125,-0.0007080174729166667,4.923273991666667,0.05846505795833333,-15.243159291666668,2.8565932291666667,0.002278435891666667,-0.05838868916666667,0.40244811,-0.034930982,0.370258584,4731.182617187599,5809.8334960937345,4734.8271484374845,5812.49072265615,"1,1,10",0
435,39598000,44.20800000000031,0.0001658804615744681,-0.06632548393617022,0.0001881960876595745,0.2624591393617021,1215.26,1309.74,1215.0,1309.0,0.0,0.0,0.0,0.0,0.0,0.0,0.0,0.0,-0.0006657563099999999,-0.033688993,-0.00199737948,-2.5749645,-0.0011969359999999991,-9.434949750000001,16.264072784313726,24.894206470588237,101129.79431372549,0.99012344,-0.00045737212854545455,-0.14019527945454546,-0.0007144355636363636,5.0705132625000005,0.0591080668125,-15.2465348125,2.86612078125,0.0014390564125,-0.05767549125,0.400825078,-0.0363335215,0.37088455200000003,4733.264892578062,5806.4714355469005,4733.432128906248,5805.7241210937755,"1,1,10",0
436,39648000,44.25800000000031,-0.00013441510509433962,-0.0673837891509434,-3.836249358490568e-05,0.2622279975471698,1214.52,1309.76,1214.76,1309.24,0.0,0.0,0.0,0.0,0.0,0.0,0.0,0.0,0.0031958073,-0.01837581,-0.0005326513,-2.70066,0.06105231,-9.447519,16.27981962264151,24.89419049056604,101129.61226415094,0.9900169244444444,-0.00041633391622222224,-0.14094610022222223,-0.00071298016,5.218112744,0.05946498552,-15.25017304,2.875607596,0.0008935134544,-0.058138268640000004,0.40219022571428575,-0.03419954380952381,0.3718507342857143,4726.3227539061545,5812.284853980724,4726.621442522219,5810.0707310268235,"1,1,10",0
437,39698000,44.30800000000031,-0.00043519018489361703,-0.06793465736170212,-0.0002936741629787234,0.2619396676595745,1213.52,1309.26,1214.26,1309.74,0.0,0.0,0.0,0.0,0.0,0.0,0.0,0.0,-0.0018642299249999998,-0.01624528325,0.0017310527999999997,-2.6237462000000003,0.009876245500000005,-9.3466665,16.289112352941178,24.894174647058822,101129.50294117647,0.9899380058823529,-0.0003428766529411765,-0.14149948823529412,-0.0006841582305882353,5.365914844,0.05966097852,-15.25395904,2.885071496,0.0005132535394,-0.059262532140000004,0.40189588499999995,-0.033739185000000005,0.369924025,4714.498291015609,5812.925048828068,4713.828125000003,5813.625488281249,"1,1,10",0
438,39748000,44.35800000000032,-2.5239366226415086e-05,-0.06803830913207547,0.0001709727060377358,0.2617144875471698,1213.0,1309.0,1213.52,1310.0,0.0,0.0,0.0,0.0,0.0,0.0,0.0,0.0,-0.0034621018,-0.019707384,-0.0074568787,-2.7042508,-0.043095473,-9.473858,16.31383622641509,24.89415930188679,101129.20509433963,0.9898565448979592,-0.00033922964285714287,-0.14206843061224492,-0.000702178090612245,5.514115015384615,0.060043677230769234,-15.257581076923076,2.8936156692307695,6.268684076923082e-05,-0.059727144846153844,0.40310895,-0.03468812,0.3698079,4710.814360119033,5818.562779017963,4707.9246186755,5806.168968563881,"1,1,10",0
439,39798000,44.408000000000314,-0.00028483365957446814,-0.06848670691489361,0.0004678632923404255,0.26155430340425534,1213.0,1309.0,1212.52,1310.0,0.0,0.0,0.0,0.0,0.0,0.0,0.0,0.0,-0.0019307600375,-0.02336924475,-0.0047936841,-2.6767175,0.012270446899999999,-9.313446500000001,16.30411794117647,24.89414382352941,101129.32235294118,0.9897597882352941,-0.0003042284305882353,-0.14274048470588235,-0.0007722106117647059,5.662539101923077,0.06053139790384615,-15.261110884615384,2.9016424961538463,-0.0004274274236538461,-0.05982070398076923,0.40323174217391305,-0.03429231217391304,0.36980943260869564,4709.73095703126,5815.518310546832,4704.101562499926,5805.053955078196,"1,1,10",0
440,39848000,44.45800000000031,-0.0009485424905660378,-0.06917793141509435,-5.099702716981132e-05,0.2616426524528302,1212.76,1309.24,1212.24,1310.0,0.0,0.0,0.0,0.0,0.0,0.0,0.0,0.0,0.009078946636363636,-0.01505897509090909,0.0020579011818181816,-2.7218811818181816,0.02361569853636364,-9.360458363636363,16.257585188679247,24.89412933962264,101129.85886792453,0.9896677244897959,-0.0001531253444897959,-0.14337737510204082,-0.0007841303469387755,5.811749770833333,0.061121365625,-15.264248916666666,2.909573304166667,3.331214583333344e-05,-0.05875838183333333,0.4028364060869565,-0.035668015,0.36992132217391305,4703.820800781244,5817.786621093753,4699.355957031237,5824.545410156315,"1,1,10",0
441,39898000,44.508000000000315,-0.0006505652369361702,-0.06938564489361702,-0.00021995920914893617,0.26173163872340427,1212.26,1309.74,1212.74,1310.0,0.0,0.0,0.0,0.0,0.0,0.0,0.0,0.0,0.0057923937499999995,-0.02336923975,-0.000599224,-2.7416605499999998,0.04130015000000001,-9.44303275,16.268216,24.894115333333335,101129.72,0.9895824000000001,8.14105694117647e-06,-0.1439653,-0.0007474566176470588,5.96157846875,0.0617916703125,-15.267079125,2.91742866875,0.0012411511562500002,-0.05678786725,0.40446858,-0.03403385343478261,0.3681588495652174,4704.454589843837,5819.235839843756,4698.2104492188655,5828.247558593688,"1,1,10",0
442,39948000,44.55800000000032,0.0002316218252307693,-0.06947767492307692,4.669725307692314e-05,0.2618111523076923,1212.0,1310.0,1212.7623762376238,1310.2376237623762,0.0,0.0,0.0,0.0,0.0,0.0,0.0,0.0,-0.0137152725,-0.02856240975,-0.0015978889400000001,-2.7581205,0.02992769,-9.455303375,16.308665230769233,24.89410107692308,101129.25,0.9894784214285715,-8.532488171428571e-05,-0.14467789642857143,-0.0007788755642857143,6.112188324752475,0.06254047021782179,-15.269398594059405,2.925220211881188,0.0020060077346534654,-0.05504338655445545,0.40395720782608696,-0.033460387782608694,0.3685098695652174,4700.259277343737,5826.185546875125,4699.913574218741,5820.563476562491,"1,1,10",0
443,39998000,44.60800000000032,0.00034237446710204086,-0.06982620036734694,5.390061918367347e-05,0.2618819302040816,1212.0,1310.0,1212.2673267326732,1310.7326732673268,0.0,0.0,0.0,0.0,0.0,0.0,0.0,0.0,-0.0055926655,-0.0213052885,0.0071905265,-2.7706901999999998,0.038905945,-9.3433745,16.279231461538462,24.8940865,101129.61653846153,0.9893687351219512,-0.00036864315268292684,-0.14542557146341462,-0.0008273356834146341,6.263237582178218,0.06333342368316833,-15.271430772277228,2.9329758554455445,0.002521686695049505,-0.053426049920792085,0.40555443,-0.034234722999999995,0.36848341,4696.953636532703,5825.184175037124,4705.884347098214,5831.1218610491715,"1,1,10",0
444,40048000,44.658000000000314,0.0003485846551372549,-0.07015067529411764,0.00013513325509803927,0.26161120156862744,1211.5533980582525,1310.2233009708739,1211.7766990291261,1311.2233009708739,0.0,0.0,0.0,0.0,0.0,0.0,0.0,0.0,-0.006125262,-0.020772658,-0.0013315901,-2.7581205,-0.021547653,-9.466674,16.287718846153847,24.894073538461537,101129.49846153846,0.9892726058181818,-0.0005182580778181818,-0.14607783636363636,-0.0008069361781818182,6.4146057545454545,0.06404292957575758,-15.273549151515152,2.9411913090909088,0.0021950216494949497,-0.05258891988888889,0.40572727999999997,-0.0342631968,0.366990066,4694.135742187442,5826.853027343863,4695.461425781172,5826.355468749934,"1,1,10",0
445,40098000,44.70800000000032,0.00038094878619230764,-0.07084530961538461,0.000215058775,0.2614724353846154,1210.5825242718447,1310.7087378640776,1211.2912621359224,1311.7087378640776,0.0,0.0,0.0,0.0,0.0,0.0,0.0,0.0,-0.00865526405,-0.008921598,-0.003728434545,-2.7826611999999997,-0.0020947665000000046,-9.26137275,16.25701923076923,24.8940595,101129.88307692307,0.9891996538461538,-0.0006208064961538461,-0.14657073653846156,-0.0008577805461538462,6.566169390909091,0.06470129018181818,-15.275720363636363,2.9496885818181817,0.0013520812454545456,-0.052229981,0.405559994,-0.0343958331,0.36584915500000004,4686.020507812512,5837.636718750003,4685.572998046851,5825.414794921934,"1,1,10",0
446,40148000,44.75800000000032,-0.0003966022319166666,-0.0714402625,-0.0003535499525,0.26181337833333335,1210.4166666666667,1311.0,1211.0,1311.7916666666667,0.0,0.0,0.0,0.0,0.0,0.0,0.0,0.0,0.005592621,-0.017843185,0.0005326202,-2.8107927,-0.051475182,-9.351751,16.258824999999998,24.894046846153845,101129.86523076922,0.9891406233333333,-0.0006189619133333333,-0.14696872,-0.0008802604666666667,6.718280364,0.0653118616,-15.2776876,2.957905904,0.0008334374008,-0.05068760684,0.40627947600000003,-0.035828656,0.36697985,4684.832519531277,5839.630859375032,4684.891113281202,5843.908203125058,"1,1,10",0
447,40198000,44.80800000000032,-0.0005198478033333334,-0.07122906104166667,-2.0377196166666663e-05,0.26195760083333336,1211.4583333333333,1311.0,1211.0,1311.2708333333333,0.0,0.0,0.0,0.0,0.0,0.0,0.0,0.0,0.0082557955,-0.024101614,-0.00119840923581375,-2.75452925,-0.038307068,-9.3924545,16.31155346153846,24.8940335,101129.22592307693,0.9890624375,-0.00047279067374999997,-0.14749427375,-0.0008349231125,6.870699214,0.0658955516,-15.2795401,2.965965754,0.0004972103708000001,-0.048479550340000004,0.40525032,-0.0370462534,0.36567028,4689.544677734356,5839.3034667968695,4686.127197265646,5844.261474609324,"1,1,10",0
448,40248000,44.85800000000032,-3.618016907692308e-05,-0.071261305,0.00016754056538461539,0.2619624276923077,1211.52,1311.24,1211.0,1311.48,0.0,0.0,0.0,0.0,0.0,0.0,0.0,0.0,-0.0066579017,-0.028762147,0.002130474,-2.7916393,0.029927688,-9.317036,16.31913769230769,24.894021,101129.17138461539,0.9889630307692308,-0.00044056093384615383,-0.14815953384615385,-0.0008037991846153846,7.023533103999999,0.06617299712000001,-15.281252120000001,2.973765668,0.000488199296,-0.04678253288,0.406980908,-0.0352894312,0.364890056,4688.578124999935,5836.287597656361,4691.261718749908,5837.0541992188355,"1,1,10",0
449,40298000,44.90800000000032,0.00010783358712500001,-0.07230739583333333,-8.96068808333333e-05,0.2620410025,1210.52,1311.74,1211.0,1312.48,0.0,0.0,0.0,0.0,0.0,0.0,0.0,0.0,-0.0113184375,-0.013981595,-0.000332911975,-2.80839875,0.031124786,-9.37449825,16.31155346153846,24.894008461538462,101129.24519230769,0.9888805525,-0.00057912744375,-0.14870907375,-0.00076816011,7.176600454,0.06627818012,-15.282885120000001,2.981419368,0.0006632471959999999,-0.04537297488,0.4088283,-0.035217071899999994,0.365812387,4678.235595703094,5849.783691406243,4687.033203125007,5847.677978515654,"1,1,10",0
450,40348000,44.958000000000325,0.00024056541846153846,-0.07247666846153845,-0.0005153071307692307,0.2619693076923077,1209.7623762376238,1312.2376237623762,1210.7623762376238,1312.7623762376238,0.0,0.0,0.0,0.0,0.0,0.0,0.0,0.0,0.005060021,-0.014647375,0.0031958288,-2.8155813,0.081403024,-9.323021,16.33864,24.893995,101128.875,0.9888216476923076,-0.000660190373076923,-0.14910018384615384,-0.0006996668446153846,7.329881111881188,0.06622122588118812,-15.284239099009902,2.9893286326732675,-4.292679643564355e-05,-0.04548507396039604,0.40669561400000004,-0.035540132599999996,0.363675034,4674.524018787188,5845.301060267785,4681.837541852633,5853.221423921151,"1,1,10",0
451,40398000,45.00800000000032,0.0004893440044897959,-0.07279160693877551,-0.00026017877991836737,0.2617484942857143,1209.2673267326732,1312.7326732673268,1210.2673267326732,1312.2673267326732,0.0,0.0,0.0,0.0,0.0,0.0,0.0,0.0,0.0029294704999999997,-0.020506343500000003,0.001597886075,-2.85029765,-0.025138953999999998,-9.426274,16.33412653846154,24.8939825,101128.97596153845,0.9887549546938775,-0.0006478999361224489,-0.14954231163265308,-0.000617507952244898,7.483281755445544,0.06607306944554456,-15.28543612871287,2.9973816524752475,-0.0012447881033663365,-0.046453105148514855,0.4072397119047619,-0.034077707047619046,0.36532677047619044,4671.318987165182,5844.931896391435,4678.969331287217,5849.031994047525,"1,1,10",0
452,40448000,45.05800000000032,0.00037336477711538463,-0.07332228615384614,-0.0002700262463846154,0.26170727403846156,1209.2323232323233,1313.2323232323233,1209.7676767676767,1312.4646464646464,0.0,0.0,0.0,0.0,0.0,0.0,0.0,0.0,-0.0007989514,-0.0119842235,-0.0010653058,-2.8598745,0.019153778,-9.374496,16.351281384615387,24.893968153846153,101128.74,0.98868925,-0.0006329230520833334,-0.14997624520833333,-0.000572828180625,7.637103359223301,0.06578427601941747,-15.286153747572815,3.004607808737864,-0.002213431536893204,-0.045331039815533984,0.4062209295652174,-0.03495165513043478,0.3636605147826087,4669.107863653262,5857.580194382541,4676.606096540166,5848.771577381032,"1,1,10",0
453,40498000,45.108000000000324,-0.0004636535925531914,-0.07355797510638298,-0.00021644402297872346,0.2619641370212766,1209.7373737373737,1313.7373737373737,1209.2626262626263,1313.4747474747476,0.0,0.0,0.0,0.0,0.0,0.0,0.0,0.0,0.018675423125,-0.01711081625,0.0017976187000000002,-2.8660093250000003,-0.007780992762499999,-9.410710875,16.328276566037736,24.893954849056602,101129.03245283019,0.9886308470588235,-0.00042400435470588236,-0.15036137529411767,-0.0005323833235294118,7.791182970873786,0.06540928572815534,-15.286577533980582,3.011327177669903,-0.0030391349834951458,-0.04292794758252427,0.4076696675,-0.034405395899999996,0.3655966045,4673.235351562543,5855.097193667735,4668.657175164452,5863.453022203977,"1,1,10",0
454,40548000,45.15800000000033,-0.00021236000735849064,-0.07328683905660377,0.0003830512830188679,0.2619922037735849,1209.7623762376238,1314.0,1209.0,1313.7623762376238,0.0,0.0,0.0,0.0,0.0,0.0,0.0,0.0,0.00332895665,-0.022104238999999998,-0.005326325,-2.8586773,-0.0125693978,-9.348761,16.304762509803922,24.893942039215688,101129.29584313725,0.988552093877551,-0.00012834826959183673,-0.15087883387755102,-0.0005237560489795918,7.946019499999999,0.0649393,-15.286880083333333,3.0182821583333332,-0.004440245104166666,-0.041686419041666666,0.4077742304761905,-0.03503191371428572,0.3642332980952381,4675.892299107149,5860.047688802165,4667.707566034207,5853.459077380857,"1,1,10",0
455,40598000,45.208000000000325,0.000257900756375,-0.07346869624999999,0.000368898683125,0.2619036375,1209.2673267326732,1314.0,1209.0,1313.2673267326732,0.0,0.0,0.0,0.0,0.0,0.0,0.0,0.0,0.007892619727272726,-0.021523193090909092,0.002324232072727273,-2.946392,-0.06159611863636364,-9.38636,16.342794076923077,24.893929500000002,101128.87076923077,0.9884581840384615,1.9539162307692315e-05,-0.15149318076923077,-0.0005568461961538462,8.10145075,0.064394675,-15.287087375,3.0254222625,-0.00629346046875,-0.0413575476875,0.40843095217391306,-0.034294336,0.3630705304347826,4673.363327752859,5856.838402157759,4670.799432663557,5854.955915178679,"1,1,10",0
456,40648000,45.25800000000032,-9.547741866666669e-05,-0.07421225764705883,0.0003089949380392157,0.26183052470588236,1209.0,1314.0,1209.0,1313.2323232323233,0.0,0.0,0.0,0.0,0.0,0.0,0.0,0.0,0.006125276,-0.013049487,-7.4786655e-10,-2.9340942,0.046687104,-9.3972435,16.334667538461538,24.893916230769232,101128.9523076923,0.9883887576470588,0.00016649092607843137,-0.15194546019607844,-0.0005139173482352941,8.25734392,0.0636943892,-15.28754472,3.032647708,-0.00650116264,-0.04088566248,0.40912213000000003,-0.03535929960869565,0.3624001173913044,4662.786132812519,5861.499511718745,4664.733398437407,5864.958984375048,"1,1,10",0
457,40698000,45.30800000000033,-0.00010975207741666665,-0.07436460916666666,0.00020076733083333335,0.26178553583333336,1209.0,1314.0,1209.0,1313.7373737373737,0.0,0.0,0.0,0.0,0.0,0.0,0.0,0.0,0.0063249994,-0.01864213175,-0.00272973805,-2.890400475,0.017058851324999992,-9.3349925,16.360129384615384,24.89390203846154,101128.6373076923,0.9883290625,0.0002587193425,-0.1523328675,-0.00047580713624999996,8.41349692,0.0629065442,-15.28814272,3.039921158,-0.0057832636399999995,-0.04033333198,0.40887575499999995,-0.0351064283,0.36311884,4666.749999999979,5861.655273437502,4658.068115234464,5861.275390624981,"1,1,10",0
458,40748000,45.35800000000033,5.9562299714285715e-05,-0.07444164571428571,1.9120103571428567e-05,0.2619775342857143,1208.76,1314.0,1209.0,1314.24,0.0,0.0,0.0,0.0,0.0,0.0,0.0,0.0,-0.008255785,-0.020772664,0.0039947317,-2.907758,0.020350877,-9.23324,16.342803811320753,24.89388916981132,101128.84641509433,0.9882482461538462,0.00022755494923076925,-0.15285621846153846,-0.0004696177261538461,8.570199603960395,0.061793709386138616,-15.28894097029703,3.0465579445544555,-0.005635844918811881,-0.03863001997029703,0.40910368799999997,-0.0343994428,0.362678,4663.738862537179,5863.830008370578,4668.7406063989,5866.653738839342,"1,1,10",0
459,40798000,45.40800000000033,0.00015787118590909093,-0.07463413977272727,-0.00014463144113636362,0.2621835122727273,1208.26,1314.0,1209.0,1314.74,0.0,0.0,0.0,0.0,0.0,0.0,0.0,0.0,-0.011451597,-0.00745684435,-0.0010652767200000001,-2.9514524,-0.034715764999999996,-9.36552,16.35010726923077,24.893875480769232,101128.74092307691,0.988170675,7.000718387499999e-05,-0.15335740625,-0.00044687736999999997,8.727211485148514,0.0604980678019802,-15.289851861386138,3.052836607920792,-0.005809321354455446,-0.03627928086138614,0.4090602142857143,-0.03543962719047619,0.36268429095238097,4659.055419921918,5875.8391113281505,4664.3525390624345,5867.1127929687245,"1,1,10",0
460,40848000,45.458000000000325,0.00016558666292307693,-0.07467126961538462,-0.00012777732784615385,0.2621259838461539,1208.0,1314.24,1208.76,1315.0,0.0,0.0,0.0,0.0,0.0,0.0,0.0,0.0,-0.0002663295,-0.022636881,-0.006125229,-2.9448686,0.0047885706,-9.5253315,16.37331176923077,24.89386165384615,101128.46021153846,0.9881023423076923,-1.0228572307692262e-06,-0.15379698076923076,-0.00046359076615384615,8.884760535353536,0.059398637535353536,-15.290522404040404,3.05996431010101,-0.0063385649242424244,-0.03535560434343434,0.4100759986956522,-0.035368846521739127,0.3614713704347826,4669.42661830369,5874.907226562486,4664.351492745544,5864.015601748441,"1,1,10",0
461,40898000,45.50800000000033,-0.00012871477920833334,-0.07501197625,-1.3295947541666665e-05,0.26206597708333335,1208.0,1314.74,1208.26,1315.0,0.0,0.0,0.0,0.0,0.0,0.0,0.0,0.0,0.00838895475,-0.009920281,-0.0013315821874999997,-2.9724019,-0.001795485749999999,-9.412505249999999,16.348859529411765,24.893846901960785,101128.77019607843,0.98803197125,0.00010677836125,-0.15424845,-0.000477830605,9.042638818181818,0.05841946581818182,-15.291045636363636,3.067612390909091,-0.0070858593181818185,-0.03530657909090909,0.410006732,-0.0342821178,0.36075663999999996,4662.6069335937555,5873.022949218808,4659.005859374912,5873.510009765676,"1,1,10",0
462,40948000,45.558000000000334,-8.323467415094341e-05,-0.07543148566037736,-4.986345094339616e-06,0.2620575971698113,1208.2376237623762,1315.0,1207.7623762376238,1314.7623762376238,0.0,0.0,0.0,0.0,0.0,0.0,0.0,0.0,0.003195793,-0.013582116500000001,-0.00199737865,-2.9436714999999998,-0.0418983695,-9.300277999999999,16.31697123076923,24.893833,101129.15830769231,0.9879790135849057,0.0002856094828301887,-0.15458705943396225,-0.00045670149132075476,9.200683,0.05737798576,-15.29161944,3.074920516,-0.008166535764,-0.03502578632,0.409275994,-0.0353712012,0.36129965399999997,4659.029785156213,5875.035644531269,4653.660644531245,5870.84716796879,"1,1,10",0
463,40998000,45.60800000000033,-0.00016436455250000003,-0.07536119749999999,0.000307437618125,0.26203085062500003,1208.7326732673268,1315.0,1207.2673267326732,1314.2673267326732,0.0,0.0,0.0,0.0,0.0,0.0,0.0,0.0,0.009006325363636363,-0.014017916272727273,0.001404198258181818,-2.970551290909091,-0.019806414527272727,-9.414219545454545,16.31047,24.893819641509435,101129.23203773584,0.9879189316666667,0.0004456119708333333,-0.15497010520833335,-0.0004515276525,9.3588205,0.05630145726,-15.29222169,3.082037416,-0.009434739614000001,-0.034614624319999995,0.4114232326086956,-0.03510955956521739,0.36143567695652173,4659.233863467283,5876.211658296118,4653.746372767872,5878.27857607878,"1,1,10",0
464,41048000,45.65800000000033,-0.0005273005505769231,-0.07575391749999999,0.0003940042992307692,0.2619959128846154,1208.7676767676767,1315.4646464646464,1207.0,1314.2323232323233,0.0,0.0,0.0,0.0,0.0,0.0,0.0,0.0,6.659042499999965e-05,-0.01771002175,0.0005991857725000001,-3.02327845,0.015562473225000002,-9.24341575,16.327083076923078,24.893805365384615,101129.04201923076,0.9878613633333333,0.0005718794854166667,-0.15533655166666668,-0.0004260872864583333,9.517319919999998,0.05478335116,-15.29264538,3.088483916,-0.00993862324,-0.0332628268,0.4114972805,-0.0358659439,0.36094020849999997,4653.959399414026,5873.672583007738,4651.860546875036,5875.432128906242,"1,1,10",0
465,41098000,45.70800000000033,0.0001216526319148936,-0.0764891334893617,0.0003270085621276596,0.262161790212766,1208.2626262626263,1316.4747474747476,1207.0,1314.7373737373737,0.0,0.0,0.0,0.0,0.0,0.0,0.0,0.0,-0.00652474305,-0.00818921875,-0.0002663339500000002,-2.979584375,-0.0200512785,-9.235932125,16.369295588235293,24.89379082352941,101128.54352941176,0.987815694117647,0.0005035351329411765,-0.15562749235294118,-0.00040712916235294115,9.67602292,0.05301685766,-15.292968629999999,3.0945533160000003,-0.01001257674,-0.0313819218,0.4105407139130435,-0.033593747826086956,0.3611930565217391,4649.906738281137,5882.024902343872,4651.682617187524,5882.5944824219005,"1,1,10",0
466,41148000,45.75800000000034,0.0004217028833846154,-0.07633109984615384,0.00017611710000000003,0.2622761676923077,1208.0,1316.5,1207.5,1315.0,0.0,0.0,0.0,0.0,0.0,0.0,0.0,0.0,-0.0023968408,-0.016245285,-0.0015978789,-2.991555,0.0095769735,-9.481041,16.39425846153846,24.893775846153847,101128.23538461539,0.987764275,0.00042769012285714285,-0.1559535707142857,-0.00037138328714285716,9.8350136,0.05106746944,-15.29305204,3.101148316,-0.0106682752,-0.03055268912,0.41079265,-0.035326272,0.36006686,4649.604003906326,5887.850097656134,4652.7485351562555,5883.251464843739,"1,1,10",0
467,41198000,45.808000000000334,0.00020447169700000002,-0.07562566,-0.000179566973,0.26221001499999996,1208.0,1315.4583333333333,1208.5416666666667,1315.0,0.0,0.0,0.0,0.0,0.0,0.0,0.0,0.0,0.0023000104090909095,-0.022757923,0.0041399852,-2.9809985909090906,0.01643309329090909,-9.382331,16.366456981132075,24.893760566037734,101128.56415094339,0.9876857785714285,0.00044177943428571427,-0.15644987714285716,-0.00028785868,9.9941661,0.049015202939999995,-15.29300054,3.108038966,-0.0116512052,-0.03031502212,0.41147613,-0.033063208,0.35979948500000003,4653.481724330353,5877.875093005937,4661.420410156298,5883.501860118959,"1,1,10",0
468,41248000,45.85800000000033,0.00015580074000000004,-0.07615014249999999,9.0516827e-05,0.262043895,1207.7307692307693,1315.2692307692307,1208.1923076923076,1315.2692307692307,0.0,0.0,0.0,0.0,0.0,0.0,0.0,0.0,0.009554086012499999,-0.012416995875,0.0030959272750000003,-3.0521587500000003,0.032172251,-9.373301875,16.312679705882353,24.893745294117647,101129.2088235294,0.9876058234042553,0.0005016670519148936,-0.15695391787234042,-0.00019079298106382977,10.15336052,0.0471206446,-15.293550640000001,3.11431128,-0.01192667664,-0.03103339224,0.4113367355,-0.03487382115,0.359948112,4650.443066406201,5877.068969726512,4654.855786132771,5882.85859375008,"1,1,10",0
469,41298000,45.908000000000335,-0.00016402749958333333,-0.077151331875,0.00030780878749999996,0.26188025416666666,1207.25,1315.75,1206.75,1315.75,0.0,0.0,0.0,0.0,0.0,0.0,0.0,0.0,0.006657905525000001,-0.00033289032499999997,0.0021971128500000003,-3.02926405,0.0547675315,-9.30566375,16.28903345283019,24.89372950943396,101129.51716981133,0.987572125,0.00063859833625,-0.15716542749999998,-0.00014466205624999998,10.31257852,0.0453147971,-15.294439140000001,3.1202357800000002,-0.011804202639999999,-0.03228953324,0.411461629,-0.0342182897,0.359513485,4639.438476562536,5889.109375000071,4638.421874999886,5891.550537109335,"1,1,10",0
470,41348000,45.95800000000034,-0.00014588145006792452,-0.07727532086792453,0.00041218525433962263,0.2617052637735849,1206.76,1316.0,1206.0,1316.0,0.0,0.0,0.0,0.0,0.0,0.0,0.0,0.0,0.0015978991375,-0.011784491250000001,0.0029960440875,-3.0021798375,0.036212468750000004,-9.3333475625,16.341891384615387,24.893713403846153,101128.8848076923,0.9875466132075471,0.000741558392264151,-0.15732482113207547,-0.00011955906415094339,10.47173316,0.04383638736,-15.295615640000001,3.125241432,-0.01148250112,-0.032734552320000006,0.41398668666666666,-0.03484807247619048,0.3616294580952381,4637.996362304628,5881.391284179566,4637.467529296971,5888.5733154296795,"1,1,10",0
471,41398000,46.00800000000034,2.975343709787234e-05,-0.07730240710638298,0.0003444793138297872,0.26165588085106384,1206.26,1316.0,1206.0,1316.0,0.0,0.0,0.0,0.0,0.0,0.0,0.0,0.0,-0.006972632863636363,-0.013824233545454546,0.0011621120181818183,-3.0603344,0.01719488409090909,-9.280144727272727,16.36984894117647,24.89369717647059,101128.5405882353,0.9874883276595745,0.0007578684319148936,-0.15769015765957445,-0.00011398618319148935,10.63085216,0.04254216136,-15.29695414,3.129730232,-0.01104873412,-0.03272331532,0.41254718347826086,-0.03460588086956522,0.35889290521739126,4637.8474121094005,5889.3273925782505,4636.415283203098,5882.822021484345,"1,1,10",0
472,41448000,46.058000000000334,0.00011814299461538461,-0.07734815307692307,0.00039550903923076924,0.2617085876923077,1206.0,1316.0,1206.0,1316.0,0.0,0.0,0.0,0.0,0.0,0.0,0.0,0.0,0.002396862377777778,-0.016186098111111113,8.87791111111114e-05,-3.090914855555556,-0.032055535322222224,-9.377423555555556,16.36861676923077,24.893681846153846,101128.51846153846,0.9874166230769231,0.000704156876923077,-0.15813871846153846,-0.00015537819538461538,10.79009948,0.041314602560000004,-15.298246559999999,3.1343314159999998,-0.01138954824,-0.03225404856,0.41110019142857146,-0.03419205242857143,0.35743964,4635.963330078165,5888.382104492212,4636.1064208984,5884.578955078099,"1,1,10",0
473,41498000,46.10800000000034,0.00012578558000000002,-0.07727164770833332,0.00031832919991666667,0.2617257633333333,1206.0,1316.0,1206.0,1316.0,0.0,0.0,0.0,0.0,0.0,0.0,0.0,0.0,0.0073236894,-0.027297404499999997,0.00039946497894899997,-3.0436292500000004,0.038307393,-9.338585,16.392452807692308,24.893667923076922,101128.26634615385,0.9873331285714285,0.0007554715214285714,-0.15865897785714286,-0.0001576403992857143,10.94941898,0.04012454406,-15.29951306,3.138995816,-0.01216606424,-0.03152714006,0.41466273,-0.0322513518,0.358316123,4641.248535156259,5887.754394531333,4635.5903320312045,5881.527587890646,"1,1,10",0
474,41548000,46.15800000000034,-0.0002452761690566037,-0.07801781413207547,-0.000260744504490566,0.26199336188679245,1206.2376237623762,1316.0,1206.2376237623762,1316.0,0.0,0.0,0.0,0.0,0.0,0.0,0.0,0.0,0.0058589666,-0.02077265,-0.0047936994,-3.0789435,0.07182623,-9.269152,16.306040905660375,24.893650867924528,101129.29188679246,0.9872486818181818,0.0008881592163636364,-0.15918332545454547,-0.0001254111509090909,11.108978831683167,0.03875311056435644,-15.300575099009901,3.1435523702970296,-0.012733194950495049,-0.030384943534653465,0.414048348,-0.033387088200000005,0.35951846,4644.015624999911,5889.2734375000155,4634.377929687457,5888.295898437686,"1,1,10",0
475,41598000,46.20800000000034,-0.00026550581562499997,-0.0778480765,-0.000301131575875,0.26212238375,1206.7326732673268,1316.0,1206.7326732673268,1316.0,0.0,0.0,0.0,0.0,0.0,0.0,0.0,0.0,0.0043751849,-0.011375504571428573,0.001864222542857143,-3.1122912857142855,-0.02137663742857143,-9.425458714285716,16.36636053846154,24.893636673076923,101128.58480769231,0.9871802118367347,0.0010158974836734693,-0.1596065506122449,-6.500930044897959e-05,11.268673881188118,0.03727965363366337,-15.301522128712872,3.1480482613861387,-0.013182546435643564,-0.029009147495049504,0.4135194525,-0.03404838325,0.358632,4632.54085286455,5897.494535900248,4634.083844866179,5900.289853050561,"1,1,10",0
476,41648000,46.25800000000034,0.00017461250764705882,-0.07752787323529413,0.0003526317412549019,0.26217688333333333,1207.0,1316.2233009708739,1207.0,1316.0,0.0,0.0,0.0,0.0,0.0,0.0,0.0,0.0,-0.0045273951000000005,-0.02024002575,0.004660516775,-3.1301198250000004,0.020650156125,-9.285313499999999,16.34378746153846,24.893620326923074,101128.82519230769,0.9871113874509804,0.0010263794176470589,-0.16003115588235295,-2.5759641352941175e-05,11.428845767676767,0.03550654905050505,-15.301887949494951,3.1533306242424244,-0.013600219696969697,-0.02742787129292929,0.4141622647826087,-0.034772297,0.35825546478260867,4637.228027343824,5889.360351562642,4642.817382812412,5895.298828124951,"1,1,10",0
477,41698000,46.30800000000034,0.0003230734003846154,-0.07785018730769232,0.0006607921865384615,0.26231887884615385,1207.0,1316.7087378640776,1207.0,1316.0,0.0,0.0,0.0,0.0,0.0,0.0,0.0,0.0,-0.003861572675,-0.013915021625,-0.0025300081,-3.05889205,-0.004788240250000006,-9.372703125000001,16.343336,24.89360462745098,101128.84921568628,0.98702676,0.0009971588725,-0.160552815,-2.011002275e-05,11.58930990909091,0.03354978945454545,-15.301897545454546,3.159095018181818,-0.013998477272727272,-0.025720655636363637,0.415096075,-0.033444468500000005,0.35581946999999997,4641.768066406251,5897.147705078191,4641.584472656254,5893.199218749923,"1,1,10",0
478,41748000,46.358000000000345,0.00023204522250000004,-0.07801883458333334,0.00010074335416666662,0.2620824333333333,1206.5833333333333,1317.2083333333333,1206.5833333333333,1316.2083333333333,0.0,0.0,0.0,0.0,0.0,0.0,0.0,0.0,0.001006082211111111,-0.0023968438444444446,0.001597893111111111,-3.074155,0.04509096553333333,-9.439539,16.356093132075472,24.893588603773583,101128.68698113208,0.9869748523076923,0.000971437136923077,-0.16087200153846154,8.163884076923081e-06,11.75048884,0.031726356,-15.30184052,3.165724504,-0.01367048808,-0.026702745360000002,0.41384077,-0.035066944,0.35641828,4635.016601562449,5901.730468749877,4633.934570312461,5900.413574218816,"1,1,10",0
479,41798000,46.40800000000034,-0.000125970351875,-0.07884977979166666,-2.2542285833333363e-05,0.26168783791666667,1205.5416666666667,1317.7291666666667,1205.5416666666667,1316.7291666666667,0.0,0.0,0.0,0.0,0.0,0.0,0.0,0.0,0.0005326288999999999,-0.0069242222999999995,0.00173104525,-3.1214408000000002,0.012569719500000002,-9.2045095,16.36156376470588,24.89357376470588,101128.63470588236,0.9869515125,0.0010250415124999999,-0.1610146625,4.999579425e-05,11.91206984,0.0299779185,-15.30174602,3.1728406039999997,-0.01293398508,-0.02919756936,0.41414246499999996,-0.03182834,0.355276895,4630.799804687494,5891.3796386719005,4629.2180175780695,5897.302246093646,"1,1,10",0
480,41848000,46.45800000000034,7.78830403846154e-05,-0.07958184115384616,0.00019432806769230766,0.26168889,1204.76,1317.76,1205.24,1317.24,0.0,0.0,0.0,0.0,0.0,0.0,0.0,0.0,-0.00026632342,0.008522116,-0.0037284286,-3.110068,0.016759576,-9.334993,16.370061384615386,24.893557615384616,101128.52,0.9869367961538461,0.0010365762384615385,-0.1611049,4.788998876923077e-05,12.074105153846153,0.028927112384615383,-15.302082461538461,3.1782757538461537,-0.01244496276923077,-0.029374763230769232,0.41347957,-0.033855982,0.35647938,4620.675781249981,5901.469726562605,4618.791015625002,5898.978515625085,"1,1,10",0
481,41898000,46.508000000000344,0.0004128378195833333,-0.07970359458333333,-0.00035482360833333335,0.26184388208333337,1204.26,1317.26,1205.74,1317.74,0.0,0.0,0.0,0.0,0.0,0.0,0.0,0.0,-0.00484694708,-0.00378169016,0.0036751684,-3.17064148,-0.04572909,-9.473618,16.382668490566036,24.893541528301885,101128.34943396226,0.98693710375,0.00096184350625,-0.16110346125,3.5553749875e-05,12.236396019230769,0.028268723923076923,-15.302661307692308,3.1827653692307694,-0.012095148346153847,-0.028248290153846153,0.4160446428571429,-0.03434175076190476,0.3560167304761905,4618.577919407872,5907.137155633247,4623.095780222153,5906.777780633153,"1,1,10",0
482,41948000,46.55800000000035,0.00012647899076923084,-0.07917012492307691,-0.0006180289615384615,0.26182756307692306,1204.48,1317.0,1205.76,1318.0,0.0,0.0,0.0,0.0,0.0,0.0,0.0,0.0,0.0002663278500000001,-0.0187752895,0.0005326280499999999,-3.1262291500000003,0.006584217999999999,-9.309256000000001,16.399952411764705,24.89352576470588,101128.18,0.9868974907692307,0.0009253718692307692,-0.16134560307692308,4.7150502230769235e-05,12.398670708333334,0.027641989125,-15.303669083333332,3.1871159583333335,-0.011705249791666667,-0.026732625625000003,0.414615668,-0.0323916106,0.35774572,4625.043457031257,5900.433105468661,4629.833496093737,5900.936035156336,"1,1,10",0
483,41998000,46.608000000000345,-0.0005147410575,-0.07899460191666667,-0.0003213869325,0.2619671375,1205.48,1317.0,1205.26,1318.0,0.0,0.0,0.0,0.0,0.0,0.0,0.0,0.0,0.0029294753,-0.0157126535,-0.006924219,-3.0825353,0.03651174,-9.2033125,16.418094846153846,24.893509576923076,101127.97484615385,0.9868214125,0.0010077403124999999,-0.1618099825,4.21101899375e-05,12.5609326875,0.0270401250625,-15.305013875,3.1913573125,-0.0112838565625,-0.024911167812500003,0.414724304,-0.0339257788,0.358145321,4628.828613281275,5904.679199218778,4622.969970703135,5900.640136718735,"1,1,10",0
484,42048000,46.65800000000034,-0.00032624625953846156,-0.07928310446153847,0.00040669118,0.2622443476923077,1206.0,1317.2376237623762,1205.2376237623762,1318.0,0.0,0.0,0.0,0.0,0.0,0.0,0.0,0.0,-0.003965157077777778,-0.015446335555555557,-0.00239684664,-3.1215070555555555,-0.03232156466666666,-9.285246222222222,16.41039477358491,24.893494811320753,101128.0335471698,0.9867562416666666,0.001086437125,-0.16220681583333332,-2.2653623291666667e-05,12.72307389108911,0.02595975784158416,-15.306475108910892,3.1958480970297027,-0.011365893613861386,-0.023663714207920794,0.41583642476190474,-0.032969864761904756,0.3558718380952381,4630.253743489587,5909.322381882492,4625.4569149926365,5907.307128906232,"1,1,10",0
485,42098000,46.70800000000035,-6.073029506122449e-05,-0.0792496481632653,0.0004808595424489796,0.2623103106122449,1206.0,1317.7326732673268,1205.7326732673268,1318.0,0.0,0.0,0.0,0.0,0.0,0.0,0.0,0.0,-0.0013981509471831252,-0.013382384125,-0.0010985557875000003,-3.0523080125,0.010175522249999992,-9.2559845,16.42224748076923,24.893479211538462,101127.89961538461,0.9866931384905661,0.0010636345603773584,-0.16259013188679247,-8.045701056603773e-05,12.885147158415842,0.02461023259405941,-15.308001841584158,3.200479186138614,-0.011731110198019801,-0.02273913797029703,0.416224164,-0.03388786185,0.353767274,4629.017431640646,5916.155517578141,4624.727832031243,5906.487255859354,"1,1,10",0
486,42148000,46.75800000000035,-0.00021378779249999998,-0.0789798021153846,-0.00017794027173076925,0.2623086657692308,1205.7766990291261,1318.2233009708739,1206.0,1318.2233009708739,0.0,0.0,0.0,0.0,0.0,0.0,0.0,0.0,0.0069242215,-0.014913705499999999,-0.0014647373000000003,-3.1088709999999997,-0.00299259,-9.369709499999999,16.398295333333333,24.893462666666668,101128.21184313725,0.986624555,0.00109778025625,-0.1630056075,-0.00010592436020833333,13.05141514423077,0.022900887817307692,-15.309360129807692,3.2050001759615383,-0.0114610974375,-0.021492382182692307,0.415145788,-0.034156281999999996,0.354829868,4631.30029296874,5907.363281249917,4623.785644531273,5910.394531250008,"1,1,10",0
487,42198000,46.80800000000035,-0.00011362998352941177,-0.07945029529411764,-0.00020983742111764704,0.2624476788235294,1205.2912621359224,1318.7087378640776,1206.0,1318.7087378640776,0.0,0.0,0.0,0.0,0.0,0.0,0.0,0.0,-0.00306264405,-0.0103863275,0.001464725,-3.12802485,-0.0227447555,-9.251196,16.376202,24.893445811320756,101128.46192452831,0.9865654047058824,0.0011579782352941178,-0.16336285529411765,-6.683869088235294e-05,13.22025408653846,0.020971008490384614,-15.310615177884616,3.209453685576923,-0.0108017505625,-0.020048161509615383,0.41478030260869564,-0.03359952739130435,0.35375190217391306,4629.038690476178,5910.848493303694,4625.321033296092,5914.313895089296,"1,1,10",0
488,42248000,46.858000000000345,8.393820666666667e-05,-0.07998503083333333,5.9595328416666666e-05,0.26262542,1205.2061855670104,1319.0,1206.0,1319.0,0.0,0.0,0.0,0.0,0.0,0.0,0.0,0.0,-0.008788422,-0.008255806,-0.0034621207,-3.1938655,0.03830739,-9.196131,16.391115,24.893429,101128.25494117648,0.9865173476923077,0.0010249476153846155,-0.16365366615384616,-5.1730629230769236e-05,13.385813604395604,0.019111246197802197,-15.311979802197802,3.214493454945055,-0.01036731110989011,-0.018740518,0.41689602,-0.033071645,0.35518977,4628.405273437503,5919.139648437519,4628.2172851562145,5912.737792968725,"1,1,10",0
489,42298000,46.90800000000035,-1.7903281632653065e-05,-0.0798699869387755,0.0002048756669387755,0.262699086122449,1205.721649484536,1319.0,1206.0,1319.0,0.0,0.0,0.0,0.0,0.0,0.0,0.0,0.0,-0.0047936845,-0.0077231717500000005,0.00306263398,-3.1190466,-0.0179563545,-9.2769335,16.406673716981132,24.893412660377358,101128.07324528301,0.9864714620408163,0.0008559482959183673,-0.16393140775510204,-3.859493197551021e-05,13.548579538461539,0.01731121323076923,-15.313437769230768,3.220032630769231,-0.01012445946153846,-0.017549218,0.415339305,-0.0327336775,0.35382247499999997,4624.718633742638,5917.02576264878,4629.302246093766,5919.735095796175,"1,1,10",0
490,42348000,46.958000000000354,0.00017890193117647057,-0.08004043274509805,0.00017364911039215685,0.2626991556862745,1205.7676767676767,1318.7676767676767,1205.7676767676767,1319.0,0.0,0.0,0.0,0.0,0.0,0.0,0.0,0.0,-0.0011984220000000002,-0.010918965,0.0006657852500000002,-3.2124203500000004,0.013168273500000001,-9.384673,16.426004725490195,24.89339543137255,101127.86156862744,0.9864268709090909,0.0007915167945454545,-0.16419973,-1.1344925429090908e-05,13.71133573076923,0.01577210776923077,-15.3158755,3.2243002153846154,-0.010497633384615384,-0.01880341080769231,0.4160209652173913,-0.03414408391304347,0.35621125086956523,4628.659667968716,5923.947753906303,4627.839843749908,5916.966308593737,"1,1,10",0
491,42398000,47.00800000000035,6.107484833333329e-05,-0.08019488391666667,-0.00012846321291666669,0.2624632241666667,1205.2626262626263,1318.2626262626263,1205.2626262626263,1319.0,0.0,0.0,0.0,0.0,0.0,0.0,0.0,0.0,0.0007989360499999999,-0.01125186025,0.003661835575,-3.1423898,-0.017657074,-9.32960575,16.406899653846153,24.89337696153846,101128.11076923077,0.9863759236363636,0.0008075734681818182,-0.16450528818181817,-1.2932253500000001e-05,13.874088134615384,0.014334474115384615,-15.31869425,3.228073292307692,-0.011110372807692307,-0.021008628596153846,0.41713699,-0.033020361,0.354624785,4623.059647409474,5918.237304687387,4621.362587376646,5916.813193873447,"1,1,10",0
492,42448000,47.05800000000035,-0.0001978797976923077,-0.08049991292307693,-0.0003619112523076923,0.2623630153846154,1204.7623762376238,1318.0,1205.0,1319.0,0.0,0.0,0.0,0.0,0.0,0.0,0.0,0.0,0.007057387,-0.0102531675,-0.0039947353500000005,-3.17411295,0.02035087526182,-9.176976,16.381618692307693,24.893358692307693,101128.42615384616,0.9863293523076923,0.0009144874384615384,-0.16478336615384614,4.884584323076923e-05,14.037012333333333,0.013476008,-15.322638666666666,3.2314438666666665,-0.010951826666666666,-0.022541567,0.417392726,-0.0345636676,0.354574544,4622.649902343665,5919.995117187485,4615.231445312533,5921.133789062583,"1,1,10",0
493,42498000,47.10800000000035,-0.00017913335285714286,-0.08068707346938775,-0.0003666268693877551,0.2622700955102041,1204.2673267326732,1318.0,1205.0,1319.0,0.0,0.0,0.0,0.0,0.0,0.0,0.0,0.0,-0.0014647269,-0.010918961250000001,-0.000732368625,-3.222296625,-0.006583896000000002,-9.22037075,16.41190137735849,24.89334054716981,101128.0481509434,0.9862804924528302,0.000983363683773585,-0.16507529924528302,9.012088471698114e-05,14.200033166666667,0.012943323625,-15.327216270833333,3.234588033333333,-0.010359432395833333,-0.023696348250000002,0.41709161,-0.032889165,0.351826663,4615.281970796071,5919.042829241045,4616.488304501464,5922.855515252982,"1,1,10",0
494,42548000,47.15800000000036,0.0005170079980392158,-0.08041437549019607,-0.0005639537717647059,0.2619046376470588,1204.0,1318.0,1204.7676767676767,1318.7676767676767,0.0,0.0,0.0,0.0,0.0,0.0,0.0,0.0,-0.0006657947750000001,-0.02390186875,0.0028629059375,-3.1687263125,-0.07032951775,-9.277232625,16.401210615384613,24.893322519230768,101128.16476923077,0.9862179659574468,0.0009009056597872341,-0.16544886468085107,0.0001394125129787234,14.363376846153846,0.012885081,-15.33242996153846,3.239502442307692,-0.009317280115384616,-0.025621986423076924,0.4174213565,-0.03468770975,0.3512523965,4613.969726562347,5907.255859375043,4618.47753906256,5914.490722656214,"1,1,10",0
495,42598000,47.208000000000354,0.000582499645,-0.08061185,-0.00044688291000000006,0.26153204999999996,1204.0,1318.0,1204.2626262626263,1318.2626262626263,0.0,0.0,0.0,0.0,0.0,0.0,0.0,0.0,-0.004860271625,-0.0085886956,0.005659215525,-3.1384995,0.07751245025,-9.386767249999998,16.43840875,24.89330425,101127.7025,0.9861594,0.0007371942424528302,-0.16579865433962263,0.00018692961528301886,14.526846076923077,0.0130113435,-15.337891019230769,3.245105278846154,-0.008100221942307691,-0.02784740228846154,0.41808045714285713,-0.03459047742857143,0.35265887142857144,4600.300048828084,5910.7927246093805,4616.87182617176,5918.072998046872,"1,1,10",0
496,42648000,47.25800000000035,-6.1878217e-05,-0.08130132,0.00011365685999999999,0.26148088999999997,1203.76,1318.0,1203.76,1318.24,0.0,0.0,0.0,0.0,0.0,0.0,0.0,0.0,-0.0010168367300138182,-0.0047936913,-0.0013557943036363635,-3.1587137363636364,0.047013574,-9.259683454545454,16.391574039215683,24.893286117647058,101128.25188235294,0.9861369,0.0006661994647058823,-0.16593283352941177,0.0002085558994117647,14.690766,0.013522465666666667,-15.343598,3.2498258,-0.007207673233333334,-0.028227812666666668,0.4176884256521739,-0.03387480560869566,0.3541454956521739,4605.480957031272,5914.091308593845,4604.769042968672,5913.69042968749,"1,1,10",0
497,42698000,47.308000000000355,4.400241783333334e-05,-0.08163298541666666,0.00016370472541666665,0.26153687666666664,1203.26,1318.0,1203.26,1318.74,0.0,0.0,0.0,0.0,0.0,0.0,0.0,0.0,-0.00033289534096596005,-0.00019973674999999944,0.00066579371,-3.1815952249999997,-0.02184692975,-9.2362335,16.376289773584904,24.89326841509434,101128.42524528301,0.9861204359090909,0.0006670424145454545,-0.16603068318181818,0.00015233159,14.854939437499999,0.014250071395833334,-15.3494433125,3.25405001875,-0.006497661097916667,-0.02757040745833333,0.41751281500000004,-0.033894431,0.35195107999999997,4602.0166015624745,5919.430908203,4597.906005859421,5917.568847656211,"1,1,10",0
498,42748000,47.35800000000036,-0.00010895249538461536,-0.08151192153846154,-0.0001239687276923077,0.2614025846153846,1203.0,1318.0,1203.2376237623762,1318.7623762376238,0.0,0.0,0.0,0.0,0.0,0.0,0.0,0.0,-0.0019973744750000004,-0.0089881724375,0.0038282861875,-3.1735148124999997,0.009876244724999997,-9.245959124999999,16.437237,24.893250711538464,101127.734,0.98609552,0.0006552578016666667,-0.16617823583333333,0.0001482367525,15.019372923076922,0.014862468153846153,-15.354596403846154,3.2578622538461537,-0.005215237726923077,-0.028143454499999998,0.4191250238095238,-0.033047919380952376,0.35177251190476194,4596.772949218742,5916.534667968733,4602.119140624939,5921.761718749991,"1,1,10",0
499,42798000,47.40800000000036,3.0454785714286023e-06,-0.08137281428571429,-8.421154785714287e-05,0.2612590877551021,1203.0,1318.0,1203.7326732673268,1318.2673267326732,0.0,0.0,0.0,0.0,0.0,0.0,0.0,0.0,-0.005459466025,-0.0105194951,-0.00246342845,-3.227084725,0.02543855775,-9.2529915,16.43768825,24.893234365384618,101127.73025,0.9860485593877552,0.000579376315510204,-0.1664569855102041,0.00013119040734693878,15.183907538461538,0.015430061423076923,-15.359480298076923,3.261514273076923,-0.0037102099865384615,-0.02919501075,0.4183230569565217,-0.034794921565217386,0.3519281939130435,4596.128369140624,5915.869335937522,4601.591967773435,5914.677954101556,"1,1,10",0
500,42848000,47.458000000000354,-8.56761419607843e-05,-0.0816511337254902,-0.00017368416509803923,0.2611079698039216,1202.77,1318.0,1203.77,1318.0,0.0,0.0,0.0,0.0,0.0,0.0,0.0,0.0,-0.0003328889299999999,-0.0094542225,-0.004527376025,-3.2504281,0.02065015375,-9.310152500000001,16.439763134615383,24.89321801923077,101127.71951923077,0.9859984818181818,0.0005034128250909091,-0.16675388854545456,9.222771436363637e-05,15.348677979381444,0.01603333207216495,-15.363763036082474,3.26490352371134,-0.002677698639175258,-0.0299402636185567,0.41810499,-0.033446126,0.35193777000000004,4598.471679687428,5917.379394531182,4597.761230468649,5911.624511718864,"1,1,10",0
501,42898000,47.50800000000036,-0.00015311215102040826,-0.08211153877551021,-0.0001987218730612245,0.26102482040816327,1202.27,1318.0,1203.27,1318.0,0.0,0.0,0.0,0.0,0.0,0.0,0.0,0.0,-0.0002663110500000002,-0.00609198325,-0.0016644763749999996,-3.20044955,0.004489290999999999,-9.3044675,16.404280692307694,24.89320171153846,101128.12115384615,0.9859599938775511,0.0004767932404081633,-0.16698138224489795,6.16542806122449e-05,15.51358107216495,0.01665667124742268,-15.36770762371134,3.268144967010309,-0.001910977762886598,-0.030513220835051546,0.4180979142857143,-0.034285145428571424,0.3529308857142857,4593.997241210943,5917.100830078211,4589.861303710855,5920.978564453123,"1,1,10",0
502,42948000,47.55800000000036,0.0003780739994117647,-0.08217776450980392,0.00014541092588235286,0.2609290890196079,1202.2323232323233,1318.2323232323233,1202.7676767676767,1318.0,0.0,0.0,0.0,0.0,0.0,0.0,0.0,0.0,-0.006058690675000001,-0.01358212775,-0.00146472654,-3.254767875,0.014664647375,-9.195979,16.399765307692306,24.89318728846154,101128.17884615384,0.9859199490196079,0.00038383175215686273,-0.1672179068627451,9.446159862745096e-06,15.678722404040405,0.017116952292929293,-15.371520949494949,3.2719227737373737,-0.0011500165484848485,-0.030561782848484847,0.4194265217391305,-0.03339577886956522,0.35169661304347827,4593.41845703123,5913.275390625098,4594.647949218644,5910.575683593756,"1,1,10",0
503,42998000,47.60800000000036,-6.206193041666667e-05,-0.08233750041666667,0.0005487605754166666,0.2608970654166667,1202.7373737373737,1318.7373737373737,1202.2626262626263,1318.0,0.0,0.0,0.0,0.0,0.0,0.0,0.0,0.0,-0.0053263169,-0.0063250148499999995,-0.00592553044,-3.229778025,-0.0152628785,-9.2134875,16.45380750980392,24.89317162745098,101127.51705882353,0.985880925,0.0002836076625,-0.1674479475,-8.411311687499999e-05,15.843965838383838,0.017507351282828282,-15.37527802020202,3.275930450505051,-0.0003915237606060605,-0.030385604060606062,0.419623309,-0.035054033899999996,0.352992938,4589.04418945309,5920.677978515608,4584.522949218692,5912.384277343836,"1,1,10",0
504,43048000,47.65800000000036,-0.0005790176679245282,-0.08213700830188679,0.00034550708245283015,0.2609274349056604,1203.0,1319.0,1202.0,1318.2307692307693,0.0,0.0,0.0,0.0,0.0,0.0,0.0,0.0,0.002663164325,-0.0057257949,-0.00346211215,-3.2190046499999996,0.023343629249999998,-9.181166000000001,16.486353923076923,24.893157153846154,101127.13923076923,0.9858529224489796,0.0003282227857142857,-0.16761276510204082,-0.0001533787593877551,16.00866900990099,0.018190145495049506,-15.378859980198019,3.2786201683168317,0.0009160605059405941,-0.029043219584158415,0.41986438095238093,-0.03411957466666667,0.350909439047619,4586.914550781227,5922.252952938998,4581.498465401761,5920.624000186069,"1,1,10",0
505,43098000,47.70800000000036,-0.0006502372470588235,-0.08196004999999999,0.00022013173647058822,0.2611261823529412,1203.0,1319.0,1202.0,1318.7115384615386,0.0,0.0,0.0,0.0,0.0,0.0,0.0,0.0,-0.0033289313,-0.01810949275,-0.005792398000000001,-3.2163109,0.01227044475,-9.188947,16.439981396226415,24.893142113207546,101127.70018867924,0.9857977411764706,0.0003795840164705882,-0.1679365805882353,-0.00022214297882352943,16.17316207920792,0.01898664896039604,-15.382373841584158,3.2807973465346536,0.0024371803475247526,-0.027247310673267328,0.4203505215,-0.03296677125,0.35062196300000004,4597.483475534516,5919.089586759926,4583.992136101984,5916.782637746794,"1,1,10",0
506,43148000,47.758000000000365,-0.0004172772538461538,-0.08242841153846155,-3.2489455384615345e-05,0.2612650076923077,1202.7916666666667,1319.0,1202.0,1319.0,0.0,0.0,0.0,0.0,0.0,0.0,0.0,0.0,-0.013315823,-0.01331581,0.005326274,-3.241749,0.02513928,-9.321825,16.452334333333333,24.893129039215687,101127.54549019608,0.9857265857142857,0.00024829771857142857,-0.16835398857142858,-0.00030009703071428575,16.33739085,0.020093927249999997,-15.3853152,3.283412075,0.0033646229850000002,-0.0269692607,0.4202376,-0.034901045,0.34963307,4591.499511718704,5921.017089843824,4593.333984374968,5922.283203125046,"1,1,10",0
507,43198000,47.80800000000036,-0.00010745660227272724,-0.08276026618181818,-0.0003010456154545455,0.26117248,1202.2708333333333,1319.0,1202.0,1319.0,0.0,0.0,0.0,0.0,0.0,0.0,0.0,0.0,-0.013448950000000001,-0.013182658,0.0046605479,-3.2172087,-0.032920111,-9.290102000000001,16.47461983018868,24.893116698113207,101127.30188679245,0.9856659050000001,-2.0673380909090907e-05,-0.168709065,-0.0003434183586363636,16.50150635,0.02133439475,-15.388011200000001,3.286214325,0.004037632535,-0.0273417217,0.41901590857142856,-0.034210482,0.3507536428571429,4585.707031249982,5924.687744140668,4589.282226562469,5925.838623046786,"1,1,10",0
508,43248000,47.85800000000036,0.00012402881428571428,-0.08220921085714286,0.0003273624771428571,0.2612118528571429,1202.2307692307693,1319.2307692307693,1202.0,1319.2307692307693,0.0,0.0,0.0,0.0,0.0,0.0,0.0,0.0,-0.013582134,-0.014381066,0.0045273607,-3.2656915,0.044292893,-9.216481,16.502795563636365,24.893104072727272,101126.93090909091,0.9856036457894737,-0.0002402229154385965,-0.1690715856140351,-0.00040588227087719295,16.66595715,0.02256032115,-15.3907842,3.28811025,0.004323901605,-0.025339502,0.4205638,-0.03512779728571429,0.34967371571428574,4584.70605468762,5926.159667968786,4592.492187499936,5920.597167968652,"1,1,10",0
509,43298000,47.908000000000364,-0.00014419796,-0.08232985000000001,0.00050099948,0.26153059874999995,1202.7115384615386,1319.7115384615386,1202.0,1319.7115384615386,0.0,0.0,0.0,0.0,0.0,0.0,0.0,0.0,0.0005084233818181817,-0.014889494681818181,0.00113789098,-3.275159063636363,-0.04646912545454545,-9.147919454545455,16.470190226415095,24.893091660377358,101127.30679245283,0.9855318680851064,-0.0003512987804255319,-0.16948937382978724,-0.0004632308121276596,16.83055165,0.02378001565,-15.3935902,3.28961775,0.004444424755,-0.022319562,0.42076714000000004,-0.0347580744,0.34902444,4593.579345703097,5927.487304687597,4591.088378906318,5925.873291015761,"1,1,10",0
510,43348000,47.95800000000037,-8.160517836734694e-05,-0.08289039795918367,6.993667387755103e-05,0.2618163330612245,1203.0,1320.0,1202.0,1320.0,0.0,0.0,0.0,0.0,0.0,0.0,0.0,0.0,0.0019973693000000002,-0.0109189625,0.0030626363,-3.2555159,-0.000598388499999998,-9.160215,16.452334647058823,24.89308031372549,101127.55960784313,0.9854693538461539,-0.0003099404892307692,-0.16985266384615386,-0.0004363463607692308,16.995025631067964,0.024824211427184467,-15.39639845631068,3.2914654466019417,0.004784809073786408,-0.021679932718446603,0.421209844,-0.0343985188,0.350190346,4589.863769531237,5930.942871093786,4594.641601562516,5937.931152343732,"1,1,10",0
511,43398000,48.008000000000365,-4.583389212765957e-05,-0.08304059670212766,-6.44650910638298e-05,0.2617584617021277,1203.0,1320.0,1202.0,1320.0,0.0,0.0,0.0,0.0,0.0,0.0,0.0,0.0,0.00399475435,-0.0139815925,-0.0007989438600000001,-3.34589695,0.068234925,-9.28232025,16.456017,24.893069076923076,101127.54,0.9854116454545454,-0.00029208233636363637,-0.17018714272727273,-0.0003878438531818182,17.15944796116505,0.02579319346601942,-15.399207679611651,3.293458941747573,0.005219419607766991,-0.02206043660194175,0.4201447933333333,-0.034361389666666665,0.35016892,4593.364900287874,5931.440995065832,4591.481085526202,5934.746890419396,"1,1,10",0
512,43448000,48.05800000000036,-0.0003851028485714286,-0.08317015571428571,-6.069305285714288e-05,0.26162216714285713,1202.7623762376238,1320.0,1202.0,1319.7623762376238,0.0,0.0,0.0,0.0,0.0,0.0,0.0,0.0,-0.006657894,-0.015446342,-0.0013315686,-3.284845,-0.03710997,-9.236832,16.446095490566037,24.89305713207547,101127.65094339622,0.9853456384615384,-0.0003068832692307692,-0.17056908923076924,-0.0003714095253846154,17.323532038095237,0.02657774722857143,-15.401883609523809,3.29638396,0.005183743537142857,-0.022620831333333334,0.42082953,-0.034445133,0.3492137,4591.670712425607,5932.763718378013,4594.423409598263,5928.333310081739,"1,1,10",0
513,43498000,48.10800000000037,-0.00012544902000000003,-0.0831765284,-0.000209395306,0.261382798,1202.2673267326732,1320.0,1202.0,1319.2673267326732,0.0,0.0,0.0,0.0,0.0,0.0,0.0,0.0,-0.0018642091,-0.00692421845,-0.0030626426,-3.2543189999999997,0.028730581499999998,-9.284115499999999,16.428208153846153,24.893045711538463,101127.84615384616,0.9852871551020408,-0.0003824857387755102,-0.17090657346938776,-0.00036008972551020407,17.487425847619047,0.027258560085714287,-15.404484561904761,3.2998329600000003,0.0048835312514285715,-0.023282414666666668,0.421852486,-0.034747212,0.349756099,4589.274832589209,5930.4315708705,4588.893322172644,5928.416643415208,"1,1,10",0
514,43548000,48.15800000000037,0.0001204814073076923,-0.08362835488461538,0.00012609414375,0.2614135425,1202.0,1320.0,1202.0,1319.0,0.0,0.0,0.0,0.0,0.0,0.0,0.0,0.0,0.001331578,-0.00039948399999999986,0.0042610551,-3.30040725,0.053869702500000005,-9.2051065,16.439222903846154,24.893034692307694,101127.68461538461,0.9852552689583334,-0.0003718794102083333,-0.17109022520833334,-0.00034211460520833334,17.651566568421053,0.02770631507368421,-15.40661207368421,3.3030639989473687,0.004487681652631578,-0.024015219357894736,0.4226005852173913,-0.03553032695652174,0.3494373069565217,4578.295270647187,5935.414969308095,4582.964146205337,5940.781901041808,"1,1,10",0
515,43598000,48.20800000000037,0.00017113516875,-0.083547800625,5.864199793750001e-05,0.26141618875,1202.0,1320.0,1202.0,1319.0,0.0,0.0,0.0,0.0,0.0,0.0,0.0,0.0,3.3291988750000024e-05,-0.0084888290625,-0.00296276725,-3.259406725,-0.02738352725,-9.217378125,16.45308125,24.893023875,101127.51125000001,0.98522824125,-0.000379177565,-0.17124566500000002,-0.00032917491625,17.815917621052634,0.027955539284210525,-15.408336284210526,3.306109367368421,0.004010363231578947,-0.024808694094736843,0.4236178295652174,-0.034011413739130435,0.3484172930434783,4583.862695312512,5937.30295410157,4579.888916015603,5931.778540038925,"1,1,10",0
516,43648000,48.258000000000365,8.637791509090911e-05,-0.08315664509090909,-9.496432505454544e-05,0.2612230316363636,1201.77,1320.23,1201.77,1319.46,0.0,0.0,0.0,0.0,0.0,0.0,0.0,0.0,0.005392909715,-0.014747251999999999,-3.329769374999994e-05,-3.2615016875,0.03202261325,-9.264512875000001,16.440825294117648,24.893013470588237,101127.68,0.9851729381818182,-0.0003653669872727273,-0.1715638909090909,-0.00034077391854545454,17.980583711340206,0.028358337113402063,-15.410230731958762,3.308881807216495,0.0036868291030927834,-0.024406113742268042,0.42232416300000003,-0.03470739255,0.3487653725,4584.5696533203145,5929.305908203067,4579.824096679633,5927.819506835981,"1,1,10",0
517,43698000,48.30800000000037,-0.000135926854,-0.08394225599999999,-0.00017521596040000003,0.26130324,1201.27,1320.73,1201.27,1320.46,0.0,0.0,0.0,0.0,0.0,0.0,0.0,0.0,0.004327638175000001,0.0011318457,-0.002862897475,-3.25761075,0.0008979846250000006,-9.102158124999999,16.46829476923077,24.893002576923077,101127.34846153847,0.9851269697959184,-0.0002782089848979592,-0.17182758775510204,-0.00033575079346938774,18.14542701030928,0.028847520103092782,-15.41222093814433,3.311500724742268,0.003449798639175258,-0.023330752402061856,0.421473126,-0.0335479191,0.34795877,4579.84037853427,5935.157226562669,4574.325706845156,5933.308896019357,"1,1,10",0
518,43748000,48.358000000000374,-0.00010164238963636363,-0.08414663118181819,0.00012467475705454546,0.2613965425454546,1201.2323232323233,1320.5353535353536,1201.2323232323233,1320.7676767676767,0.0,0.0,0.0,0.0,0.0,0.0,0.0,0.0,0.005592641,-0.0045273723,0.00053262257,-3.3123784,-0.010773748,-9.244015,16.48238076923077,24.892993230769232,101127.17846153847,0.9851039487272727,-0.00018660966581818183,-0.17195938545454548,-0.00036523341854545455,18.310636313131315,0.02953504303030303,-15.414777292929292,3.3143707737373735,0.0029125472323232324,-0.02396952187878788,0.4221874,-0.033865746,0.34708428,4574.539713541626,5944.829729352649,4572.995768229172,5941.131510416714,"1,1,10",0
519,43798000,48.40800000000037,-0.0001964206740909091,-0.08355071340909091,-3.211036909090911e-05,0.26119034090909093,1201.7373737373737,1319.5252525252524,1201.7373737373737,1320.2626262626263,0.0,0.0,0.0,0.0,0.0,0.0,0.0,0.0,-0.0051931767,-0.017843182,0.0045273590500000006,-3.2704798999999998,-0.025737510999999998,-9.1548305,16.458195178571426,24.892982035714283,101127.46321428572,0.9850576514285715,-0.00014577209142857143,-0.17222481714285715,-0.0003665132142857143,18.476002474747474,0.030307568787878787,-15.417576282828282,3.3173484505050506,0.0022466297070707075,-0.025342918848484847,0.42190957,-0.0343154159,0.347684094,4578.2163085937855,5931.878173828092,4579.3295898437655,5933.412597656168,"1,1,10",0
520,43848000,48.45800000000037,-1.834096461538463e-05,-0.08384364384615385,8.72117623076923e-05,0.2611070230769231,1201.7623762376238,1319.2376237623762,1201.7623762376238,1320.0,0.0,0.0,0.0,0.0,0.0,0.0,0.0,0.0,0.0019973704500000004,-0.01158475175,0.0027963222,-3.32913765,-0.035912864,-9.25778025,16.447710307692308,24.89297223076923,101127.56000000001,0.9849866523404255,-0.00015889137425531915,-0.17263067489361703,-0.0003428222404255319,18.64190528318584,0.03094490014159292,-15.420076530973452,3.320653711504425,0.0020713676849557524,-0.025783008123893805,0.4215287808695652,-0.035233148695652174,0.3474372765217391,4574.5444335937855,5931.451171875113,4576.2416992187145,5933.642578124953,"1,1,10",0
521,43898000,48.50800000000037,7.928793142857144e-05,-0.08453025551020409,0.000291316768367347,0.26103998857142857,1201.2673267326732,1319.7326732673268,1201.2673267326732,1320.0,0.0,0.0,0.0,0.0,0.0,0.0,0.0,0.0,-0.0005326349700000001,-0.0057257975,0.0035952674000000002,-3.2722753,-0.037109969,-9.247605,16.461071153846152,24.892962653846155,101127.43576923077,0.9849529187755103,-0.00016583146714285713,-0.17282287673469388,-0.00032129171469387756,18.80801678761062,0.031529655893805304,-15.422460601769911,3.3240863663716813,0.002086916136283186,-0.025860144407079646,0.42264533047619046,-0.035057894857142856,0.34563921476190473,4569.57549758175,5935.614746093658,4573.94303385418,5937.731724330451,"1,1,10",0
522,43948000,48.558000000000376,6.335611666666668e-05,-0.08507692701960785,-5.316084294117647e-05,0.2609709174509804,1200.7676767676767,1320.0,1201.0,1320.2323232323233,0.0,0.0,0.0,0.0,0.0,0.0,0.0,0.0,-0.0013315851,0.0039947433,-0.0015978906,-3.3446999,-0.0035911414,-9.253592,16.4701,24.892954,101127.33,0.9849461121818182,-0.00019036964109090908,-0.17286145454545454,-0.00028155066854545455,18.974262306818183,0.03217066909090909,-15.424913681818182,3.3271570136363637,0.0018492347772727272,-0.025445672977272727,0.42164480249999997,-0.034606444550000004,0.347142015,4563.355468749981,5939.625000000069,4566.565429687424,5943.273437500026,"1,1,10",0
523,43998000,48.608000000000374,0.00018697991250000003,-0.08527417345833334,-0.00016801036208333333,0.26107348458333335,1200.2626262626263,1320.0,1201.0,1320.7373737373737,0.0,0.0,0.0,0.0,0.0,0.0,0.0,0.0,-0.0008655276999999999,-0.0043276388,-0.0015978954000000004,-3.2965165250000004,0.01616102185,-9.15692525,16.519759615384615,24.892946307692306,101126.72423076922,0.9849373886363636,-0.00018058295,-0.17291140636363636,-0.00026946382000000004,19.140665147727272,0.03287772363636364,-15.427447772727273,3.3298026954545454,0.0013142836409090908,-0.024454096840909094,0.42288267799999996,-0.0359137527,0.34674913,4565.178222656369,5938.2902832030995,4567.289550781304,5942.164062499929,"1,1,10",0
524,44048000,48.65800000000037,8.382697641509435e-05,-0.08467981613207548,-0.00017471559169811318,0.2610584833962264,1200.0,1320.4752475247524,1200.7623762376238,1321.0,0.0,0.0,0.0,0.0,0.0,0.0,0.0,0.0,-0.005825647175,-0.018475693125,-0.002962768875,-3.342605125,0.0034418272125,-9.2654120625,16.462217849056604,24.892937849056604,101127.46075471697,0.9848793612244898,-0.0001996707387755102,-0.17324117102040815,-0.00025464593326530614,19.307104888888887,0.03310715430555555,-15.429628092592592,3.3321624231481484,0.0008188362881944445,-0.023613993722222223,0.42212095400000005,-0.03507246485,0.34568930350000004,4571.273706054723,5938.240307617193,4572.567822265643,5931.497143554545,"1,1,10",0
525,44098000,48.708000000000375,0.00011024041512500001,-0.0848986153125,8.774221250000005e-06,0.26110898,1200.0,1321.4653465346535,1200.2673267326732,1321.0,0.0,0.0,0.0,0.0,0.0,0.0,0.0,0.0,0.0015313159499999998,-0.00366184805,0.0019307931799999998,-3.32434945,0.015562470499999998,-9.185354499999999,16.51815670588235,24.89293082352941,101126.74588235295,0.9848181973076923,-0.00022411406596153845,-0.17358869807692306,-0.0002561892632692308,19.473560444444445,0.03313188902777778,-15.431656796296295,3.3343995990740742,0.0003403191284722223,-0.022838807611111112,0.42256424,-0.036125772,0.34564358,4569.730422247015,5939.7164481028285,4568.844191778155,5939.492164248563,"1,1,10",0
526,44148000,48.75800000000038,0.00013982709466666668,-0.0853076231372549,-3.950125647058824e-05,0.26116659176470586,1200.0,1321.7676767676767,1200.2323232323233,1321.0,0.0,0.0,0.0,0.0,0.0,0.0,0.0,0.0,0.005955799745454546,-0.0077957975818181815,-0.00014526392818181816,-3.3475294090909093,-0.004026449090909094,-9.315077,16.470822615384613,24.892922384615385,101127.31692307693,0.9847805313725491,-0.00017805926235294118,-0.17380216098039217,-0.0002258238643137255,19.640257467391304,0.03307726285869565,-15.43355525,3.3371681163043476,-0.0004960400546195651,-0.02322577118478261,0.4230791991304348,-0.037146264826086954,0.3460348452173913,4570.4584960936545,5945.838378906161,4562.267578125102,5945.907714843689,"1,1,10",0
527,44198000,48.808000000000376,0.000446247755,-0.08504586858333334,-0.0002759052491666667,0.26095044875,1200.0,1321.2626262626263,1200.7373737373737,1321.0,0.0,0.0,0.0,0.0,0.0,0.0,0.0,0.0,0.00372843425,-0.0126500125,0.00239684814,-3.31896235,-0.0694317,-9.172787,16.423505132075473,24.89291545283019,101127.88377358491,0.984733575,-0.0001581146925,-0.17406821625,-0.00017173268875,19.807160184782607,0.0329550329673913,-15.43534275,3.3403892576086958,-0.00163722762798913,-0.024602714119565217,0.42265355,-0.03508778928571429,0.3459573871428571,4560.601074218656,5934.522216796866,4570.184570312504,5939.552490234393,"1,1,10",0
528,44248000,48.858000000000374,0.0002601454646153846,-0.08542561246153846,-2.3679498461538404e-05,0.26089350846153847,1200.0,1320.76,1200.52,1321.24,0.0,0.0,0.0,0.0,0.0,0.0,0.0,0.0,-0.00013315829999999997,-0.0078563255,-0.00426105895,-3.3638538999999996,-0.02035055475,-9.270349249999999,16.45684376470588,24.892909411764705,101127.46470588236,0.9846874192307692,-0.00014323009923076921,-0.17432932923076924,-0.00012751893153846154,19.974906436893203,0.03260936361165048,-15.437464873786407,3.343515949514563,-0.002289168346601942,-0.025120538747572814,0.4233211,-0.034603518,0.346401984,4562.971679687485,5949.706054687449,4563.91455078116,5938.3427734375555,"1,1,10",0
529,44298000,48.90800000000038,-0.00060241555375,-0.0856933135,0.00022158294208333333,0.26082068291666666,1200.0,1320.26,1199.52,1321.74,0.0,0.0,0.0,0.0,0.0,0.0,0.0,0.0,0.01158475475,-0.009454225625,-0.0046605273,-3.30938585,0.003292186975,-9.1228075,16.498773714285715,24.89290257142857,101126.98785714286,0.9846494161538462,3.610593346153845e-05,-0.17454370307692307,-0.00012242005557692307,20.143014203883496,0.032167934485436894,-15.439730407766989,3.346602163106796,-0.002731431841747573,-0.025270169815533983,0.4249485717391304,-0.03675067273913043,0.34636683869565216,4566.681357935867,5943.262104235082,4558.267809416135,5939.232781661278,"1,1,10",0
530,44348000,48.95800000000038,-0.0006746733923076923,-0.08552464984615385,-0.0001724157323076923,0.2609244353846154,1200.0,1320.24,1199.48,1321.76,0.0,0.0,0.0,0.0,0.0,0.0,0.0,0.0,0.0095208015,-0.0007989330500000001,-0.0005326298500000007,-3.3461962749999996,-0.026934609499999998,-9.24102,16.492132,24.892896923076922,101127.0923076923,0.9846073466666666,0.00031688110999999997,-0.17478103,-5.791320533333333e-05,20.311783721649483,0.0319060073814433,-15.44172637113402,3.349685125773196,-0.003114510551546392,-0.02369963287628866,0.4245335519047619,-0.03554744685714286,0.3448235533333333,4563.718261718726,5943.813476562381,4557.402832031303,5950.62597656249,"1,1,10",0
531,44398000,49.00800000000038,-4.527190416666666e-05,-0.08521602854166666,-0.0002684137345833333,0.26116604583333336,1200.0,1320.74,1200.48,1321.26,0.0,0.0,0.0,0.0,0.0,0.0,0.0,0.0,-0.0010319599374999998,-0.010752515749999999,0.0031292147374999994,-3.3400612625,-0.0255878703875,-9.112931125,16.492067357142858,24.892891785714287,101127.1,0.984568206122449,0.0004298990675510204,-0.17500102877551021,4.741157865306122e-05,20.480925474226805,0.031745050164948455,-15.443570701030929,3.3527662597938144,-0.003464297819587629,-0.021161501432989692,0.42437028666666665,-0.035658858,0.3440087333333333,4562.965917968791,5943.888452148504,4567.8277587891525,5950.293017578011,"1,1,10",0
532,44448000,49.058000000000376,-2.611698603773583e-05,-0.08542065113207546,-1.4699380566037738e-05,0.26144281320754714,1200.24,1321.24,1201.0,1321.0,0.0,0.0,0.0,0.0,0.0,0.0,0.0,0.0,-0.01171789925,-0.007123978275,0.0001331507000000001,-3.337517375,-0.033219395,-9.165303999999999,16.492336264150943,24.892886283018868,101127.08320754717,0.9845206961538462,0.0003563290630769231,-0.17526786076923076,9.138440873076923e-05,20.650606838383837,0.031186629161616165,-15.44478086868687,3.3559295040404042,-0.003706618898989899,-0.019275855636363637,0.4212629,-0.0365582728,0.3447038675,4566.38081054695,5951.733276367272,4568.607934570309,5947.097534179619,"1,1,10",0
533,44498000,49.10800000000038,2.663790702127659e-05,-0.08566682319148936,0.00013280198574468086,0.2616039629787234,1200.74,1321.74,1201.0,1321.0,0.0,0.0,0.0,0.0,0.0,0.0,0.0,0.0,0.0007989480782627799,0.000798947735,-0.00332895185,-3.34290425,0.038307389,-9.2039105,16.490868346153846,24.89288098076923,101127.07461538461,0.9844880484615385,0.00028337825346153847,-0.17545163923076923,8.964086586538462e-05,20.820519464646466,0.030457866535353536,-15.445719252525253,3.3591279383838386,-0.00390288304040404,-0.017669846545454546,0.42290651913043475,-0.035671026782608695,0.3453858308695652,4563.849609374964,5957.78564453131,4563.977294921866,5953.859130859376,"1,1,10",0
534,44548000,49.158000000000385,0.00014525092846153845,-0.08575459461538462,2.3146181538461535e-05,0.26173410461538466,1200.76,1322.24,1200.76,1321.24,0.0,0.0,0.0,0.0,0.0,0.0,0.0,0.0,0.0051265818250000005,-0.011185285375,0.007889611625000001,-3.3613098125,-0.017507438750000003,-9.20510775,16.483644538461537,24.892875807692306,101127.16509615385,0.9844648355813954,0.0002890727586046512,-0.17558205488372092,0.00013041444674418605,20.990510326732675,0.029577271415841586,-15.44592693069307,3.3623501336633663,-0.004352139118811881,-0.016133746732673267,0.4246132775,-0.03574284675,0.34398222,4565.087890625051,5945.778808593856,4574.84960937498,5957.921386718757,"1,1,10",0
535,44598000,49.20800000000038,8.181649166666667e-05,-0.08626540875,5.608806520833333e-05,0.26192328000000004,1200.26,1322.74,1200.26,1321.74,0.0,0.0,0.0,0.0,0.0,0.0,0.0,0.0,0.0033622412249999997,-0.00492685575,-0.00013315146249999986,-3.396474875,-0.013616862125000004,-9.2143855,16.464953884615383,24.89287003846154,101127.41221153847,0.9844314726923077,0.00034821746346153846,-0.175768615,0.0002270282046153846,21.160531613861387,0.028637630326732673,-15.445850445544554,3.3655815693069306,-0.004899780950495049,-0.014624833861386138,0.4234462365,-0.035132743599999995,0.344077064,4566.764391447295,5959.89823190796,4569.057128906191,5960.2212685033455,"1,1,10",0
536,44648000,49.25800000000038,-4.240518000000001e-05,-0.08606981892307693,0.00010918614876923076,0.26209564461538465,1200.24,1322.52,1200.48,1322.24,0.0,0.0,0.0,0.0,0.0,0.0,0.0,0.0,0.003728426,-0.0010652627,-0.0007989481,-3.3435028,0.04070159,-9.289502,16.483357470588235,24.89286423529412,101127.17411764705,0.9844045092307693,0.00040815963076923074,-0.17591915923076923,0.0002634507276923077,21.330041883495145,0.027708904699029126,-15.445295533980582,3.369362485436893,-0.004620607936893204,-0.01373404631067961,0.424161742,-0.0349071429,0.34473596749999996,4567.3750000001255,5963.2148437499245,4565.065917968846,5964.978515624933,"1,1,10",0
537,44698000,49.30800000000038,-0.00025569067583333335,-0.08535480241666667,-0.00031929074825,0.2621292829166667,1200.74,1321.52,1201.48,1322.74,0.0,0.0,0.0,0.0,0.0,0.0,0.0,0.0,0.0014647423625,-0.01378185975,0.001830913725,-3.3479918375,-0.01675925225,-9.251643375,16.436513961538463,24.892858653846154,101127.73615384616,0.9843566784615385,0.00048491326615384615,-0.17618621884615385,0.0003080826884615384,21.49933314563107,0.02678485712621359,-15.444535582524272,3.3733788932038835,-0.003987085703883495,-0.013108169611650485,0.4256336257142857,-0.03663092114285715,0.34451886,4574.582648026363,5958.142680921072,4572.449681332249,5961.331363075509,"1,1,10",0
538,44748000,49.35800000000039,-9.443126923076923e-05,-0.0859913323076923,-0.00033094709061538466,0.26202184,1201.0,1321.7128712871288,1201.5247524752476,1322.7623762376238,0.0,0.0,0.0,0.0,0.0,0.0,0.0,0.0,0.0026631497,-0.011185281,1.4840726e-08,-3.3961756,-0.06344619,-9.19972,16.503689076923077,24.892853153846154,101126.95538461539,0.9843042066666667,0.0005160652,-0.17647923333333335,0.00035614351333333337,21.66913041904762,0.025635365561904763,-15.44383198095238,3.3770512685714285,-0.004472341067619048,-0.011870679676190475,0.42350928666666665,-0.03484843619047619,0.34472672285714284,4572.521530877944,5960.076288132461,4574.006115141344,5955.03394717261,"1,1,10",0
539,44798000,49.408000000000385,2.807423673469397e-06,-0.08683942591836735,0.0004863606797755101,0.2621663518367347,1201.0,1323.1980198019803,1200.5346534653465,1322.2673267326732,0.0,0.0,0.0,0.0,0.0,0.0,0.0,0.0,-0.0018642049149999998,-0.006258434,-0.00039947155000000017,-3.3848029,-0.016759256,-9.120711499999999,16.523422785714285,24.89284575,101126.71500000001,0.9842832358490566,0.0005506765433962264,-0.1765960524528302,0.00039044032641509437,21.839212323809523,0.024359061752380954,-15.443160076190475,3.3805301257142855,-0.00558690882952381,-0.010289157295238095,0.42398767000000004,-0.033806179,0.34398551499999996,4566.106863839337,5960.928734189049,4572.911946614498,5963.458682105712,"1,1,10",0
540,44848000,49.45800000000038,6.51541001764706e-05,-0.08661172215686275,0.0004284921415686274,0.26226432352941176,1200.77,1323.77,1200.0,1322.23,0.0,0.0,0.0,0.0,0.0,0.0,0.0,0.0,0.0023968522,-0.0063915853,0.00079894165,-3.3423057,0.027533485,-9.315839,16.528969076923076,24.892839384615385,101126.6276923077,0.9842653235294118,0.0006138719529411765,-0.17669550705882353,0.0004361404470588235,22.00936915217391,0.02306512870652174,-15.443324673913043,3.3843081847826086,-0.006411760140217391,-0.010888807076086957,0.4265870695652174,-0.03419279460869565,0.3450986030434783,4572.394042968724,5967.548828124953,4570.06933593751,5964.335937499966,"1,1,10",0
541,44898000,49.508000000000386,-9.079007304081632e-05,-0.08646033285714286,-0.00020678037632653062,0.26202020204081633,1200.27,1323.27,1200.0,1322.73,0.0,0.0,0.0,0.0,0.0,0.0,0.0,0.0,0.005533461333333333,-0.0009469039060725557,0.003994739655555555,-3.4110728444444445,-0.0038571652222222216,-9.238027333333333,16.502785461538462,24.89283169230769,101126.96230769232,0.9842458266666667,0.0006908580444444445,-0.17680393066666666,0.00047738217333333335,22.179589804347827,0.02175617816304348,-15.444201847826086,3.3883411195652173,-0.006989815955434782,-0.013346492402173914,0.42523382857142855,-0.036307676428571425,0.34438155,4565.898668791046,5964.096551192464,4565.748509457211,5964.32812500007,"1,1,10",0
542,44948000,49.55800000000039,-0.00016878771400000002,-0.08664568990909091,-0.00015463139672727274,0.261876748,1200.0,1323.0,1200.0,1322.7676767676767,0.0,0.0,0.0,0.0,0.0,0.0,0.0,0.0,0.014647391,0.0005326586,-0.002396824,-3.4668045,-0.009576649,-9.13867,16.498272,24.892824,101127.02,0.9842346019607844,0.0008666026568627451,-0.17686511392156862,0.0005687074549019607,22.35013375,0.02029730445,-15.445170599999999,3.39115715,-0.00742321858,-0.015334548199999999,0.42514893,-0.033722558,0.34518898000000003,4566.782877604249,5964.960239955337,4556.475562685884,5969.77371651788,"1,1,10",0
543,44998000,49.60800000000039,0.00028144009318181815,-0.08640146159090908,-0.00011629338063636363,0.2617144904545454,1200.0,1323.0,1200.0,1322.2626262626263,0.0,0.0,0.0,0.0,0.0,0.0,0.0,0.0,-0.00016644221249999974,-0.00992027575,-0.0009986886875,-3.3945293375,-0.06973096875,-9.20166525,16.493841811320756,24.892815509433962,101127.05301886791,0.98420388625,0.000985462025,-0.17703529625,0.00062300055,22.52081625,0.01877417795,-15.4461786,3.3934516500000003,-0.00779462698,-0.017121334199999998,0.4255295242857143,-0.03496590571428571,0.34344484857142854,4562.258994654597,5960.882478412947,4560.476459703932,5961.669613486758,"1,1,10",0
544,45048000,49.658000000000385,0.0005108008646153846,-0.08620000615384615,-8.592690169230772e-05,0.26169219615384615,1199.76,1323.0,1200.0,1322.24,0.0,0.0,0.0,0.0,0.0,0.0,0.0,0.0,-0.0028629041125,-0.00852211525,0.0018975001624999999,-3.390489375,0.015113557625,-9.100510250000001,16.493576,24.89280776923077,101127.05048076923,0.9841583942857143,0.0009154398464285714,-0.1772881542857143,0.0006285874785714286,22.69157785,0.01745998745,-15.446922,3.39639491,-0.008093194325,-0.01708275015,0.42713359391304345,-0.035287047391304345,0.3433939256521739,4561.79345703125,5965.3315429687,4561.529296875089,5961.266113281242,"1,1,10",0
545,45098000,49.70800000000039,-2.7540333749999992e-05,-0.08654272333333334,-0.00027574436666666667,0.26177901541666665,1199.26,1323.0,1200.0,1322.74,0.0,0.0,0.0,0.0,0.0,0.0,0.0,0.0,0.0040613214500000005,-0.0061252716249999995,-0.0012649906500000001,-3.43777445,0.002394364425,-9.360432249999999,16.542332634615384,24.892800942307694,101126.47884615384,0.9841183655555555,0.0008981831651111111,-0.17751012755555556,0.0006589976,22.86237335,0.01623534095,-15.447552,3.39961621,-0.008360544075,-0.01626186465,0.42618849047619045,-0.03492412,0.34335737523809523,4561.759842722039,5965.946982935898,4560.744500411013,5960.7172080591745,"1,1,10",0
546,45148000,49.75800000000039,-0.00014616408923076924,-0.08716200461538462,-9.221524461538463e-05,0.2617972146153846,1199.2376237623762,1322.7623762376238,1200.2376237623762,1323.0,0.0,0.0,0.0,0.0,0.0,0.0,0.0,0.0,0.007989485075,-0.0055926432000000005,-0.00519316025,-3.4775785,-0.06135127,-9.037215,16.507210557692307,24.892791730769233,101126.90269230769,0.9840935009803922,0.001005947296862745,-0.17764723274509803,0.0006643830221568628,23.03317907070707,0.014770116848484848,-15.44821296969697,3.401394281818182,-0.008819891272727273,-0.015903426828282826,0.4237351365,-0.035195319999999995,0.345350021,4563.993188476661,5968.149682617193,4554.481103515642,5963.36035156252,"1,1,10",0
547,45198000,49.80800000000039,-0.00017703567877551022,-0.08669380265306123,-0.00015057198010204082,0.26189555,1199.7326732673268,1322.2673267326732,1200.7326732673268,1323.0,0.0,0.0,0.0,0.0,0.0,0.0,0.0,0.0,0.000133145484906,-0.0146473865,0.00213052395,-3.48715495,-0.036511418500000004,-9.1919385,16.475623921568626,24.89278356862745,101127.25921568628,0.9840461075510204,0.0011156106755102041,-0.1779087993877551,0.0006915668389795919,23.203989171717172,0.01320178806060606,-15.448887212121212,3.4025538272727274,-0.009361523090909091,-0.015743180868686868,0.4262267391304348,-0.03508415152173913,0.34306439304347824,4562.759300595263,5966.49820963525,4559.242792038772,5964.067499069972,"1,1,10",0
548,45248000,49.85800000000039,-0.00017432502134615384,-0.08668581134615386,-0.0003676328923076923,0.2618157644230769,1200.0,1322.2323232323233,1200.5353535353536,1322.7676767676767,0.0,0.0,0.0,0.0,0.0,0.0,0.0,0.0,0.00412791245,-0.0126500105,-0.0018642071499999997,-3.4476506000000002,-0.005386793000000001,-9.123106,16.46648923076923,24.892775076923076,101127.36615384616,0.9839809946153846,0.001180023298076923,-0.17826789673076923,0.0007641692678846154,23.37538204,0.01156807412,-15.449493239999999,3.405089512,-0.00860993748,-0.015275512159999999,0.424479038,-0.0342398284,0.34235359400000004,4565.583007812398,5958.5463867187855,4561.166015625007,5963.012207031343,"1,1,10",0
549,45298000,49.90800000000039,-0.00023760393617021277,-0.08714030617021278,6.159826446808513e-05,0.2618354804255319,1200.0,1322.7373737373737,1199.5252525252524,1322.2626262626263,0.0,0.0,0.0,0.0,0.0,0.0,0.0,0.0,-0.0004945750142857142,0.0006087260800000001,-0.005402413871428572,-3.4134479714285715,0.0032494354571428567,-9.226912285714286,16.465406,24.892767153846155,101127.38,0.9839384866666666,0.0012099302,-0.17850183666666666,0.00081781314,23.54700154,0.009908932620000001,-15.45007274,3.408160362,-0.007355433979999999,-0.01468829016,0.42568563,-0.03415265330434783,0.3440026904347826,4557.658691406226,5965.820312500021,4558.062988281207,5971.594970703163,"1,1,10",0
550,45348000,49.958000000000396,7.354587755101748e-07,-0.08697870428571429,7.688086591836732e-05,0.26174713673469385,1200.0,1323.0,1199.0,1322.2376237623762,0.0,0.0,0.0,0.0,0.0,0.0,0.0,0.0,-0.0055926354,0.0005326227,-0.003994749,-3.4165258,0.039504487,-9.197328,16.465406,24.892758769230767,101127.39384615385,0.9839171424489797,0.0011342321142857143,-0.17862014591836733,0.0008273355612244897,23.718623114285712,0.008229499857142858,-15.4506886,3.412086474285714,-0.007180570085714285,-0.014592683885714287,0.425698714,-0.0347140276,0.343113302,4557.301269531171,5971.476074218678,4555.057128906335,5962.308593750046,"1,1,10",0
551,45398000,50.00800000000039,5.0847135384615326e-05,-0.08703559576923077,-0.00011870611750000002,0.26167711250000003,1200.0,1323.0,1199.0,1322.7326732673268,0.0,0.0,0.0,0.0,0.0,0.0,0.0,0.0,-0.0007989558428571429,-0.009891741957142857,0.0026631597000000003,-3.3647085714285714,-0.04737082928571429,-9.097455285714284,16.50456116981132,24.89275086792453,101126.90283018867,0.9838940375,0.0010238045520833332,-0.17874805062500002,0.000839479425,23.890245495238094,0.006542176047619048,-15.4513186,3.4163451885714284,-0.0074255660380952385,-0.014688261504761905,0.42523242260869565,-0.03526131130434783,0.3430555743478261,4556.024739583351,5964.16901506697,4561.130254836321,5965.166596912259,"1,1,10",0
552,45448000,50.05800000000039,-0.0001562205297692308,-0.08736703701923076,-9.375517326923078e-05,0.26182000615384615,1199.7676767676767,1323.0,1199.2323232323233,1323.2323232323233,0.0,0.0,0.0,0.0,0.0,0.0,0.0,0.0,0.0014980272249999998,0.0028961825749999996,-0.0055260644,-3.457078,0.0098762419875,-9.0973693125,16.543235057692307,24.892742038461538,101126.41336538462,0.9838703485416667,0.00102610888125,-0.17887793895833334,0.0008619108,24.062125484848487,0.004955935016161616,-15.451958494949496,3.4199938434343435,-0.00733909534040404,-0.014325725606060607,0.425742002,-0.03437860275,0.341970224,4560.987011718774,5974.869335937652,4552.131542968694,5965.375708007883,"1,1,10",0
553,45498000,50.108000000000395,-0.0001268444799148936,-0.08779619510638298,-0.00043491063978723404,0.2619133006382979,1199.2626262626263,1323.0,1199.7373737373737,1323.7373737373737,0.0,0.0,0.0,0.0,0.0,0.0,0.0,0.0,0.0026631628749999997,0.003861579775,0.0028629006875,-3.4054528625000002,-0.0190038150625,-9.1949328125,16.530583647058826,24.892733450980394,101126.59184313726,0.9838693352941177,0.0010712939411764706,-0.17888329647058823,0.0008938872594117647,24.234163363636362,0.0034316479454545457,-15.452604454545455,3.4232685909090907,-0.007049467663636363,-0.013682410454545456,0.42586219904761907,-0.03464127514285714,0.34386611142857143,4553.467002467136,5969.193025287782,4551.69957853616,5976.400467722045,"1,1,10",0
554,45548000,50.1580000000004,3.8381389230769235e-05,-0.08742471538461538,2.619638846153852e-05,0.26186127615384613,1199.24,1323.0,1199.76,1324.0,0.0,0.0,0.0,0.0,0.0,0.0,0.0,0.0,-0.0028407084333333336,-0.003787607111111111,0.0026927485333333324,-3.4291623555555555,0.04655408888888888,-9.143989111111111,16.504772307692306,24.892725153846154,101126.91892307693,0.9838513333333333,0.001090298875,-0.1789817075,0.0009810598675,24.406535666666667,0.0016073729466666669,-15.453732666666667,3.4263458666666664,-0.0069548734666666666,-0.013111999666666667,0.42681135,-0.03450426761904762,0.34371918904761906,4551.0131835938555,5969.205078125104,4560.14746093752,5971.701171874843,"1,1,10",0
555,45598000,50.208000000000396,-0.00012640269583333335,-0.08742324,0.00039525993666666666,0.26190143666666665,1199.74,1323.0,1199.26,1324.0,0.0,0.0,0.0,0.0,0.0,0.0,0.0,0.0,0.00399474015,-0.011318437,0.0015979,-3.4057524,0.005387114,-9.197326,16.5217465,24.892717500000003,101126.73000000001,0.9838079292307693,0.0010784246038461538,-0.1792195653846154,0.001023604296153846,24.579096083333333,-0.00038564526166666663,-15.455132145833334,3.4293120645833333,-0.0069699856020833326,-0.012582597583333332,0.42713528,-0.034596866,0.342656839,4560.391601562525,5971.635009765609,4558.729003906139,5967.352783203217,"1,1,10",0
556,45648000,50.25800000000039,-0.0005966380769230769,-0.08756270769230769,-0.00011187965846153847,0.2620216415384615,1200.0,1323.2376237623762,1199.2376237623762,1323.7623762376238,0.0,0.0,0.0,0.0,0.0,0.0,0.0,0.0,0.00466053165,-0.00572579615,0.0029294793999999997,-3.44346105,0.020949425,-9.1656035,16.51488453846154,24.892709384615383,101126.82538461538,0.9837638830769231,0.0011797992769230767,-0.17946046923076925,0.0010983426615384616,24.751324643564356,-0.0027122563861386143,-15.456375524752476,3.4317306633663365,-0.007415759495049505,-0.01213008800990099,0.425725164,-0.036211210199999996,0.341494364,4555.435546875069,5969.751464843658,4558.707519531287,5975.841308593777,"1,1,10",0
557,45698000,50.3080000000004,-0.00011898979142857145,-0.08735464244897959,-0.00014871520734693877,0.26210055346938776,1200.0,1323.7326732673268,1199.7326732673268,1323.2673267326732,0.0,0.0,0.0,0.0,0.0,0.0,0.0,0.0,-0.0019307982625,-0.0042610576325,-0.0044607965,-3.4738371999999997,-0.033967582975,-9.148243625000001,16.516520490566037,24.8926998490566,101126.79169811321,0.983726987755102,0.0012161746857142857,-0.17966219020408164,0.0011646480897959184,24.92342414851485,-0.005168598089108911,-15.457558198019802,3.433936306930693,-0.008029012960396039,-0.01170748107920792,0.4263033745,-0.0337232025,0.34270670200000003,4559.965332031282,5980.648730468817,4554.9245605469005,5969.716650390549,"1,1,10",0
558,45748000,50.3580000000004,0.0001805184261764706,-0.08772697352941176,-0.0002683992698039215,0.262108892745098,1200.0,1323.77,1200.0,1323.23,0.0,0.0,0.0,0.0,0.0,0.0,0.0,0.0,0.00346211545,-0.00486026705,0.0011318378450000002,-3.43178925,-0.01586143,-9.0285345,16.55295494117647,24.892691392156863,101126.33509803921,0.9837018,0.0011992414363636364,-0.1798001098181818,0.0011649859945454546,25.0950207,-0.00670171329,-15.45910475,3.435660425,-0.0076844645,-0.01200832515,0.425555839,-0.03433892115,0.342844527,4556.529785156179,5978.5209960936745,4553.279296875079,5977.466796875098,"1,1,10",0
559,45798000,50.4080000000004,-0.0001533491698979592,-0.08774591897959183,-0.0006265581232653061,0.26207005326530614,1200.0,1323.27,1200.0,1323.73,0.0,0.0,0.0,0.0,0.0,0.0,0.0,0.0,0.010053423,-0.011385025,-0.001065267975,-3.45812555,0.059855209500000006,-9.1539325,16.53122558490566,24.892683603773584,101126.58245283019,0.9836694685714286,0.0012830436571428573,-0.17997587142857144,0.0012560482428571429,25.2664017,-0.00783915999,-15.46080725,3.437178175,-0.006929429500000001,-0.012619219650000001,0.42485255857142856,-0.034054930857142854,0.3427178285714286,4556.009790039005,5971.838330077985,4555.3898437501,5979.067236328137,"1,1,10",0
560,45848000,50.458000000000396,-0.00022699676865384617,-0.08771414042307693,-0.0003307448025,0.26214497884615384,1200.0,1323.2323232323233,1200.0,1324.0,0.0,0.0,0.0,0.0,0.0,0.0,0.0,0.0,-0.0007989568,-0.010386328,0.0002663362,-3.4656074,-0.038307074,-9.175777,16.543235653846153,24.892674403846154,101126.45826923077,0.9836090127272727,0.0013278190045454546,-0.18030492045454546,0.0013299473045454546,25.43751211111111,-0.008976644,-15.461396484848485,3.439298404040404,-0.007162726727272727,-0.011349061030303031,0.426989304,-0.035459458400000005,0.342370534,4560.71289062488,5975.068847656299,4561.242187499985,5972.498046875058,"1,1,10",0
561,45898000,50.5080000000004,5.407497892978723e-05,-0.08794906795744681,-0.00018999897759574468,0.26236008936170213,1200.0,1323.7373737373737,1200.0,1324.0,0.0,0.0,0.0,0.0,0.0,0.0,0.0,0.0,-0.006458166525,-6.657781999999993e-05,0.0030626359749999998,-3.4470522,0.0002994351999999999,-9.157823,16.53138805357143,24.89266567857143,101126.59589285715,0.9835698346153846,0.001254770176923077,-0.1805189646153846,0.0013314764384615386,25.608506555555557,-0.010114144,-15.461508606060606,3.4416768383838385,-0.00781959490909091,-0.009272736787878788,0.42761007652173916,-0.0362396402173913,0.3418243434782609,4551.461379278376,5987.5906575521485,4558.137207031225,5979.807942708281,"1,1,10",0
562,45948000,50.558000000000405,-0.00023663363933396225,-0.08767740018867924,-0.0002973190932641509,0.2622880483018868,1200.0,1323.76,1199.76,1324.0,0.0,0.0,0.0,0.0,0.0,0.0,0.0,0.0,0.015612787999999999,-0.012317117499999999,-0.0036285534325,-3.4837134875,0.026486016749999994,-9.26960125,16.472628346153844,24.89265651923077,101127.28173076923,0.9835323116666667,0.0013358869104166666,-0.180722378125,0.00137051806875,25.779415,-0.0115632114,-15.46193528,3.444324888,-0.007607501799999999,-0.00987883392,0.428766256,-0.032665162850000005,0.340963511,4566.911621093649,5976.481933593648,4558.208984375045,5979.570800781312,"1,1,10",0
563,45998000,50.6080000000004,-0.00041886903468085106,-0.0876373770212766,-0.00040681817319148934,0.2620833085106383,1200.0,1323.26,1199.26,1324.0,0.0,0.0,0.0,0.0,0.0,0.0,0.0,0.0,0.0014837635714285713,-0.004070829428571428,-0.002434892342857143,-3.4594503857142858,-0.015733164571428572,-9.214426857142858,16.491139115384616,24.89264603846154,101127.0701923077,0.9834823764705882,0.001517639788235294,-0.1809919288235294,0.001455760611764706,25.950290000000003,-0.0131334439,-15.46248428,3.447077788,-0.0070574793,-0.01152809492,0.4271758869565217,-0.03361891617391304,0.3405365643478261,4554.18896484371,5974.956542968752,4556.325195312521,5980.56079101561,"1,1,10",0
564,46048000,50.6580000000004,-1.6115093076923045e-05,-0.08793549692307692,8.375453692307689e-05,0.26190352461538463,1199.7623762376238,1323.0,1199.0,1323.7623762376238,0.0,0.0,0.0,0.0,0.0,0.0,0.0,0.0,-0.001264999275,-0.000399474875,-0.0044940848125,-3.4533371375,0.058209195,-9.279926625,16.513168653846154,24.892636365384615,101126.78076923077,0.9834585923076923,0.0015305000076923077,-0.1811209276923077,0.0014619333923076923,26.12185453846154,-0.014682565653846154,-15.463680615384616,3.450292273076923,-0.006559907103846154,-0.01284275776923077,0.4276787895,-0.034502161,0.340516745,4551.844726562481,5978.582031250015,4547.2216796874845,5974.3588867186745,"1,1,10",0
565,46098000,50.7080000000004,2.755111224489801e-05,-0.08792096914285714,0.00018311000040816325,0.2617143020408163,1199.2673267326732,1323.0,1199.0,1323.2673267326732,0.0,0.0,0.0,0.0,0.0,0.0,0.0,0.0,-0.00206395025,-0.0039281687999999995,0.007390269499999999,-3.441665275,0.03172334,-9.2260565,16.526893442307692,24.89262580769231,101126.62480769231,0.9834391094339623,0.001498629258490566,-0.18122698226415093,0.0014760814735849056,26.293687230769233,-0.016223477673076924,-15.465128692307692,3.453686263461538,-0.006082732248076923,-0.014027299115384615,0.4281748385714286,-0.03490845514285715,0.3415687885714286,4546.263183593745,5972.798095703124,4556.131103515684,5980.7153320312755,"1,1,10",0
566,46148000,50.75800000000041,-0.0001223912491923077,-0.08809652526923077,6.163262303846153e-05,0.2616421019230769,1198.7676767676767,1323.0,1198.7676767676767,1323.0,0.0,0.0,0.0,0.0,0.0,0.0,0.0,0.0,-0.0020972395625,0.0018642130625,0.0005992131627354999,-3.5271080625,0.0028432768749999983,-9.222316000000001,16.549465557692308,24.892616192307692,101126.3651923077,0.9834164852272728,0.0014764108659090908,-0.1813490881818182,0.0015693073136363637,26.46520812,-0.01760511928,-15.4669044,3.45653898,-0.005642566484,-0.01583566392,0.427513653,-0.0336141349,0.341770855,4544.770141601448,5975.90192871104,4551.598144531209,5979.075146484397,"1,1,10",0
567,46198000,50.808000000000405,8.129857363829787e-05,-0.08840857608510638,1.8418151021276592e-05,0.26139362936170213,1198.2626262626263,1323.0,1198.2626262626263,1323.0,0.0,0.0,0.0,0.0,0.0,0.0,0.0,0.0,0.0019973721499999997,-0.006757771875,0.00372842425,-3.463662175,0.024391090125,-9.1647065625,16.549917,24.892607519230772,101126.36,0.9834002794117647,0.0014519534647058825,-0.1814365305882353,0.0016215466,26.63655362,-0.01889717128,-15.4688644,3.45908723,-0.0052232183339999995,-0.01799492942,0.4270722395,-0.03589100355,0.33992594649999996,4540.535747327305,5970.682385896338,4547.455078125053,5976.518734580487,"1,1,10",0
568,46248000,50.8580000000004,0.000252675763,-0.0886736,-0.00027334818815384615,0.26121904307692306,1197.76,1323.24,1198.0,1323.24,0.0,0.0,0.0,0.0,0.0,0.0,0.0,0.0,0.0013315811777777776,-0.0048824623777777775,-0.002485616211111111,-3.517614488888889,-0.009842671511111109,-9.060725333333332,16.501771054545454,24.892598454545453,101126.94963636364,0.9833772769230769,0.0014444673923076923,-0.18156061384615385,0.0016798133307692309,26.807539333333334,-0.020809928000000002,-15.471455333333333,3.4602904666666667,-0.005440067666666666,-0.019370550333333333,0.4297618095238095,-0.03462654304761905,0.34186683523809525,4539.279296874882,5968.5048828125755,4540.384277343731,5969.090820312606,"1,1,10",0
569,46298000,50.908000000000406,0.000299317228125,-0.08929141041666666,-0.0002941380315,0.26117347083333337,1197.26,1323.74,1198.0,1323.74,0.0,0.0,0.0,0.0,0.0,0.0,0.0,0.0,-0.0018642108,-0.000932104,-0.0029294803,-3.50211875,0.0107740675,-9.2104945,16.51632869230769,24.89258973076923,101126.76730769231,0.98337008625,0.0014520998375,-0.18159922,0.0017252101875,26.978322666666667,-0.023071831125,-15.474401166666667,3.4607371333333337,-0.006014778083333333,-0.020305371166666666,0.42747625300000003,-0.0352225911,0.34152212800000004,4531.953613281179,5975.063232421908,4536.147460937425,5975.109863281324,"1,1,10",0
570,46348000,50.95800000000041,-0.00010602968653846154,-0.08907319999999999,-0.00027636407784615387,0.26124384384615384,1197.48,1323.76,1198.24,1324.0,0.0,0.0,0.0,0.0,0.0,0.0,0.0,0.0,0.0013557906363636364,-0.005810535636363636,0.001162105909090909,-3.4751836272727274,-0.0030470058545454546,-9.130941,16.496942981132076,24.892580452830188,101126.98679245284,0.983348505,0.0015007736857142857,-0.18171512,0.0017757778214285715,27.14903088,-0.02483893108,-15.47683232,3.4605145840000002,-0.006623713184,-0.0195939906,0.4290937733333334,-0.032806471,0.34186358,4532.502929687583,5979.2387695311645,4536.678710937498,5975.16503906253,"1,1,10",0
571,46398000,51.00800000000041,-0.0002677606254166666,-0.088431505,-0.00046974341833333337,0.26142575166666665,1198.48,1323.26,1198.74,1324.0,0.0,0.0,0.0,0.0,0.0,0.0,0.0,0.0,0.0110521095,-0.0211721395,-0.00452737125,-3.46919875,-0.052672285,-9.198523999999999,16.52634994117647,24.89257219607843,101126.65196078432,0.9832820227272727,0.0016289138227272727,-0.18207284954545455,0.0018299315954545454,27.31970988,-0.02641360758,-15.47906332,3.460031784,-0.007245957884,-0.0182424206,0.429130715,-0.0338542882,0.33895440600000004,4544.984130859306,5972.903076171777,4539.792724609446,5974.108154296969,"1,1,10",0
572,46448000,51.058000000000405,-0.00018198502641509433,-0.0881234558490566,-0.00016336563056603773,0.2614513569811321,1198.7525773195875,1323.2474226804125,1198.5051546391753,1323.7525773195875,0.0,0.0,0.0,0.0,0.0,0.0,0.0,0.0,0.002751941711111111,-0.018257442555555555,-0.004349857655555556,-3.4469857,-0.00039887133333332825,-9.239226555555556,16.530959830188678,24.892565245283016,101126.58169811321,0.9831886836734695,0.0017945630142857144,-0.18257407204081633,0.0018851611673469388,27.490735841584158,-0.027595839693069307,-15.480788673267327,3.461635114851485,-0.006246239302970297,-0.018215555574257424,0.4290743542857143,-0.034467057142857145,0.33969154142857144,4547.590625000033,5974.630419921962,4540.849755859367,5976.23007812495,"1,1,10",0
573,46498000,51.10800000000041,-0.00015802028227272728,-0.08856965625,0.0002017231969318182,0.2613218836363636,1198.2371134020618,1323.7628865979382,1197.4742268041236,1323.2371134020618,0.0,0.0,0.0,0.0,0.0,0.0,0.0,0.0,-0.003119704142857143,-0.010043921142857142,-0.0018261696571428572,-3.4789458714285715,0.017272615571428573,-9.201943,16.541339596153847,24.892557923076925,101126.45048076923,0.9831281571153846,0.0018115592923076923,-0.18289974615384616,0.0018803972134615384,27.661896732673267,-0.028625454544554455,-15.482317386138613,3.4640497188118813,-0.0046157572237623765,-0.018703853594059405,0.4305360608695652,-0.032696434782608697,0.33828257869565215,4544.630254836204,5974.841634114534,4539.696847098168,5973.055152529842,"1,1,10",0
574,46548000,51.15800000000041,-0.0003991181406779661,-0.08923823338983052,4.4122852542372915e-05,0.2612843206779661,1198.0,1324.2596153846155,1197.2596153846155,1323.0,0.0,0.0,0.0,0.0,0.0,0.0,0.0,0.0,-0.003946302763636364,-0.007166330090909091,-0.0022757990545454543,-3.4932494000000003,0.03058064527272727,-9.154884090909091,16.51353075,24.89255201923077,101126.79115384615,0.983098671372549,0.0017627293156862744,-0.18305907529411766,0.001841164594117647,27.83416351851852,-0.029237034879629628,-15.483494796296297,3.4663450814814816,-0.0034170897481481484,-0.018397852953703702,0.430459512,-0.03333459325,0.3405293275,4541.487768554721,5979.515307617247,4536.095898437478,5973.832836914063,"1,1,10",0
575,46598000,51.20800000000041,-0.00012281832400000002,-0.08932015,-4.581332000000004e-06,0.261360448,1198.0,1324.7403846153845,1197.7403846153845,1323.0,0.0,0.0,0.0,0.0,0.0,0.0,0.0,0.0,-0.00266316505,0.0022636822,0.00026631924999999997,-3.5308489,-0.045489672499999995,-9.22485975,16.51768401923077,24.892545538461537,101126.77211538462,0.9830785509433962,0.0016785108962264152,-0.1831678132075472,0.0018104289603773586,28.00690425925926,-0.029669457564814816,-15.484521648148148,3.4685893407407407,-0.002403485674074074,-0.01775143860185185,0.42926204,-0.0343846587,0.339295129,4536.956101190595,5982.69145275308,4532.928338913788,5982.34812127959,"1,1,10",0
576,46648000,51.25800000000041,0.00030729917576923085,-0.08910372865384615,0.0002722655025,0.2615897925,1198.0,1325.2323232323233,1197.7676767676767,1323.2323232323233,0.0,0.0,0.0,0.0,0.0,0.0,0.0,0.0,-0.00036618450000000004,-0.010053432875,0.0024634233375,-3.4539356375000003,-0.04997880275,-9.097519625,16.54296426923077,24.892538884615384,101126.49403846155,0.9830444340909091,0.0015544327045454544,-0.1833522965909091,0.0017689449704545454,28.180092565217393,-0.030175698326086957,-15.485178891304347,3.471103735869565,-0.0020632473652173913,-0.016217531141304347,0.4294990260869565,-0.03380160895652174,0.3378576652173913,4539.237304687495,5974.5625000000655,4540.021484375005,5976.738769531288,"1,1,10",0
577,46698000,51.30800000000041,5.159681063829813e-06,-0.08966818234042553,0.0001828051182978723,0.2617725710638298,1198.0,1325.7373737373737,1197.2626262626263,1323.7373737373737,0.0,0.0,0.0,0.0,0.0,0.0,0.0,0.0,-0.00199736775,0.00479369,-0.001731061675,-3.4814689750000003,-0.04489112825,-9.095273,16.531412666666668,24.89253305882353,101126.61705882353,0.9830185927272728,0.0014889591381818182,-0.18349183854545453,0.0017635489254545454,28.353662130434785,-0.03074482115217391,-15.485521282608696,3.4738482467391307,-0.0022966169304347826,-0.013927611032608696,0.4281538225,-0.0338229417,0.33913733149999997,4538.187243009882,5986.698087993505,4539.244500411178,5984.120990954048,"1,1,10",0
578,46748000,51.358000000000416,0.00037283430230769234,-0.08988327923076923,0.00029568077846153844,0.2619889984615385,1198.2307692307693,1325.7692307692307,1197.4615384615386,1324.0,0.0,0.0,0.0,0.0,0.0,0.0,0.0,0.0,0.001186317401818182,-0.0029294765090909095,0.0005568422281818182,-3.5508193,0.025356933999999998,-9.066624272727273,16.514884615384616,24.89252769230769,101126.7976923077,0.9830157090909091,0.0014268838363636364,-0.1835077490909091,0.0017505778090909092,28.5277472,-0.03164013325,-15.485370249999999,3.47577151,-0.00270799246,-0.01223566985,0.429582892,-0.0348311382,0.33951210000000004,4538.833984375001,5988.777343750032,4537.505859375136,5987.6914062500455,"1,1,10",0
579,46798000,51.40800000000041,0.0004359808853846154,-0.08931427115384616,7.100721346153846e-05,0.2621960584615385,1198.7115384615386,1325.2884615384614,1198.423076923077,1324.0,0.0,0.0,0.0,0.0,0.0,0.0,0.0,0.0,0.0007505225636363636,-0.007965275181818181,0.0002421052818181819,-3.5349298181818183,-0.04995159818181818,-9.082186818181818,16.51632869230769,24.892522461538462,101126.77076923077,0.982977023076923,0.001389866323076923,-0.18371486153846153,0.0017673389192307692,28.7020532,-0.03267524075,-15.485007750000001,3.47734281,-0.0031956562599999997,-0.01080000535,0.428306575,-0.034648381500000006,0.33713475249999997,4542.8935546875,5990.97827148438,4546.258544921921,5988.708740234346,"1,1,10",0
580,46848000,51.45800000000041,0.00028904049333333334,-0.0892674625,0.00048582893750000005,0.26229482,1199.0,1325.0,1198.7916666666667,1324.4166666666667,0.0,0.0,0.0,0.0,0.0,0.0,0.0,0.0,0.0031957915,-0.012250536,0.0031958146,-3.5290532,-0.02992736,-9.169792,16.498270615384616,24.892516692307694,101126.97846153847,0.9829238857142857,0.0014261308285714285,-0.18399876071428573,0.0017890567214285714,28.8762003,-0.03393365945,-15.484031,3.479469035,-0.003527058885,-0.00963297775,0.42939920086956523,-0.035408859782608694,0.3389993095652174,4545.292480468759,5983.026855468919,4549.923339843636,5990.130371093795,"1,1,10",0
581,46898000,51.508000000000415,-0.00022627440174999996,-0.08971743374999999,0.0004810860141666667,0.26241677916666667,1199.0,1325.0,1198.2708333333333,1325.4583333333333,0.0,0.0,0.0,0.0,0.0,0.0,0.0,0.0,0.0018642122333333332,-0.0021305291533333334,-0.0046161452666666665,-3.5665625,-0.015961186333333335,-9.182162666666667,16.480213,24.89251126923077,101127.20807692308,0.9828845909090909,0.001538088081818182,-0.18420704772727273,0.0018479173,29.0502793,-0.03528778295,-15.482791,3.481833085,-0.003791492435,-0.00858108025,0.4294061704761905,-0.03283877304761905,0.3405902142857143,4549.184107730284,5995.671463815753,4540.2587890624745,5996.012592516484,"1,1,10",0
582,46948000,51.55800000000042,-0.00016090555384615392,-0.08944860538461538,-8.014577615384614e-05,0.26246325846153845,1198.76,1325.0,1198.24,1326.0,0.0,0.0,0.0,0.0,0.0,0.0,0.0,0.0,-0.0034621072,-0.0069242213,-0.005592638,-3.5517983,0.015562471,-9.157824,16.527164307692306,24.89250553846154,101126.65307692307,0.9828569615384616,0.0015944545538461538,-0.1843535653846154,0.0018709699153846154,29.223775171717172,-0.03658869212121212,-15.481496272727272,3.4837484565656567,-0.0036081315555555557,-0.007844921762626262,0.42973764238095236,-0.03518857295238095,0.3380198819047619,4545.83544921872,5995.944335937437,4541.516113281366,5993.072753906283,"1,1,10",0
583,46998000,51.608000000000416,0.00040342064291666666,-0.08941639233333333,-0.0003380774775,0.2625475566666667,1198.26,1325.0,1198.74,1326.0,0.0,0.0,0.0,0.0,0.0,0.0,0.0,0.0,-0.004527363175,-0.012650020000000001,0.0005992190700000001,-3.5188780250000002,0.025438552500000003,-9.18325925,16.539995226415094,24.892498415094337,101126.50622641509,0.9828132094339622,0.0015212536679245282,-0.18458679301886793,0.0019132269981132074,29.39702113131313,-0.03786679515151515,-15.48017809090909,3.4854715373737375,-0.003232858777777778,-0.007244079994949495,0.43051244,-0.033707762700000005,0.338158871,4544.356933593775,5992.606933593736,4551.216796874983,5994.312011718827,"1,1,10",0
584,47048000,51.65800000000041,0.00047861617153846156,-0.08957218938461539,-0.00024173437153846152,0.2625635523076923,1198.2474226804125,1325.2474226804125,1198.7525773195875,1325.7525773195875,0.0,0.0,0.0,0.0,0.0,0.0,0.0,0.0,-0.003994742,-0.005060009,0.006391584,-3.5793316,0.013168269,-9.123106,16.524274288461537,24.892492519230768,101126.68615384615,0.9827752638297872,0.0014653217361702128,-0.18478885787234042,0.0019559335234042552,29.570860538461538,-0.03878120807692308,-15.479365923076923,3.487344292307692,-0.0031640371692307693,-0.007975499426923077,0.4297653,-0.034812402,0.33632636,4542.113281250085,5997.794921875002,4547.978515625,5999.354492187394,"1,1,10",0
585,47098000,51.70800000000042,0.00022861476453333332,-0.08956730866666666,-6.842547111111095e-06,0.26247769266666665,1198.7628865979382,1325.7628865979382,1198.2371134020618,1325.2371134020618,0.0,0.0,0.0,0.0,0.0,0.0,0.0,0.0,7.263888181818215e-05,-0.010870543636363635,-0.0033410468727272723,-3.5565867,-0.01186202390909091,-9.099491454545454,16.561383634615385,24.892485615384615,101126.23896153846,0.9827453735849057,0.0014710245735849057,-0.18494710264150943,0.0019774073735849057,29.74493073076923,-0.039554185961538466,-15.478750538461538,3.4892752538461536,-0.0032143910153846155,-0.009225020436538462,0.42998772749999997,-0.03391182485,0.3375222265,4546.389575195385,5999.614672851519,4546.682885742056,5991.513378906231,"1,1,10",0
586,47148000,51.75800000000042,-0.0003247964989818182,-0.089859566,0.0001017008939090909,0.26229161527272726,1198.7378640776699,1325.7378640776699,1198.0,1325.0,0.0,0.0,0.0,0.0,0.0,0.0,0.0,0.0,0.010752519725,0.00056591854375,0.002629863087499999,-3.5182798125000003,-0.014065772625,-9.223364625,16.525809846153845,24.892477923076925,101126.66817307693,0.9827144860465117,0.0015842728930232559,-0.1851100334883721,0.001997335018604651,29.9192056,-0.04023719368,-15.478633,3.491308768,-0.003208568896,-0.01029860032,0.430350085,-0.03499767845,0.3381770185,4541.12109374997,5998.066406249909,4537.532226562506,5999.203124999995,"1,1,10",0
587,47198000,51.80800000000042,-0.00027086287875,-0.08994087225,4.539021128333333e-05,0.26214843791666664,1198.2524271844661,1325.2524271844661,1198.0,1325.0,0.0,0.0,0.0,0.0,0.0,0.0,0.0,0.0,0.0019973726,-0.00246342525,0.0029960555,-3.588908875,0.049081304,-9.100360250000001,16.521746,24.89247031372549,101126.69882352941,0.9827010553846154,0.0017345711884615383,-0.18517962076923078,0.002046285626923077,30.0935956,-0.04086959318,-15.4787955,3.4933999680000003,-0.003171147796,-0.01127321332,0.4283424195652174,-0.03564418217391304,0.3390265773913043,4537.7585577714035,5992.919176603586,4536.541169819124,6001.727076480281,"1,1,10",0
588,47248000,51.858000000000416,0.0001055470979245283,-0.09004585464150944,-0.00019540210988301885,0.26189299188679244,1197.76,1325.0,1197.76,1325.0,0.0,0.0,0.0,0.0,0.0,0.0,0.0,0.0,-0.0045273746,-0.004261059,0.0031957943,-3.515885,-0.028730258,-9.297882,16.525099642857143,24.89246342857143,101126.69228571428,0.9826815277551021,0.0017560489612244898,-0.18528281346938774,0.002076938667346939,30.268332333333333,-0.04134787733333333,-15.479333333333333,3.496992866666667,-0.0031590422,-0.012960481333333334,0.43036910714285714,-0.03402489914285714,0.33701217714285714,4534.127720424036,5993.927129836239,4537.6695963541515,5991.86732700885,"1,1,10",0
589,47298000,51.90800000000042,0.0002060196612765957,-0.09014588063829787,-0.0002302393785319149,0.26156485851063827,1197.26,1325.0,1197.26,1325.0,0.0,0.0,0.0,0.0,0.0,0.0,0.0,0.0,0.0058969834999999995,-0.007875351357142856,0.001940333017142857,-3.5538505000000002,-0.022573745714285717,-9.099677571428572,16.56702017857143,24.892456285714285,101126.17085714285,0.9826574823529411,0.0017433366529411764,-0.1854103294117647,0.002084963505882353,30.443264104166666,-0.04173947160416666,-15.480082291666667,3.5014304708333337,-0.0031611765750000002,-0.015048617791666668,0.4319880843478261,-0.031046914000000002,0.33731659434782607,4534.018798828043,5986.979003906286,4534.485107421843,5984.1823730468595,"1,1,10",0
590,47348000,51.958000000000425,-0.01575496086566038,-0.06462838169811322,-0.011018096814698114,0.23315451943396226,1172.28,1313.0,1182.84,1322.6,0.0,0.0,0.0,0.0,0.0,0.0,0.0,0.0,-0.0018642099999999998,0.007856325800000001,-0.0026631618999999997,-3.5517985000000003,-0.012569400000000001,-9.0572665,16.525357615384614,24.892448615384616,101126.70384615385,0.9827120962264151,0.0016114706773584905,-0.1851215433962264,0.002050843630188679,30.61838936,-0.04198968432,-15.48012568,3.49225172,-0.0027503204079999998,0.01146569896,0.43259655,-0.03562725,0.33788506,4446.515136716516,5320.47460936169,4442.968749998112,5706.28271483822,"1,1,10",0
591,47398000,52.00800000000042,-0.01606927470212766,-0.0753368570212766,-0.0242026934893617,0.2020091919148936,1120.78,1288.0,1153.34,1317.6,0.0,0.0,0.0,0.0,0.0,0.0,0.0,0.0,-0.26764778,0.555135975,-0.00013230434999999998,-3.5847188,-0.019153489,-7.1598606,16.571586115384616,24.892448,101126.11307692308,0.9840347899999999,-0.0020216955333333337,-0.17761564,0.0012964552516666664,30.793589859999997,-0.04218491532,-15.47989468,3.47777772,-0.002178856808,0.04910319196,0.4264002152173913,-0.03669580026086956,0.34122185652173914,3964.098144523769,4781.311279303585,4151.860473629081,5529.663574222684,"1,1,10",0
592,47448000,52.05800000000042,0.021340177153846153,-0.13972713,-0.02397414892307692,0.21037006769230768,1096.4,1280.52,1147.36,1313.56,0.0,0.0,0.0,0.0,0.0,0.0,0.0,0.0,-0.76272947,1.3928337,-0.022359349,-3.7493203,-0.08619115,-7.359776,16.531313339622642,24.892477056603774,101126.5862264151,0.98788698,-0.014742278,-0.15352881999999998,-0.0014345996299999998,30.964635115384613,-0.04302310476923077,-15.473872,3.4246822,-0.014460295730769231,0.11275464653846154,0.40699271200000003,-0.0449394,0.36367330800000003,3193.347656248056,5659.961425784754,3829.7145996099207,5976.891601563705,"1,1,10",0
593,47498000,52.10800000000042,0.036954836666666664,-0.13657377708333335,-0.023820392541666666,0.21862848916666666,1101.4,1292.02,1166.86,1310.56,0.0,0.0,0.0,0.0,0.0,0.0,0.0,0.0,-0.6759128275,0.7187525312499999,-0.04902134125,-3.698892125,0.057012073125,-8.06038025,16.56986896153846,24.892529519230767,101126.14019230769,0.9911940125,-0.032126922625,-0.127974301875,-0.0054122330125,31.134064442307693,-0.044111333615384614,-15.465597,3.3565671999999998,-0.03174008563461538,0.18652264173076924,0.38527485666666667,-0.057753394666666666,0.38338665,3201.482421877766,5824.106471010146,4034.698422083545,5958.321982933944,"1,1,10",0
594,47548000,52.15800000000043,0.030298720528301886,-0.10368428781132075,-0.021746658528301887,0.22593098207547171,1116.118811881188,1294.6732673267327,1180.5643564356435,1309.0,0.0,0.0,0.0,0.0,0.0,0.0,0.0,0.0,-0.30739635125000003,-0.1109215625,-0.06810481624999999,-3.5917520125,-0.027533179062499996,-8.247726,16.51738675,24.89259632142857,101126.78044642857,0.9916468591836735,-0.043776582714285715,-0.12096919071428572,-0.008549165516326531,31.297651329896908,-0.04778368057731959,-15.452063278350517,3.2863111030927836,-0.06256494360824742,0.24452173278350517,0.3825881680952381,-0.06884198619047618,0.38621889142857146,3612.594274905974,5567.0889160133265,4376.759399416541,5748.109521482825,"1,1,10",0
595,47598000,52.208000000000425,0.0172179456875,-0.088630675875,-0.018582932375,0.23253038,1141.3663366336634,1287.7425742574258,1187.990099009901,1309.0,0.0,0.0,0.0,0.0,0.0,0.0,0.0,0.0,0.02014009625,-0.29687669875,-0.08721589,-3.396025775,-0.021098759374999998,-8.347086125,16.500800076923078,24.892684096153847,101126.96951923077,0.9908459478846154,-0.04679277692307692,-0.12611936817307692,-0.010623974134615384,31.457951845360824,-0.05290959397938144,-15.435571525773195,3.214850639175258,-0.10100890237113401,0.29365081525773196,0.38826971849999997,-0.0671212942,0.381341307,3904.211791993971,5538.590576171691,4467.115429687636,5757.731518555278,"1,1,10",0
596,47648000,52.25800000000042,0.007777332039215686,-0.08459820592156862,-0.015745307156862745,0.23881914568627452,1160.06,1285.84,1193.84,1309.46,0.0,0.0,0.0,0.0,0.0,0.0,0.0,0.0,0.20899170250000002,-0.278566995,-0.1029301475,-3.3809124500000003,0.004788552500000005,-8.540716750000001,16.499722618181817,24.892782436363635,101126.97581818182,0.9900242936363636,-0.043713202509090915,-0.133298202,-0.012275098618181818,31.6133583,-0.06112475270000001,-15.41579695,3.162999355,-0.1384898545,0.330380677,0.3944373365,-0.0617576752,0.37863616099999997,4077.6930664074102,5520.732861328013,4475.563818359459,5827.7623291021255,"1,1,10",0
597,47698000,52.308000000000426,0.0047081573877551025,-0.08108467302040817,-0.012758736142857142,0.24420512224489796,1171.06,1289.84,1197.84,1310.46,0.0,0.0,0.0,0.0,0.0,0.0,0.0,0.0,0.211654855,-0.24474441000000002,-0.1159807325,-3.265392175,0.009876235650000002,-8.76996125,16.468240226415094,24.89289279245283,101127.35120754717,0.98932747,-0.03823643048888889,-0.1398655477777778,-0.013972890711111111,31.7666673,-0.0706638737,-15.39461545,3.119552005,-0.17555808950000001,0.361796587,0.39732794,-0.05804558775,0.37177384,4240.955688477554,5580.206616211444,4538.022656250353,5837.811059570195,"1,1,10",0
598,47748000,52.35800000000043,0.0034306631960784317,-0.07939392196078432,-0.00989806456862745,0.24852502784313726,1180.2525252525252,1294.5555555555557,1200.6969696969697,1311.9292929292928,0.0,0.0,0.0,0.0,0.0,0.0,0.0,0.0,0.17337248500000002,-0.168178265,-0.13755191,-3.1663322000000003,1.5450000000194475e-07,-8.92259125,16.4673391372549,24.893013019607842,101127.37807843137,0.9887295725490196,-0.033147658999999996,-0.14505609294117647,-0.01620733343137255,31.917958383838386,-0.08303239696969697,-15.371945343434342,3.0908493252525253,-0.2062417392929293,0.38228745494949495,0.40339983199999996,-0.049900995999999996,0.367593446,4307.903808595047,5634.73925781323,4555.699218750349,5841.203613281399,"1,1,10",0
599,47798000,52.40800000000043,0.0017870883458333334,-0.07876450541666667,-0.0072801933875,0.25272392916666664,1187.3232323232323,1300.111111111111,1202.2121212121212,1313.949494949495,0.0,0.0,0.0,0.0,0.0,0.0,0.0,0.0,0.16629601714285713,-0.10835243714285714,-0.15062022428571428,-3.1228940857142855,-0.010602733257142857,-9.117975142857143,16.462517346153845,24.893134153846155,101127.44461538461,0.9882960938461538,-0.02860532719230769,-0.14861419576923077,-0.018926110115384615,32.068384646464644,-0.09661352121212122,-15.348637262626262,3.06846578989899,-0.23418913828282828,0.39809616202020204,0.40609933750000005,-0.04417274016666667,0.36528854166666663,4434.907226562971,5707.358154297364,4590.774414062638,5861.6984863283515,"1,1,10",0
600,47848000,52.458000000000425,0.0014645336433962263,-0.07982253679245283,-0.0064766070811320756,0.25373948679245284,1194.0891089108911,1304.90099009901,1203.950495049505,1315.2376237623762,0.0,0.0,0.0,0.0,0.0,0.0,0.0,0.0,0.13022856,-0.046072528,-0.15366447,-3.1471786,-0.029927362,-9.425974,16.401359113207548,24.893257811320755,101128.1496226415,0.9880280942222222,-0.024526796444444443,-0.15069451266666667,-0.022032728355555555,32.21755017821782,-0.111581559009901,-15.325066603960396,3.054637722772277,-0.2570484199009901,0.40309868198019805,0.407469236,-0.0396335368,0.364116304,4457.0942382815165,5752.4731445315365,4586.439941406336,5878.3076171876455,"1,1,10",0
601,47898000,52.50800000000043,0.0008069135575,-0.07881311625,-0.0043213904812499995,0.25662869125,1200.5247524752476,1308.8613861386139,1205.930693069307,1315.7326732673268,0.0,0.0,0.0,0.0,0.0,0.0,0.0,0.0,0.10080096000000001,-0.033222675,-0.16611458,-3.0591912249999997,-0.0011969379999999998,-9.43973875,16.37168657692308,24.89338151923077,101128.49442307692,0.987860873076923,-0.021116790673076924,-0.15174959846153846,-0.02551196423076923,32.36622542574258,-0.12708895207920792,-15.301393831683168,3.0441367821782177,-0.2779289892079208,0.40389879584158417,0.4089426295,-0.034773534,0.3629943655,4567.980053711603,5825.115380859876,4626.9437988283125,5882.980493164061,"1,1,10",0
602,47948000,52.55800000000043,-0.0006050465511538461,-0.07782829865384616,-0.002302438398076923,0.25952659384615384,1204.92,1312.84,1207.0,1316.46,0.0,0.0,0.0,0.0,0.0,0.0,0.0,0.0,0.09560771124999999,0.005925696675,-0.16391746,-3.10108985,-0.04908097577499999,-9.52742675,16.362392470588237,24.893500529411767,101128.6094117647,0.9877319166666667,-0.018077997291666665,-0.15231999645833333,-0.0291994120625,32.51467265,-0.1441042795,-15.279621050000001,3.0374261249999996,-0.2940054765,0.3969821595,0.408863445,-0.0268976842,0.36346368,4590.070654296767,5842.624438476661,4619.584887695045,5891.127563476673,"2,11,15,3,0,40,-15,15",0
603,47998000,52.60800000000043,-0.00099863896875,-0.07877221375,-0.0010347543,0.26087886250000003,1206.92,1316.84,1207.0,1317.46,0.0,0.0,0.0,0.0,0.0,0.0,0.0,0.0,0.0740691125,0.017743395250000002,-0.16375114375,-3.0799909750000003,-0.032471193,-9.5528655,16.38931203773585,24.893615075471697,101128.28698113209,0.9876861913461539,-0.015417278596153846,-0.15214447288461538,-0.03294394919230769,32.663022149999996,-0.1617658645,-15.25866255,3.032339875,-0.30802307149999997,0.3867583445,0.40894315,-0.023091826,0.36421682666666666,4630.090112305315,5884.751367188178,4626.362670898629,5904.215917968836,"1,1,25",0
604,48048000,52.65800000000043,-0.0010478006576923077,-0.07806985596153845,0.0011326372865384615,0.2627280292307692,1209.6262626262626,1319.6969696969697,1207.0,1317.5353535353536,0.0,0.0,0.0,0.0,0.0,0.0,0.0,0.0,0.047366286,0.031196900428571428,-0.17124126857142857,-3.129564014285714,0.051817532857142856,-9.6565,16.388750096153846,24.89373369230769,101128.32403846155,0.9876484302083334,-0.013296370916666666,-0.15170520145833333,-0.036812133375,32.81158412121212,-0.18040043242424242,-15.238871363636363,3.028287813131313,-0.31790098383838383,0.373758801010101,0.408651169,-0.018397517000000002,0.363934089,4659.657275390699,5920.449560546973,4623.784106445148,5897.9244140623705,"1,1,25",0
605,48098000,52.70800000000043,-0.0017938618446808512,-0.07732359765957446,0.0026897860936170213,0.26352924,1213.1616161616162,1321.2121212121212,1207.0,1316.5252525252524,0.0,0.0,0.0,0.0,0.0,0.0,0.0,0.0,0.04677483672727272,0.015785392363636363,-0.1662780781818182,-3.070890081818182,0.024595147363636362,-9.530446772727274,16.341401764705882,24.893840529411765,101128.88635294118,0.9875753647058824,-0.011517996529411764,-0.15131321823529412,-0.04076789411764706,32.96023715151515,-0.19945199303030303,-15.219580454545454,3.0246789747474745,-0.32600474646464644,0.3595696595959596,0.40698675913043475,-0.015171285826086955,0.3641413669565217,4701.05419921939,5937.302734375475,4630.459716797101,5889.254150390713,"1,1,25",0
606,48148000,52.758000000000436,-0.002315957567924528,-0.07682712283018868,0.0038313450679245287,0.26443333811320757,1215.2474226804125,1322.4948453608247,1206.5051546391753,1315.5051546391753,0.0,0.0,0.0,0.0,0.0,0.0,0.0,0.0,0.039681189,0.018908499000000002,-0.15899071,-3.06278275,0.004190025,-9.7455985,16.311887358490566,24.89394224528302,101129.24094339623,0.9874825591836734,-0.009888524224489796,-0.1509414218367347,-0.04464496020408163,33.109364554455446,-0.21839826881188118,-15.20316799009901,3.0232769910891086,-0.331588958019802,0.33994149762376236,0.4076028,-0.010394198,0.36615583,4718.81689453108,5944.07373046867,4628.66894531222,5889.718261718584,"1,1,25",0
607,48198000,52.80800000000043,-0.0020968142,-0.07672391622727272,0.004817348113636363,0.264211905,1215.7628865979382,1323.5257731958764,1205.4742268041236,1314.4742268041236,0.0,0.0,0.0,0.0,0.0,0.0,0.0,0.0,0.024933595500000003,0.026698141375,-0.1548628875,-3.017143075,-0.01915344625,-9.80395875,16.310379807692307,24.89403694230769,101129.21634615384,0.9873958644230769,-0.008530349942307693,-0.15040557480769232,-0.04848245761538462,33.258676435643565,-0.2373036004950495,-15.18787492079208,3.022733228712871,-0.33619334415841584,0.318198160990099,0.4078400366666666,-0.005613896904761905,0.36687453000000003,4720.2430908210345,5953.326953125844,4611.030346679851,5870.912988281004,"1,1,25",0
608,48248000,52.85800000000043,-0.002975381003636364,-0.07664570567272727,0.006026477743636364,0.26425971054545455,1216.7864077669904,1324.5242718446602,1204.2135922330096,1313.2135922330096,0.0,0.0,0.0,0.0,0.0,0.0,0.0,0.0,0.02596555725,0.027696884499999998,-0.15899077,-3.062483275,0.019752336375,-9.829395374999999,16.22899894117647,24.89412594117647,101130.22,0.9873059454545454,-0.007346015763636363,-0.1497937130909091,-0.05225576374545455,33.407766464646464,-0.2556930404040404,-15.175450181818182,3.0219221757575756,-0.33728587111111114,0.29649726505050505,0.407734513,-0.002675491135,0.365890425,4745.755859374829,5976.219238280864,4602.217285156017,5850.598144531286,"1,1,25",0
609,48298000,52.908000000000435,-0.0038070198166666666,-0.07662064375,0.0074430767125,0.26389215416666667,1218.2427184466019,1325.495145631068,1202.7572815533981,1311.7572815533981,0.0,0.0,0.0,0.0,0.0,0.0,0.0,0.0,0.03249041675,0.024367943750000003,-0.1494699675,-3.0274683000000002,0.023942183250000002,-9.673774,16.34875326923077,24.894208076923075,101128.825,0.9872112363636364,-0.006112136704545454,-0.14916080136363638,-0.05590536222727273,33.55676141414141,-0.2738613838383838,-15.164254727272727,3.0209965696969694,-0.33687331555555555,0.274814557979798,0.407531912,0.002496465325,0.3673994,4749.397949219341,5966.314208985103,4579.588134765766,5844.948242187311,"1,1,25",0
610,48348000,52.95800000000044,-0.004139213320754717,-0.07599258086792453,0.008775689754716981,0.26401443962264154,1219.0,1326.0,1201.5,1310.25,0.0,0.0,0.0,0.0,0.0,0.0,0.0,0.0,0.0141146025,0.020506475,-0.14247912,-2.9819782,-0.05267227,-9.685743,16.249435,24.894285,101129.95,0.9871004979591836,-0.004972836112244898,-0.14859067571428572,-0.05937911944897959,33.70610776,-0.2911186872,-15.15523508,3.020141312,-0.3338951448,0.2549572396,0.405977018,0.0053401266,0.367056412,4768.15380859371,5983.989257812191,4577.598632812289,5829.133300781222,"1,1,25",0
611,48398000,53.008000000000436,-0.004202925948837209,-0.0758391383255814,0.009232256488372094,0.2634520306976744,1219.0,1326.0,1200.4583333333333,1308.6875,0.0,0.0,0.0,0.0,0.0,0.0,0.0,0.0,0.015579653749999998,0.023702188,-0.1282311875,-3.060388375,-0.01017519,-9.73302875,16.249435,24.894357115384615,101129.99807692308,0.9869806129411764,-0.004004140670588236,-0.14806762294117648,-0.06266224988235294,33.855590760000005,-0.3080216972,-15.14706158,3.019313412,-0.3299192348,0.2358097946,0.406660703,0.0068279218,0.367054656,4760.550781250038,5961.692871094094,4558.892089843721,5818.680175781075,"1,1,25",0
612,48448000,53.05800000000043,-0.0038387523962264154,-0.07591798113207547,0.009950198169811322,0.26300890943396227,1219.2692307692307,1325.1923076923076,1199.1923076923076,1307.4615384615386,0.0,0.0,0.0,0.0,0.0,0.0,0.0,0.0,0.0046273237375,0.029793950375,-0.1188436165,-2.93214935,-0.0330697506,-9.693825125,16.262192132075473,24.89442158490566,101129.8279245283,0.9868690171428571,-0.0032330337357142857,-0.14749579142857142,-0.06573780685714285,34.00528616,-0.32401837120000004,-15.14075216,3.018597868,-0.3241475296,0.21887042399999998,0.405106337,0.008830526200000001,0.368731084,4773.918652343774,5991.5115966796975,4553.960278320187,5798.264404296765,"1,1,25",0
613,48498000,53.10800000000044,-0.004927998411764706,-0.07532275490196079,0.010497904921568628,0.2621328411764706,1219.75,1323.75,1197.75,1306.5,0.0,0.0,0.0,0.0,0.0,0.0,0.0,0.0,0.01737708275,0.022037507249999998,-0.1140499225,-2.978387375,-0.0386063365,-9.65940825,16.246950411764708,24.894483588235293,101130.00411764705,0.9867581363636363,-0.002560403931818182,-0.1469388709090909,-0.06862528181818181,34.155064159999995,-0.33966258120000004,-15.13516766,3.0179260180000003,-0.3176774596,0.202789749,0.40579348304347823,0.013112117913043479,0.36876147043478263,4769.885498047116,5964.0827636718,4536.242431640448,5792.821289062402,"1,1,25",0
614,48548000,53.15800000000044,-0.005344230218867925,-0.07551913056603773,0.010499573490566037,0.26148405509433964,1219.5247524752476,1323.2376237623762,1197.0,1304.8118811881188,0.0,0.0,0.0,0.0,0.0,0.0,0.0,0.0,0.0010652506,0.01944119,-0.097738005,-2.9891608,0.001197266,-9.466674,16.225252320754716,24.894539981132073,101130.2541509434,0.986643487755102,-0.0019564655714285717,-0.14647065040816326,-0.07124371775510203,34.30551811881188,-0.3542424265346535,-15.130652,3.0171524544554456,-0.3088180166336634,0.18895795247524752,0.4032833704761905,0.015305043690476191,0.36879600952380953,4774.241908482006,5956.196614583109,4526.3646530877595,5780.544642857154,"1,1,25",0
615,48598000,53.20800000000044,-0.00375760239375,-0.07546056575,0.0107371738125,0.2608142675,1218.5346534653465,1323.7326732673268,1197.0,1302.3366336633662,0.0,0.0,0.0,0.0,0.0,0.0,0.0,0.0,-0.020239952999999998,0.024834109,-0.0827577165,-2.99185465,-0.0365114145,-9.598654999999999,16.22496703846154,24.894594153846153,101130.26846153846,0.9865438505769231,-0.0019225666480769232,-0.14596340500000002,-0.07362561423076923,34.456234950495045,-0.3684083522772277,-15.126552,3.0163393356435644,-0.29902937306930694,0.1760007198019802,0.4037690266666667,0.016442975000000002,0.37017474666666667,4745.673608398336,5940.733178710836,4525.772778320436,5779.655078124801,"1,1,25",0
616,48648000,53.258000000000436,-0.002693229001923077,-0.07456558411538461,0.011715357038461539,0.2604099725,1218.0,1323.7676767676767,1196.7676767676767,1301.2323232323233,0.0,0.0,0.0,0.0,0.0,0.0,0.0,0.0,-0.03413694236363637,0.009199951454545455,-0.08401061363636364,-2.970877818181818,-0.016868074181818186,-9.551233454545455,16.243911470588234,24.894645,101130.04894117647,0.9864373166666667,-0.0023168918833333333,-0.14555159208333335,-0.07582696741666667,34.607313786407765,-0.3820954858252427,-15.122328310679611,3.0151006524271846,-0.28959724893203886,0.1664945786407767,0.40381559300000003,0.01725527815,0.3697402975,4760.043872070389,5969.438696289148,4526.856811523402,5728.644409179462,"1,1,25",0
617,48698000,53.30800000000044,-0.0036885559425531914,-0.0746528459574468,0.011448381936170213,0.2600674036170213,1218.0,1323.2626262626263,1196.2626262626263,1301.7373737373737,0.0,0.0,0.0,0.0,0.0,0.0,0.0,0.0,0.005059986623333334,0.01864206133333333,-0.06728923,-2.8941912,-0.03631189233333333,-9.552865333333333,16.20801839285714,24.894692285714285,101130.497,0.9863453235294117,-0.002454032964705882,-0.14518695764705883,-0.07769773647058824,34.75854776699029,-0.3955774227184466,-15.118051611650486,3.0136795844660194,-0.28031791883495144,0.15846747669902914,0.4045129076190476,0.017864659428571426,0.3716902580952381,4754.549856085461,5942.065789473426,4510.672209087084,5753.45286801005,"1,1,25",0
618,48748000,53.358000000000445,-0.0034051705,-0.07457791353846153,0.011639066692307692,0.25986261615384615,1217.52,1322.04,1195.76,1302.24,0.0,0.0,0.0,0.0,0.0,0.0,0.0,0.0,-0.0077232807,0.008255793,-0.05326321,-2.9293058,-0.04788387,-9.607931,16.176843076923078,24.894739153846153,101130.85076923078,0.9862838958333333,-0.0022409313666666665,-0.14480568166666669,-0.0791838275,34.90954094845361,-0.4086380325773196,-15.113639917525774,3.0119467216494846,-0.27139938721649487,0.15008956824742267,0.4031562,0.0197319216,0.37206792,4765.7695312498245,5953.360839843641,4515.025390625014,5733.4916992187,"1,1,25",0
619,48798000,53.40800000000044,-0.004181661670833333,-0.07458473033333334,0.010665564541666667,0.25915497541666666,1216.52,1320.04,1195.26,1302.74,0.0,0.0,0.0,0.0,0.0,0.0,0.0,0.0,-0.005459470399999999,0.009653996125,-0.0392150435,-2.92242285,-0.0739208175,-9.46966575,16.209863392857145,24.894782642857145,101130.44857142857,0.9862329584615385,-0.0021579535192307693,-0.144498905,-0.08037283884615384,35.060398680412376,-0.42146164597938146,-15.109152288659795,3.0100384742268043,-0.26268380474226805,0.14151433113402062,0.4025549,0.02129398975,0.3713138975,4751.384123149537,5933.976588198828,4512.442537006472,5735.781584087248,"1,1,25",0
620,48848000,53.45800000000044,-0.004799575861538462,-0.07400801538461538,0.010711807615384615,0.2592836523076923,1216.0,1318.52,1195.72,1303.48,0.0,0.0,0.0,0.0,0.0,0.0,0.0,0.0,-0.006990822975,0.01358211275,-0.027097666,-2.9317,-0.022445476425,-9.48403375,16.218737461538463,24.894826153846154,101130.35384615384,0.986205695,-0.002111472107142857,-0.14419059785714286,-0.08125810285714286,35.211010949494955,-0.4333458507070707,-15.10465988888889,3.0084652121212123,-0.25278737646464644,0.13657676404040403,0.4031383375,0.020085139000000002,0.3714223525,4755.289062500111,5943.168457031133,4520.126464843818,5737.725097656234,"1,1,25",0
621,48898000,53.50800000000044,-0.004583886816666666,-0.07352525354166667,0.010168496333333332,0.259621685,1216.0,1317.52,1197.22,1304.48,0.0,0.0,0.0,0.0,0.0,0.0,0.0,0.0,-0.005459494725,0.0038615841,-0.01691107075,-2.8667577,-0.0439932985,-9.44752,16.192372692307693,24.89486976923077,101130.67346153846,0.9861940327272728,-0.002178746572727273,-0.14393109363636364,-0.08185637909090909,35.36151802020202,-0.44482745171717175,-15.100165444444444,3.007035515151515,-0.24238487141414142,0.13319819838383837,0.40213992499999995,0.0211176862,0.372567545,4758.282714843756,5926.266113281092,4524.679687499946,5737.727539062525,"1,1,25",0
622,48948000,53.55800000000045,-0.00401315622264151,-0.07350851301886792,0.009511478075471699,0.2595915537735849,1216.0,1317.4752475247524,1197.7623762376238,1304.2871287128712,0.0,0.0,0.0,0.0,0.0,0.0,0.0,0.0,-0.0183225418,0.0112918482,-0.007510065,-2.91781368,-0.048841549000000005,-9.5317962,16.196018679245284,24.894909849056603,101130.63264150944,0.9861971732075472,-0.002407024969811321,-0.14372483660377358,-0.08217418452830189,35.51215396153846,-0.4554385969230769,-15.095958115384615,3.005877746153846,-0.23299272038461538,0.12694065615384614,0.40124422,0.0221270072,0.37155145,4761.546386718675,5943.881347656144,4535.561035156358,5730.848144531227,"1,1,25",0
623,48998000,53.608000000000445,-0.00343574879375,-0.0733781075,0.0102465123125,0.259522025,1216.0,1318.4653465346535,1197.2673267326732,1302.8019801980197,0.0,0.0,0.0,0.0,0.0,0.0,0.0,0.0,-0.0088550091875,0.017943059375,0.00805604425,-2.8772322624999997,-0.004937876187499999,-9.50318625,16.185270666666668,24.894948,101130.76,0.9862348943181818,-0.002711657040909091,-0.14340648954545454,-0.08226836231818183,35.66284001923077,-0.4657112315384615,-15.091862442307693,3.0048257269230767,-0.2239934848076923,0.11956351192307692,0.40149237565217394,0.02180467195652174,0.37319711391304344,4749.3505161829435,5928.9185035341,4537.180524553465,5736.75304594503,"1,1,25",0
624,49048000,53.65800000000044,-0.0031719519960784317,-0.07281974019607844,0.010182042196078432,0.2594741292156863,1216.23,1318.77,1197.46,1302.46,0.0,0.0,0.0,0.0,0.0,0.0,0.0,0.0,-0.011851055999999999,0.013182649500000001,0.0154463455,-2.83952325,0.00897842355,-9.4894195,16.155174153846154,24.894984307692308,101131.10738461539,0.986301182,-0.0029123950945454543,-0.143076346,-0.08204101854545454,35.81335190721649,-0.47564317463917527,-15.088298762886598,3.0037193793814434,-0.21605352082474227,0.11425778041237113,0.40179422,0.0212245792,0.372086004,4751.002441406322,5934.689453124957,4542.8754882814565,5726.563964843614,"1,1,25",0
625,49098000,53.708000000000446,-0.0032271987591836735,-0.07249090469387755,0.009649612857142857,0.2598128757142857,1216.73,1318.27,1198.46,1303.46,0.0,0.0,0.0,0.0,0.0,0.0,0.0,0.0,0.004593921125000001,0.0096539555,0.030293464,-2.857778925,-0.049080966,-9.52832425,16.131352056603774,24.895021509433963,101131.37728301887,0.9863814810204081,-0.0029822274897959183,-0.14281722836734695,-0.08152198489795917,35.96376582474227,-0.4853834787628866,-15.085034329896907,3.0025824721649483,-0.20870939711340206,0.11011721855670104,0.4017368785714286,0.020426704285714286,0.37243754285714287,4755.685815429697,5921.786425781112,4554.34267578117,5732.427807617363,"1,1,25",0
626,49148000,53.75800000000045,-0.0035634900450980393,-0.07312835450980391,0.00970688931372549,0.2599745421568627,1217.0,1318.0,1199.2323232323233,1303.7676767676767,0.0,0.0,0.0,0.0,0.0,0.0,0.0,0.0,0.019586321454545454,0.025639002,0.040891622,-2.8918694363636366,-0.017738693563636363,-9.417049272727272,16.155535,24.89505519230769,101131.08951923077,0.9865039159574468,-0.0027773866680851065,-0.14246442851063829,-0.08065904297872341,36.11381825,-0.49450399650000004,-15.08161865,3.00098021,-0.200695978,0.1063658405,0.4003021395652174,0.020195498652173915,0.3724711147826087,4742.903320312628,5912.914062500421,4545.951171875061,5754.216796874724,"1,1,25",0
627,49198000,53.80800000000045,-0.0028452711958333334,-0.07269288416666667,0.009942960666666667,0.26017224125,1217.0,1318.0,1199.7373737373737,1303.2626262626263,0.0,0.0,0.0,0.0,0.0,0.0,0.0,0.0,0.009054779749999999,0.0105860479,0.04647216725,-2.818574,0.021547981125,-9.3777905,16.148906764705885,24.895087823529412,101131.2,0.9866420226923077,-0.0025940184999999998,-0.14211317038461538,-0.07958889711538462,36.263715749999996,-0.5033588915,-15.078138150000001,2.99917851,-0.192395718,0.1027812555,0.40087079999999997,0.01959445395,0.373293225,4751.852179276404,5924.615825452123,4559.505885074161,5742.0652240953605,"1,1,25",0
628,49248000,53.858000000000445,-0.0026795891384615383,-0.0719358756923077,0.008995391,0.2603157569230769,1217.0,1317.7623762376238,1200.2376237623762,1303.4752475247524,0.0,0.0,0.0,0.0,0.0,0.0,0.0,0.0,0.016778022,0.00079893204,0.055926356,-2.8682537,-0.019153453,-9.382876,16.1222270754717,24.89511983018868,101131.5023018868,0.9867583608333333,-0.002469262916666667,-0.14201237583333334,-0.07831911875,36.41367949074074,-0.5119847007407408,-15.07458825925926,2.997676699074074,-0.18415134833333333,0.09872362074074074,0.40023676,0.017843217,0.3736361,4759.096191406209,5911.292480468906,4569.867187500135,5739.565429687501,"1,1,25",0
629,49298000,53.90800000000045,-0.0025922968836734695,-0.07202005775510205,0.008362663212244898,0.260494827755102,1217.0,1317.2673267326732,1200.7326732673268,1304.4653465346535,0.0,0.0,0.0,0.0,0.0,0.0,0.0,0.0,0.016608382,0.016729565272727273,0.06570745181818181,-2.891869218181818,0.01632427018181818,-9.504219181818181,16.145242115384615,24.895149980769233,101131.24419230768,0.9869056770175438,-0.0022634930842105262,-0.1418491701754386,-0.0767456154385965,36.56367162037037,-0.5205123303703704,-15.07100862962963,2.996303412037037,-0.17593093166666665,0.09446325037037037,0.40059027391304347,0.019119068260869565,0.3736620756521739,4756.435105096721,5920.371442522182,4572.72970145082,5746.509416852875,"1,1,25",0
630,49348000,53.95800000000045,-0.0029111334038461538,-0.07194101642307693,0.007865771505769231,0.26046925730769227,1216.77,1317.0,1201.23,1305.0,0.0,0.0,0.0,0.0,0.0,0.0,0.0,0.0,0.02037318175,0.00645795725,0.078030641,-2.803311,-0.0460882225,-9.531917499999999,16.138547636363636,24.895179527272727,101131.31676363637,0.9870828893181819,-0.00203861615,-0.14158430909090908,-0.07494318772727272,36.71364775,-0.528568485576923,-15.067871677884614,2.9948454221153846,-0.16782237721153845,0.09042484865384616,0.39981113,0.01559943625,0.374922125,4751.825122070275,5897.874414062306,4573.039965820354,5759.814599609409,"1,1,25",0
631,49398000,54.00800000000045,-0.0023707013625,-0.07192370000000001,0.00782826499375,0.26056281875,1216.27,1317.0,1201.73,1305.0,0.0,0.0,0.0,0.0,0.0,0.0,0.0,0.0,0.0051740932285714285,0.014723471,0.08388958142857142,-2.844824714285714,-0.005130270142857142,-9.351581,16.16842490909091,24.895204981818182,101130.9294909091,0.9872682146153846,-0.0019279318673076924,-0.14136120346153844,-0.07289521057692308,36.86361025,-0.536223014423077,-15.065111822115385,2.9933152778846153,-0.15980911278846155,0.08657553134615384,0.3991227104347826,0.01638769547826087,0.3752320330434783,4743.744873046773,5903.519409179658,4588.63217773437,5755.8646972657425,"1,1,25",0
632,49448000,54.05800000000045,-0.0018231844960784314,-0.07190656156862746,0.007176342521568627,0.26080493725490195,1215.7676767676767,1316.5353535353536,1202.2323232323233,1305.0,0.0,0.0,0.0,0.0,0.0,0.0,0.0,0.0,0.0054596185125,0.0073902798,0.08695220875000001,-2.8637646375,0.016909213125,-9.45290725,16.122847169811322,24.89523045283019,101131.49452830188,0.9874599683636364,-0.0019924217436363637,-0.14114027072727273,-0.07068896372727274,37.013519149425285,-0.5430617993103448,-15.062881931034482,2.9923712241379308,-0.15200078367816092,0.08124736747126436,0.4000469657142857,0.014375893428571429,0.3752658914285714,4744.214890252995,5899.4225725446095,4591.558710007563,5760.392903645762,"1,1,25",0
633,49498000,54.10800000000045,-0.0013265293708333333,-0.07148258375000001,0.006447878791666667,0.26070513333333334,1215.2626262626263,1315.5252525252524,1202.7373737373737,1305.0,0.0,0.0,0.0,0.0,0.0,0.0,0.0,0.0,0.011261208142857143,0.013696341857142857,0.09884131571428571,-2.8234479,-0.014878086571428572,-9.560219,16.097261764705884,24.89525682352941,101131.81529411765,0.9876498872727273,-0.0020258933363636366,-0.14098274272727274,-0.06831209704545455,37.16336512643678,-0.5489429717241379,-15.061274172413793,2.992115189655172,-0.14443303080459768,0.07418316632183908,0.401273961,0.0112907988,0.376028052,4743.620849609329,5896.067138671705,4606.729248046804,5753.927734374976,"1,1,25",0
634,49548000,54.158000000000456,-0.0012190854503076924,-0.07166954076923078,0.006284987984615385,0.26033288,1214.76,1315.24,1203.0,1305.24,0.0,0.0,0.0,0.0,0.0,0.0,0.0,0.0,0.0288953495,0.023302787499999998,0.1070590505,-2.79403375,-0.026934608500000002,-9.4942085,16.074637384615386,24.895281153846156,101132.0826923077,0.9878741638461538,-0.0018450663538461538,-0.1406547123076923,-0.06569304153846153,37.3130397029703,-0.5543991522772277,-15.059580396039603,2.991290993069307,-0.1363595708910891,0.06972817114851486,0.39934993,0.0099000346,0.374734898,4734.5473632811645,5879.563476562604,4592.907714843897,5770.765136718591,"1,1,25",0
635,49598000,54.20800000000045,-0.0007181450382083333,-0.07190172270833334,0.006170614745833333,0.26037448916666667,1214.26,1315.74,1203.0,1305.74,0.0,0.0,0.0,0.0,0.0,0.0,0.0,0.0,0.0227700915,0.02516685125,0.11970909875,-2.78176345,0.01885450575,-9.409514,16.093348603773585,24.895303226415095,101131.85160377358,0.98812529375,-0.001574480425,-0.1401951675,-0.06284303062499999,37.46264762376238,-0.5596900582178218,-15.057853168316832,2.9902458445544555,-0.12808944712871287,0.06628786718811881,0.3986336228571429,0.007122963142857143,0.37509217142857143,4719.978669818882,5892.839740953854,4605.025082236937,5761.984940378417,"1,1,25",0
636,49648000,54.25800000000045,-0.002398361605660377,-0.07141256424528301,0.005773333203773585,0.26019196150943397,1214.0,1315.52,1203.48,1306.0,0.0,0.0,0.0,0.0,0.0,0.0,0.0,0.0,0.03914857,0.007723198,0.121972755,-2.802413,-0.08499399,-9.531316,16.09215325,24.89532375,101131.85125,0.9883601204081632,-0.0012208019020408163,-0.13987954530612245,-0.059783566020408165,37.6119798,-0.5645469320000001,-15.0563886,2.98893746,-0.120897473,0.06345237965,0.39951015,0.0078736795,0.37417108,4728.857026599864,5872.574962797375,4604.280133928611,5772.648577008976,"1,1,25",0
637,49698000,54.308000000000455,-0.002526268355319149,-0.07050336042553192,0.005323551265957446,0.2601889544680851,1214.0,1314.52,1204.48,1306.0,0.0,0.0,0.0,0.0,0.0,0.0,0.0,0.0,0.02862890975,0.0032955877625,0.13042833375000001,-2.811840375,-0.032022289375,-9.384971875,16.096486634615385,24.895343942307694,101131.82875,0.98855426,-0.0007529405464705883,-0.13985025294117648,-0.05655951794117647,37.7611938,-0.569217792,-15.055036600000001,2.98751626,-0.114167563,0.06087609915,0.400379973,0.00540149506,0.3758747145,4726.382786800893,5864.244783100267,4621.4360608553125,5767.669947574091,"1,1,25",0
638,49748000,54.35800000000046,-0.0015963387923076922,-0.07116216153846154,0.004866227961538462,0.2602208907692308,1214.0,1314.0,1205.2376237623762,1305.7623762376238,0.0,0.0,0.0,0.0,0.0,0.0,0.0,0.0,0.032756817,0.013582151,0.12916337,-2.8383267,-0.06943169,-9.424777,16.124971470588235,24.895363039215685,101131.4805882353,0.9887595494736843,-0.0004152999401754386,-0.13970468421052631,-0.053231555350877195,37.910172599999996,-0.5736059325,-15.05374235,2.98523294,-0.10821367650000001,0.05722690555,0.3989144325,0.003053489225,0.378206675,4722.188476562363,5868.993652343804,4612.795898437459,5781.033691406194,"1,1,25",0
639,49798000,54.408000000000456,-0.0011711069097959182,-0.07117344228571429,0.004927987689795918,0.26009456857142854,1214.0,1314.0,1205.7326732673268,1305.2673267326732,0.0,0.0,0.0,0.0,0.0,0.0,0.0,0.0,0.026132254,0.0064249126875,0.1413140275,-2.7699419375,-0.035463945625,-9.5121628125,16.136755,24.895379905660377,101131.32358490567,0.9889759720454545,-0.00010836077320454545,-0.139429295,-0.04983942677272727,38.0590506,-0.5778729075,-15.052472850000001,2.98258014,-0.1025923715,0.05311789205,0.3981924985,0.00034750758899999997,0.377346271,4709.354443359391,5877.088549804683,4628.8221923828905,5763.622167968583,"1,1,25",0
640,49848000,54.45800000000045,-0.0019521883749019607,-0.07061405603921568,0.00484583018627451,0.259937434117647,1213.5533980582525,1314.0,1206.0,1305.2233009708739,0.0,0.0,0.0,0.0,0.0,0.0,0.0,0.0,0.05805695,-0.005858782,0.14460966,-2.7569232,0.0562639,-9.394848,16.099655294117646,24.895396333333334,101131.76980392158,0.9891560345454545,0.00042946317105454546,-0.1393967289090909,-0.0462010492,38.2076171,-0.5817668595000001,-15.051292775,2.980675395,-0.09522662100000001,0.0496766446,0.39919413130434783,-0.0014006768973913043,0.37545950826086955,4721.289550781359,5844.734863281208,4627.453613280996,5771.8754882813755,"1,1,25",0
641,49898000,54.50800000000045,-0.002391396611538462,-0.07097455592307692,0.0043627318,0.25982862615384617,1212.5825242718447,1314.0,1206.0,1305.7087378640776,0.0,0.0,0.0,0.0,0.0,0.0,0.0,0.0,0.051265756999999995,0.008921438,0.15006921,-2.7599163,0.022146530999999997,-9.4918145,16.06243283018868,24.895412622641512,101132.2241509434,0.9893295636363636,0.0013304732818181818,-0.139372845,-0.04240092913636363,38.3560501,-0.5855009445,-15.050151025,2.979091245,-0.087113251,0.0465215826,0.398243871,-0.00608614122,0.376482583,4715.309544613307,5851.342619243559,4625.364977385015,5777.315995065782,"1,1,25",0
642,49948000,54.55800000000046,-0.0012964354384615384,-0.07114298553846153,0.0037664662999999997,0.2598623723076923,1212.0,1313.5876288659795,1206.2061855670104,1306.0,0.0,0.0,0.0,0.0,0.0,0.0,0.0,0.0,0.05086665,0.017843481,0.15899062,-2.7700913,0.025139287,-9.405623,16.06931,24.89542778846154,101132.13711538463,0.9895220846153846,0.002018802523076923,-0.13912847769230768,-0.03848268876923077,38.504270625,-0.588786929375,-15.04952740625,2.9775623437500003,-0.079492961875,0.043251285874999996,0.39688397619047616,-0.005441509733333333,0.3755316276190476,4702.280273437588,5841.818847656047,4628.414062499933,5785.275390625153,"1,1,25",0
643,49998000,54.60800000000046,-0.00194496794,-0.0707901,0.0032734509800000002,0.259772408,1212.0,1312.5567010309278,1206.721649484536,1306.0,0.0,0.0,0.0,0.0,0.0,0.0,0.0,0.0,0.04420848333333333,0.005770012033333333,0.15836931333333332,-2.793634433333333,-0.01795635166666666,-9.480639666666667,16.09865375,24.895442211538462,101131.76211538463,0.989698058490566,0.002645773196226415,-0.13892021490566037,-0.03446467981132075,38.65240008928571,-0.5918808713392857,-15.04912584375,2.9760571205357143,-0.072083993125,0.039931602839285714,0.3974585190476191,-0.008369248523809525,0.3763239428571428,4702.623681640551,5840.56474609388,4634.375292968866,5784.119140624793,"1,1,25",0
644,50048000,54.658000000000456,-0.0016016341134615386,-0.07028096134615384,0.003031380301923077,0.2597587803846154,1211.77,1312.23,1207.46,1305.77,0.0,0.0,0.0,0.0,0.0,0.0,0.0,0.0,0.038083583,0.0013312013,0.16165379,-2.7964275,0.0371103,-9.338586,16.107050653846155,24.895457076923076,101131.6566923077,0.9898408477272728,0.0031532139363636366,-0.1388411709090909,-0.030418362500000004,38.800370640000004,-0.5948375185,-15.04873696,2.97382267,-0.06485753178999999,0.038466049179999996,0.39711296434782606,-0.010213790652173912,0.3766355673913044,4699.258742559514,5830.3082449774465,4638.963216145915,5783.245442708412,"1,1,25",0
645,50098000,54.70800000000045,-0.0004948291687500001,-0.0699976755,0.00294498864375,0.259907515625,1211.27,1312.73,1208.46,1305.27,0.0,0.0,0.0,0.0,0.0,0.0,0.0,0.0,0.034354669500000004,0.002130338,0.16005603000000002,-2.706645,-0.0137665005,-9.3038685,16.102987115384618,24.89547165384615,101131.72319230769,0.9899545961538462,0.003565278719230769,-0.13886155615384616,-0.026272065557692306,38.94815464,-0.5976329935,-15.04836296,2.9707321700000002,-0.05784531829,0.039177082179999996,0.39835539200000003,-0.0117054681,0.37576758,4696.731050036886,5833.202543713219,4648.816336495907,5781.690871465458,"1,1,25",0
646,50148000,54.758000000000465,9.552759230769224e-05,-0.06988053665384615,0.0026395537153846155,0.2598881867307692,1211.0,1312.5353535353536,1208.7676767676767,1305.2323232323233,0.0,0.0,0.0,0.0,0.0,0.0,0.0,0.0,0.0417451755,0.0049270024,0.16478308,-2.827851575,-0.07392082250000001,-9.38347775,16.113731807692307,24.895484749999998,101131.59569230769,0.99005963,0.004025503478846153,-0.13883200884615385,-0.022063552096153845,39.09589233333333,-0.6002401655172415,-15.048130068965518,2.967971910344828,-0.05115401070114943,0.03799948963218391,0.3963895265,-0.01646335,0.37774347999999996,4694.259692382853,5843.261181640599,4656.5472656248785,5774.466381836054,"1,1,25",0
647,50198000,54.80800000000046,-0.001270473478723404,-0.07000185723404255,0.002207473085106383,0.2596927568085106,1211.0,1311.5252525252524,1208.2626262626263,1305.7373737373737,0.0,0.0,0.0,0.0,0.0,0.0,0.0,0.0,0.08023707285714286,0.0024729729142857143,0.16530631714285712,-2.7647902857142856,-0.073536038,-9.354319142857143,16.110150666666666,24.89549733333333,101131.63266666666,0.9901517531914893,0.004955228685106383,-0.13876631574468085,-0.017738574255319148,39.24357566666667,-0.6026262862068966,-15.048062827586207,2.9655993241379313,-0.044839418747126436,0.03460481491954023,0.39669818434782605,-0.018685369521739128,0.3775003439130435,4703.633300781091,5820.598388672015,4642.4855957031705,5790.251708984369,"1,1,25",0
648,50248000,54.85800000000046,-0.0006299725923076923,-0.07000727123076923,0.002065904707692308,0.25956239923076924,1210.7623762376238,1310.7623762376238,1208.0,1306.2376237623762,0.0,0.0,0.0,0.0,0.0,0.0,0.0,0.0,0.062318023,0.0034618923,0.16298549,-2.6695354,0.06584071,-9.357739,16.08511,24.895510226415094,101131.94509433962,0.9902225833333334,0.006137065891666666,-0.13870622833333335,-0.013324773333333335,39.391105613861384,-0.6041528895049505,-15.047840118811882,2.9632495227722773,-0.036435461198019804,0.03162730675247525,0.3964632,-0.0201369272,0.377233288,4696.88769531253,5826.601562499746,4651.534667968668,5774.5815429689455,"1,1,25",0
649,50298000,54.908000000000456,-0.0010451420422040816,-0.07008997534693878,0.0017211329653061224,0.2593325497959184,1210.2673267326732,1310.2673267326732,1208.0,1306.7326732673268,0.0,0.0,0.0,0.0,0.0,0.0,0.0,0.0,0.06711165699999999,0.00306259935,0.17430390499999998,-2.80420865,0.039504498,-9.4900165,16.07572,24.895522500000002,101132.08,0.9902777437735849,0.007200862496226415,-0.13861411924528302,-0.008854659735849056,39.53857591089109,-0.605345236039604,-15.04755695049505,2.9609085821782175,-0.027218972584158417,0.028812030019801982,0.396090687826087,-0.019965887826086957,0.3787187886956522,4694.502115885225,5808.761067708372,4646.502255394404,5789.028180803637,"1,1,25",0
650,50348000,54.95800000000047,-0.00035005464572549026,-0.06993207549019607,0.0018229652176470588,0.2591378443137255,1210.0,1310.23,1208.23,1306.77,0.0,0.0,0.0,0.0,0.0,0.0,0.0,0.0,0.04740435,0.006657668,0.17230651,-2.7006595,0.015562474,-9.36492,16.045563653846155,24.895532961538464,101132.402,0.9903213359574468,0.008136480829787233,-0.13847137021276595,-0.004345342408510638,39.686025,-0.605658686,-15.04704605,2.959379425,-0.01803216552,0.027677204599999998,0.39576963,-0.023836827,0.37685022,4683.535644531308,5811.766601562449,4652.483886718761,5779.232910156261,"1,1,25",0
651,50398000,55.008000000000465,0.00024198878979591828,-0.0696047887755102,0.0017031048918367347,0.25919055469387753,1210.0,1310.73,1208.73,1306.27,0.0,0.0,0.0,0.0,0.0,0.0,0.0,0.0,0.05572663925,0.00039939986067,0.1747699575,-2.775179175,0.0113726239,-9.3870665,16.04147411764706,24.895546294117647,101132.45152941176,0.9903391160377358,0.008889970320754717,-0.1383609245283019,0.00013995829056603773,39.833465,-0.605595466,-15.04643755,2.958198175,-0.00885807912,0.0272625726,0.39564658249999995,-0.0265203087,0.377240882,4692.062084961044,5802.5551025391605,4649.489843749865,5785.636108398361,"1,1,25",0
652,50448000,55.05800000000046,0.0007708099926923076,-0.06970915061538462,0.0010438015440384617,0.25940778923076924,1210.2323232323233,1310.7676767676767,1209.2323232323233,1306.0,0.0,0.0,0.0,0.0,0.0,0.0,0.0,0.0,0.046871405,0.006125318,0.17656767,-2.7269962,-0.043095473,-9.37809,16.052687924528303,24.89555896226415,101132.34981132076,0.9903365409615384,0.009641628673076923,-0.13825164807692308,0.0046705696211538465,39.98076248543689,-0.6048281999999999,-15.045194466019417,2.956821460194175,0.000690938566990291,0.027371070621359222,0.3959395543478261,-0.02821725708695652,0.3782074843478261,4682.491210937442,5816.60253906237,4666.627929687472,5775.164550781486,"1,1,25",0
653,50498000,55.10800000000046,0.00041160829446808516,-0.0692042884893617,0.0007367109399999999,0.25962363872340427,1210.7373737373737,1310.2626262626263,1209.7373737373737,1306.0,0.0,0.0,0.0,0.0,0.0,0.0,0.0,0.0,0.07374521909090909,0.011161292181818182,0.17342026545454545,-2.727322181818182,0.02742465681818182,-9.395936363636363,16.032452352941178,24.895571176470586,101132.58588235294,0.9903175872340425,0.010450568617021276,-0.13810202574468086,0.009235830170212766,40.12799889320389,-0.6037591999999999,-15.043679417475728,2.9553609747572818,0.010400641091262135,0.02770376722330097,0.39345151260869565,-0.031713705652173914,0.37819424869565216,4692.864990234504,5806.088378906108,4655.018554687371,5792.667480468889,"1,1,25",0
654,50548000,55.15800000000047,0.0005908214188679246,-0.06856129764150944,0.0010619798226415094,0.25983432566037734,1211.24,1309.52,1209.76,1306.72,0.0,0.0,0.0,0.0,0.0,0.0,0.0,0.0,0.055926436499999996,-0.000799104975,0.18389128999999999,-2.72460185,-0.029927358,-9.445126,16.067747358490568,24.895583056603776,101132.16415094338,0.9902661530612245,0.011453501530612245,-0.1380047136734694,0.013835445428571428,40.274743666666666,-0.60201929,-15.041675,2.9544994333333334,0.020165817333333332,0.028658092,0.39329045,-0.0344031612,0.380683308,4686.7857142856155,5807.1245117187,4680.597353980988,5784.085495721576,"1,1,25",0
655,50598000,55.20800000000047,-0.0011265965744680852,-0.06889135978723405,0.0007380778602127659,0.25999595234042555,1211.74,1308.52,1209.26,1308.22,0.0,0.0,0.0,0.0,0.0,0.0,0.0,0.0,0.07753595142857142,0.007913508142857142,0.18170371428571427,-2.6943319714285714,0.052672606,-9.430419,16.08511,24.895596211538464,101131.96923076923,0.9901854117647059,0.01244717488235294,-0.13794641705882354,0.018514827529411765,40.42121189583334,-0.5999019931249999,-15.0393953125,2.9539747979166666,0.029962197541666666,0.029962082624999997,0.3941581247826087,-0.03689924186956521,0.37872196695652177,4699.361083984562,5798.000976562432,4671.272949218608,5798.420166015836,"1,1,25",0
656,50648000,55.258000000000465,-0.0011012951713207546,-0.06886628471698113,0.0003947432352830189,0.26026736452830185,1212.0,1308.0,1209.2376237623762,1309.2376237623762,0.0,0.0,0.0,0.0,0.0,0.0,0.0,0.0,0.064981045,0.01464727825,0.181494465,-2.6874914000000003,-0.05805923125,-9.444529375,16.08511,24.895606788461535,101131.93076923076,0.9900974897959184,0.013536779204081632,-0.13776617612244899,0.023215249102040817,40.56747381188119,-0.5971862014851484,-15.037560801980199,2.952646208910891,0.04022923710891089,0.029023237940594058,0.393061022,-0.0395413104,0.37945587000000003,4693.321313476376,5812.09882812514,4686.329394531433,5793.134497070225,"1,1,25",0
657,50698000,55.30800000000046,-0.0008020376800000001,-0.068588550625,0.00016417979875000004,0.260432033125,1212.0,1308.0,1209.7326732673268,1309.7326732673268,0.0,0.0,0.0,0.0,0.0,0.0,0.0,0.0,0.06334997125,0.0091877495875,0.1869872325,-2.7358248125,0.052822241425,-9.372104125,16.02759625,24.89561925,101132.61788461539,0.9899908665384615,0.01451935451923077,-0.1375506325,0.02794143228846154,40.71365549504951,-0.5942376618811881,-15.035899415841584,2.9510049712871287,0.05067931087128713,0.027212179524752477,0.3924216075,-0.0408833468,0.37979167,4693.915576172013,5803.419604492203,4687.755981445055,5806.743432617313,"1,1,25",0
658,50748000,55.35800000000047,-0.0013747571299818182,-0.06870109272727273,-3.8145883636363633e-06,0.2607177281818182,1212.46,1307.54,1210.23,1310.0,0.0,0.0,0.0,0.0,0.0,0.0,0.0,0.0,0.061019589875,0.004793554475,0.17536920875,-2.6560680249999997,-0.033967571875,-9.42851575,16.06651148076923,24.89562903846154,101132.14480769231,0.989848818,0.015573609563636364,-0.13740298236363638,0.03272153381818182,40.85992245,-0.590736955,-15.0347871,2.94992299,0.061414034199999995,0.02583317435,0.39272612199999996,-0.04136882135,0.378887041,4697.360937500061,5818.338745117512,4698.461889648618,5798.841308593509,"1,1,25",0
659,50798000,55.40800000000047,-0.0011513692177999998,-0.067859496,-0.000151042736,0.26099999,1213.46,1306.54,1210.73,1310.0,0.0,0.0,0.0,0.0,0.0,0.0,0.0,0.0,0.07856313749999999,0.0002662179499999999,0.18236003750000002,-2.6961707500000003,0.046387829000000005,-9.5256305,15.989765519230769,24.89563951923077,101133.11115384616,0.9896670726666666,0.016731690622222222,-0.13736989222222223,0.037474961288888886,41.00622595,-0.586999605,-15.0339101,2.9490806899999997,0.0722707502,0.02463933485,0.39130564,-0.04441087666666667,0.38002615,4710.4652587892515,5797.981616210877,4697.309082031047,5808.434667968746,"1,1,25",0
660,50848000,55.45800000000047,-0.0013967655915384616,-0.06812091557692308,3.217150999999997e-05,0.26077964134615383,1213.7766990291261,1306.4466019417475,1210.7766990291261,1310.0,0.0,0.0,0.0,0.0,0.0,0.0,0.0,0.0,0.0694418525,0.00492679835,0.176634235,-2.6821044499999998,-0.004788237625,-9.522937500000001,16.06817117647059,24.89564774509804,101132.16549019609,0.9894650068749999,0.017963571895833332,-0.13728571395833333,0.04223469435416667,41.15275555,-0.582801165,-15.032663150000001,2.949366405,0.08391086315,0.022893956950000002,0.390351913,-0.0473412207,0.37883634650000003,4706.419750976393,5800.835620117459,4704.8902099611405,5793.80888671844,"1,1,25",0
661,50898000,55.508000000000465,-0.0007240899294117646,-0.06872330117647059,0.0002402246441764706,0.26073736999999997,1213.2912621359224,1307.4174757281553,1210.2912621359224,1310.0,0.0,0.0,0.0,0.0,0.0,0.0,0.0,0.0,0.06823618777777778,0.020743133555555557,0.17979294,-2.6860283555555555,-0.00026585746666666667,-9.425307,16.051624113207545,24.895656132075473,101132.3562264151,0.9892811694117647,0.01905514823529412,-0.13693389470588235,0.04693400705882353,41.29938205,-0.578405115,-15.03125765,2.950135555,0.09588671765,0.020912205450000002,0.389436302,-0.0487919818,0.3805400495,4701.501567639907,5801.525390624833,4691.231753700506,5801.009225945981,"1,1,25",0
662,50948000,55.558000000000476,-0.0007579475916666667,-0.06816887666666667,-1.5277591583333342e-05,0.26083731583333336,1213.0,1308.0,1210.2083333333333,1310.0,0.0,0.0,0.0,0.0,0.0,0.0,0.0,0.0,0.08042793,0.016512075,0.17550208,-2.6372132,-0.0035911365,-9.51815,16.02490329411765,24.89566411764706,101132.6894117647,0.98908734,0.020181446153846153,-0.1364737223076923,0.05165147653846154,41.44594888349515,-0.5732196393203883,-15.029934834951456,2.9506337271844663,0.10882256293203883,0.019849361650485436,0.39002922,-0.050887007,0.38173378,4705.041015624909,5804.377929687558,4690.909667969114,5807.502929687258,"1,1,25",0
663,50998000,55.60800000000047,-0.0002307156625,-0.0678342665,-0.000130814755,0.2609822066666667,1213.0,1308.0,1210.7291666666667,1310.0,0.0,0.0,0.0,0.0,0.0,0.0,0.0,0.0,0.06751137,0.0031958408000000004,0.181760695,-2.6426004,-0.0101751944,-9.4056235,16.032123571428574,24.89567142857143,101132.59035714285,0.988851676923077,0.02131953707692308,-0.13613769230769232,0.05637899426923077,41.59249014563107,-0.5676958383495145,-15.02864745631068,2.9510157660194176,0.12216983283495145,0.019180335436893202,0.38834101904761903,-0.052528007142857144,0.3830161714285714,4706.992264597306,5794.754163239995,4707.737176192234,5799.6968801398825,"1,1,25",0
664,51048000,55.65800000000047,-0.0007723388799999998,-0.06803032246153846,0.00012985654384615387,0.2611355476923077,1213.4615384615386,1307.7692307692307,1211.2307692307693,1310.0,0.0,0.0,0.0,0.0,0.0,0.0,0.0,0.0,0.07926221750000001,0.016678046374999998,0.1815943775,-2.650681075,-0.0142154080125,-9.530419875,16.055168301886795,24.895678226415093,101132.30471698113,0.988585,0.022499074666666667,-0.13585135,0.06109831466666667,41.73889696039604,-0.5608517705940594,-15.027918178217822,2.9506758029702973,0.13647613792079208,0.018743341207920792,0.38878447095238094,-0.055011270714285715,0.3821142614285714,4708.585644531066,5795.847314453238,4704.576416015934,5811.060424804669,"1,1,25",0
665,51098000,55.70800000000047,-0.00048663425384615406,-0.06747876192307692,0.0002367291276923077,0.2613525265384615,1214.423076923077,1307.2884615384614,1211.7115384615386,1310.0,0.0,0.0,0.0,0.0,0.0,0.0,0.0,0.0,0.070440893,0.01151788875,0.183225415,-2.6668418,-0.014365048,-9.3697085,16.074185653846154,24.895684346153846,101132.08634615385,0.98829654,0.023704983125,-0.1355402675,0.0658152725,41.885228148514855,-0.5532650527722772,-15.027502831683169,2.949929713861386,0.15132190029702972,0.018436864970297027,0.3868010555,-0.0578450753,0.3821629955,4712.520507812682,5799.8972167966795,4708.563964843704,5811.110839843867,"1,1,25",0
666,51148000,55.75800000000048,-0.0014586911179166667,-0.067087785,-0.0003821333675,0.26141049833333335,1214.5876288659795,1307.2061855670104,1212.2061855670104,1309.7938144329896,0.0,0.0,0.0,0.0,0.0,0.0,0.0,0.0,0.07622570333333334,0.010208917666666666,0.1741114933333333,-2.7022556888888887,0.05253959533333333,-9.569624444444445,16.05804517647059,24.89568858823529,101132.29529411765,0.9879776525,0.024883729583333333,-0.13529873416666666,0.0704996475,42.03118608333333,-0.5444026197916667,-15.027069875,2.948645578125,0.16736749385416666,0.01720032459375,0.38704985380952384,-0.06000468114285714,0.3843175171428571,4728.916480654869,5789.761067708384,4697.202241443298,5817.333821614544,"1,1,25",0
667,51198000,55.808000000000476,-0.0003558082498163266,-0.06710611346938776,-0.0004955322302040816,0.2613616036734694,1213.5567010309278,1307.721649484536,1212.721649484536,1309.278350515464,0.0,0.0,0.0,0.0,0.0,0.0,0.0,0.0,0.051208714,0.004603713971428572,0.17592085285714287,-2.6317411714285717,0.02531029885714286,-9.542945142857143,16.010521509433964,24.895692452830186,101132.8637735849,0.9876445232075473,0.025780379849056605,-0.1350846075471698,0.07510027347169812,42.17691525,-0.534758296875,-15.026626125,2.947031671875,0.1841484678125,0.01539374490625,0.38525716086956524,-0.0615301932173913,0.38442136260869564,4715.189336867539,5798.986700148776,4715.5431547617745,5807.774344308194,"1,1,25",0
668,51248000,55.85800000000047,0.0009350650615384615,-0.06708824019230769,-0.0004951459663461538,0.26143980846153847,1213.4646464646464,1308.0,1213.0,1308.7676767676767,0.0,0.0,0.0,0.0,0.0,0.0,0.0,0.0,0.0567920925,0.0068576448,0.1778991075,-2.672228325,0.044592177499999996,-9.472359749999999,16.0212765,24.895695884615385,101132.72451923077,0.987297454375,0.0264219364375,-0.13487375479166666,0.07968571520833334,42.321960767676764,-0.5242738181818182,-15.025963404040404,2.945138272727273,0.201133061010101,0.014351630545454545,0.38326859999999996,-0.062195383913043474,0.3840950217391304,4722.317382812141,5786.673339844039,4705.085449219281,5816.317871093434,"1,1,25",0
669,51298000,55.90800000000047,0.0010283674851063827,-0.06659207744680852,-0.00032781992085106383,0.26151087063829787,1214.4747474747476,1308.0,1213.0,1308.2626262626263,0.0,0.0,0.0,0.0,0.0,0.0,0.0,0.0,0.053529361,0.0027963323500000002,0.17470345999999998,-2.5887305,0.067636372,-9.5013895,16.067233884615383,24.895697807692308,101132.17144230769,0.9869141778846153,0.027175508076923077,-0.1347383076923077,0.0842727323076923,42.46671329292929,-0.5134292727272727,-15.02520683838384,2.943125090909091,0.21820491959595958,0.013637144181818182,0.386195065,-0.0676795055,0.38399527499999997,4713.837402343961,5803.793457031202,4727.3183593748945,5790.697509765654,"1,1,25",0
670,51348000,55.95800000000048,-0.000705835656923077,-0.06683720461538462,0.00036141,0.26145572307692305,1214.76,1307.52,1213.0,1308.24,0.0,0.0,0.0,0.0,0.0,0.0,0.0,0.0,0.090014919,0.00918785025,0.1775662375,-2.64768795,0.0035914700000000063,-9.54658225,16.068632470588234,24.895699,101132.16549019609,0.9865105829411764,0.028362851098039217,-0.13449513294117646,0.08886714215686274,42.610991366336634,-0.5014859900990098,-15.024969336633664,2.941093455445545,0.23563678019801979,0.010610797611881188,0.3852922515,-0.0670291172,0.383369444,4735.474389648624,5780.413061523192,4704.1314453122395,5813.249975586181,"1,1,25",0
671,51398000,56.00800000000048,-0.0004995730654166668,-0.06696290083333334,-4.450939583333364e-06,0.26121482375,1214.26,1306.52,1213.0,1308.74,0.0,0.0,0.0,0.0,0.0,0.0,0.0,0.0,0.0657797525,0.01737679,0.17923091000000002,-2.6225491,0.01197117575,-9.472959000000001,16.05777907142857,24.895699,101132.30035714286,0.9860932867857143,0.029844209357142857,-0.13405570035714284,0.09355214142857143,42.75508493069307,-0.4891154207920792,-15.024933693069306,2.9390546435643565,0.2532086415841584,0.006685394295049506,0.383294905,-0.0694545275,0.38465357,4713.849557976814,5791.78957648014,4715.355340255075,5802.82648026322,"1,1,25",0
672,51448000,56.058000000000476,-0.00260384370754717,-0.06639478698113208,-0.0005600542547169812,0.26081468905660377,1213.7525773195875,1306.0,1213.0,1308.5051546391753,0.0,0.0,0.0,0.0,0.0,0.0,0.0,0.0,0.08119694222222222,0.006716912111111112,0.17822464555555553,-2.5612636555555555,-0.006118349333333328,-9.486627555555556,16.021908307692307,24.895699,101132.70923076924,0.985657351707317,0.031063824390243903,-0.13366421926829267,0.09820981536585366,42.898987,-0.4752632275,-15.0257616,2.93745075,0.27251975,0.0034321343675000004,0.38223703,-0.07145816499999999,0.386727315,4726.305175781339,5776.314453124757,4702.41015624991,5807.157226562624,"1,1,25",0
673,51498000,56.10800000000047,-0.002537805180681818,-0.0662196075,-0.0004078204075,0.2604971375,1213.2371134020618,1306.0,1213.0,1307.4742268041236,0.0,0.0,0.0,0.0,0.0,0.0,0.0,0.0,0.057324565,0.0077230335,0.1718404825,-2.587833125,0.019153780950000004,-9.555559,16.06074996226415,24.895699,101132.24943396226,0.9851904396153847,0.03221909936538461,-0.1333590576923077,0.10281826538461539,43.042807,-0.4607760525,-15.0269596,2.9360332500000004,0.29257625,0.0004669358925000009,0.380886236,-0.07455137,0.38578633300000004,4716.965239025172,5778.369884672635,4712.250023251531,5790.258393787114,"1,1,25",0
674,51548000,56.158000000000484,-0.002236369091346154,-0.06692941471153846,-0.00022953097576923075,0.2603063171153846,1213.0,1306.0,1212.7403846153845,1306.7403846153845,0.0,0.0,0.0,0.0,0.0,0.0,0.0,0.0,0.0703074545,0.020839327,0.1759018025,-2.6431987,-0.03351865925,-9.51126775,16.05694,24.895698725490195,101132.28862745098,0.9847313833333333,0.0331850625,-0.13293826979166667,0.10735688854166667,43.186487951456314,-0.44447330194174756,-15.028473660194175,2.932955985436893,0.31242026262135925,-0.0014356992786407766,0.37983041304347825,-0.0753645395652174,0.3871371760869565,4716.558593750028,5771.151855468789,4697.208007812178,5797.215820312733,"1,1,25",0
675,51598000,56.20800000000048,-0.0017651569471153845,-0.06694565028846154,-9.720481230769229e-05,0.26004970173076924,1213.0,1306.0,1212.2596153846155,1306.2596153846155,0.0,0.0,0.0,0.0,0.0,0.0,0.0,0.0,0.058057054999999996,0.01790977325,0.1721067375,-2.595614125,0.04758492475,-9.4597915,16.05694,24.895697,101132.28283018868,0.9842663615384615,0.03411720409615385,-0.13240689711538461,0.11188701134615385,43.33010931067961,-0.4273924475728156,-15.03012317475728,2.9291673932038838,0.33217320922330096,-0.002882950176699029,0.38019162,-0.07917938,0.38831815000000003,4701.780273437482,5782.130126953202,4698.114013672052,5791.372070312069,"1,1,25",0
676,51648000,56.25800000000048,-0.0016862946194230765,-0.06589469692307692,0.00019436041173076922,0.25981701788461536,1212.54,1305.77,1212.0,1306.0,0.0,0.0,0.0,0.0,0.0,0.0,0.0,0.0,0.05892248,0.0029295845975,0.17666746,-2.600252925,0.016310667374999997,-9.488370999999999,16.057481730769233,24.895697,101132.29865384614,0.9837529020833333,0.03498323704166667,-0.132126770625,0.11637946145833333,43.47341432110092,-0.40869553229357797,-15.03181923853211,2.9257310449541283,0.35295117642201834,-0.0044378609770642195,0.37847701300000003,-0.0818248385,0.38964327449999997,4712.672753906434,5766.037036132528,4701.808911132843,5784.276928710979,"1,1,25",0
677,51698000,56.308000000000476,-0.0024575519749999997,-0.065925635,-0.00014425079375,0.259518853125,1211.54,1305.27,1212.0,1306.0,0.0,0.0,0.0,0.0,0.0,0.0,0.0,0.0,0.062384338000000004,0.013182595,0.17503638,-2.63422045,1.6485000000005315e-07,-9.45889275,16.065961764705882,24.895697,101132.19901960786,0.9831974744230769,0.03594129392307692,-0.1319464375,0.12089442396153846,43.6165413853211,-0.38908958275229355,-15.033541486238532,2.922492833944954,0.374305717706422,-0.0060533304724770635,0.3767506565,-0.0827267575,0.3897717465,4709.558178710716,5758.777954101782,4700.202783203099,5778.737280273195,"1,1,25",0
678,51748000,56.35800000000049,-0.0019378831173076923,-0.06684777630769231,-0.0004566993480769231,0.25903666596153846,1211.0,1305.23,1211.77,1305.77,0.0,0.0,0.0,0.0,0.0,0.0,0.0,0.0,0.06791043272727272,0.02024031318181818,0.17639816545454545,-2.643634509090909,0.022200945900000005,-9.482019181818181,16.04755,24.895697,101132.4,0.9826524402083333,0.03686756108333333,-0.13152004604166667,0.125429754875,43.75938,-0.36868526,-15.035216625,2.9178144,0.39576851,-0.00710091975,0.3754073308695652,-0.08470465130434783,0.39011659739130433,4702.08475167419,5754.00957961289,4688.567057291421,5783.242768787375,"1,1,25",0
679,51798000,56.408000000000484,-0.0018770645237500003,-0.06698800025,-0.000155337391375,0.258801198125,1211.0,1305.73,1211.27,1305.27,0.0,0.0,0.0,0.0,0.0,0.0,0.0,0.0,0.059521937,0.01984040275,0.16937700249999998,-2.62254865,-0.02573750675,-9.3876655,16.060838679245283,24.895697,101132.23018867924,0.9821034375,0.0377449485,-0.1309924575,0.12993504375,43.90188,-0.3473437165217391,-15.036836461956522,2.9114452695652178,0.4173583795652174,-0.007481867032608696,0.37262875333333334,-0.08884890041666667,0.38958018375,4695.634277343445,5759.728759765734,4675.315283203424,5779.500708007485,"1,1,25",0
680,51848000,56.45800000000048,-0.0010134245011538458,-0.06614274707692307,0.00026104040550000004,0.2588410286538462,1211.23,1305.77,1211.23,1305.23,0.0,0.0,0.0,0.0,0.0,0.0,0.0,0.0,0.054541297600000004,-0.0011183951319359998,0.172146818,-2.56155642,0.0687137488,-9.354625200000001,16.031930192307694,24.89569880769231,101132.59961538462,0.9815179420454545,0.03854380702272727,-0.1306890131818182,0.1343641443181818,44.0435178125,-0.32529987239583336,-15.0381901875,2.9051174822916668,0.4386323786458333,-0.005186373934166667,0.37412139,-0.08901334,0.39067292666666664,4696.29687500033,5755.219238281198,4692.038574218544,5767.0454101562955,"1,1,25",0
681,51898000,56.50800000000048,-0.0020267733500000003,-0.065682948375,0.00014884684375000005,0.259058104375,1211.73,1305.27,1211.73,1305.73,0.0,0.0,0.0,0.0,0.0,0.0,0.0,0.0,0.06858837818181819,0.002493564718181818,0.17322657,-2.5842142727272726,0.06257588872727272,-9.336517,16.053625882352943,24.895699882352943,101132.34,0.9808669544230769,0.03950630421153846,-0.13062736480769233,0.13881699615384616,44.1846271875,-0.3028255859375,-15.0393808125,2.8988150343749997,0.45971277968749996,-0.0012504818925000005,0.3743549513043478,-0.09262086913043478,0.3902593347826087,4713.250023251208,5747.086774553875,4686.312872024055,5777.968215215482,"1,1,25",0
682,51948000,56.55800000000049,-0.0016210454538461536,-0.06607631615384615,-0.00014541955500000004,0.2592439376923077,1212.23,1305.23,1212.0,1305.54,0.0,0.0,0.0,0.0,0.0,0.0,0.0,0.0,0.06396464090909092,0.008425638181818181,0.17758429818181817,-2.574529118181818,0.06790843236363636,-9.459381454545454,16.064885384615387,24.89570507692308,101132.18153846155,0.9802049076923077,0.04053841928846154,-0.1304197444230769,0.14331907461538462,44.3252449,-0.2790938275,-15.040138749999999,2.8927346949999997,0.4812564645,0.0015727127579999998,0.3750232552173913,-0.09336974956521739,0.3907268408695652,4704.876092820011,5753.822056361546,4696.929710751472,5780.499534970437,"1,1,25",0
683,51998000,56.60800000000049,-0.00146684216375,-0.065880214375,0.000374948848125,0.25939346875,1212.73,1305.73,1212.0,1304.54,0.0,0.0,0.0,0.0,0.0,0.0,0.0,0.0,0.05898915425,0.006391322475,0.1755689025,-2.545934325,0.04070159525,-9.338287000000001,16.07377113207547,24.895709169811322,101132.0886792453,0.9795443,0.041454523125000003,-0.1301405625,0.1477619925,44.4656519,-0.2548231525,-15.04071125,2.886749545,0.5029986995,0.003919037098,0.373643815,-0.094809168,0.39284876,4719.297924804589,5752.32739257826,4688.811132812743,5782.733764648243,"1,1,25",0
684,52048000,56.658000000000484,-0.0009568743103846157,-0.0656710148076923,0.0004015312104038462,0.2596198201923077,1213.0,1305.7676767676767,1212.2323232323233,1304.4646464646464,0.0,0.0,0.0,0.0,0.0,0.0,0.0,0.0,0.0479367,0.0082560815,0.16911077,-2.6204538,-0.008379541,-9.375694,16.046997647058824,24.895714588235293,101132.41411764706,0.9788705182692308,0.04225831625,-0.12989781173076922,0.1521452651923077,44.6060512815534,-0.22846139417475728,-15.04107295145631,2.8801414660194173,0.5254533801941748,0.005956333001941747,0.3705150130434782,-0.09772223934782609,0.3897843652173913,4710.641601562658,5763.124511718705,4705.314453124802,5768.687011718999,"1,1,25",0
685,52098000,56.70800000000048,-0.0017627388617021276,-0.06573918085106382,-0.00019662438889361702,0.25983108042553194,1213.0,1305.2626262626263,1212.7373737373737,1305.4747474747476,0.0,0.0,0.0,0.0,0.0,0.0,0.0,0.0,0.06531398937499999,0.011285137375,0.172406425,-2.5822963,1.6537499999622063e-07,-9.471763124999999,16.012672857142856,24.895719392857146,101132.82535714286,0.9781765123404255,0.043104917446808506,-0.12958494382978725,0.15657559191489362,44.74644739805825,-0.2012034572815534,-15.041344310679612,2.873266417475728,0.5482133947572816,0.007861188147572815,0.3699744095652174,-0.10037803295652174,0.3914793260869565,4720.821289062472,5749.890111019701,4693.159308182677,5790.135587993484,"1,1,25",0
686,52148000,56.75800000000049,-0.001241016666037736,-0.06533934264150944,-0.0005851503939622642,0.25977818566037736,1213.0,1304.76,1213.24,1305.76,0.0,0.0,0.0,0.0,0.0,0.0,0.0,0.0,0.051398955,0.003462111,0.17204025,-2.5869355,0.045490008,-9.540895,16.017608301886792,24.895726433962267,101132.7616981132,0.977452819245283,0.04396970528301886,-0.12927399698113207,0.16104520905660377,44.88691333333333,-0.17182829333333333,-15.041707666666667,2.8679107666666668,0.5724610866666666,0.0081490481,0.3704208276190476,-0.10107311133333334,0.3930598038095238,4715.365931919676,5754.811360677026,4712.093308221819,5776.857840401668,"1,1,25",0
687,52198000,56.80800000000049,-0.0012014491307659574,-0.06509345936170213,-0.0006188661282978724,0.2595943676595745,1213.0,1304.26,1213.74,1305.26,0.0,0.0,0.0,0.0,0.0,0.0,0.0,0.0,0.05634472285714286,0.015408587142857144,0.16496386142857145,-2.529816542857143,-0.02411286742857143,-9.528069571428572,16.079494411764706,24.895732843137253,101132.0137254902,0.976730159361702,0.04463312617021276,-0.12898192574468084,0.16542601255319148,45.02741854166667,-0.14126218916666666,-15.042122770833334,2.8634097770833336,0.5975455970833333,0.00752734825625,0.36761790217391305,-0.10301941547826086,0.39322992869565215,4726.201904296958,5748.091308593689,4696.410644531127,5783.306152343718,"1,1,25",0
688,52248000,56.85800000000049,-0.0008319111274339624,-0.0654313345283019,-0.0005068139635849057,0.25949899849056607,1212.76,1304.96,1213.76,1304.76,0.0,0.0,0.0,0.0,0.0,0.0,0.0,0.0,0.0385623306,0.0227431972,0.172146812,-2.63457952,0.0371102908,-9.4803204,16.125416660377358,24.895738698113206,101131.47603773585,0.9760180802040817,0.04521456326530612,-0.12853065653061224,0.1697634332653061,45.16804348,-0.1088359176,-15.04236212,2.85713272,0.6220504064,0.007775670992,0.3656594057142857,-0.10572023142857143,0.39431903714285715,4706.904831659015,5750.634184337814,4710.275437127982,5776.349795386989,"1,1,25",0
689,52298000,56.908000000000484,-0.00023789350212765964,-0.06622256361702128,-1.1659162553191412e-05,0.2595854027659575,1212.26,1306.96,1213.26,1304.26,0.0,0.0,0.0,0.0,0.0,0.0,0.0,0.0,0.04850745771428571,0.03595278042857143,0.16838791714285714,-2.5949730142857144,0.039846521428571424,-9.416565714285715,16.08833207843137,24.895745921568626,101131.92470588235,0.9753175911764705,0.045658473,-0.12789033764705882,0.1740977305882353,45.308714980000005,-0.0756862476,-15.04253312,2.8501649700000002,0.6463297764,0.008362335842,0.36551657,-0.109051293,0.394881775,4711.69311523455,5751.018066406251,4686.7180175778185,5793.8610839844405,"1,1,25",0
690,52348000,56.958000000000496,0.0006662691723076924,-0.06554839384615385,0.0003883274492307693,0.2598337776923077,1213.2,1306.56,1212.52,1304.96,0.0,0.0,0.0,0.0,0.0,0.0,0.0,0.0,0.033888765749999994,0.013715184875,0.16764600500000001,-2.5770593,-0.0056860633750000006,-9.473557,16.07102446153846,24.895753692307693,101132.13692307692,0.974593825,0.046170739071428574,-0.12733810214285715,0.17836688857142857,45.44834482178218,-0.040962158875247526,-15.042265198019802,2.842106225742574,0.6701235643564357,0.01022135902970297,0.3641676604761904,-0.11164232428571429,0.3946541076190476,4707.9055524553805,5777.616024925723,4708.200613839452,5766.250906807897,"1,1,25",0
691,52398000,57.00800000000049,-0.0029149891324999995,-0.0645341525,7.629581345833334e-05,0.2600803675,1215.7,1303.56,1211.52,1306.96,0.0,0.0,0.0,0.0,0.0,0.0,0.0,0.0,0.07749805111111112,-0.0009171517222222223,0.16369561,-2.529607011111111,0.024474231111111112,-9.510436,16.09395869230769,24.895760961538464,101131.87,0.9737922854166666,0.04694189741666667,-0.12713936625,0.18263784458333335,45.58756957425742,-0.005625796201980199,-15.041826584158416,2.833623205940594,0.6937285148514852,0.012575188237623762,0.3642162371428571,-0.11169750142857143,0.3958007057142857,4734.5662777551615,5756.090203535872,4699.764262952109,5782.903346011807,"1,1,25",0
692,52448000,57.05800000000049,-0.004001961784615385,-0.06451766384615384,0.0005053015100769231,0.26007529153846154,1216.5247524752476,1302.2376237623762,1211.0,1308.0,0.0,0.0,0.0,0.0,0.0,0.0,0.0,0.0,0.05965490625,0.0038612338249999997,0.1705088925,-2.5653877499999997,0.05566535875,-9.40412475,16.073192923076924,24.895768846153846,101132.10076923078,0.9729430576923077,0.04815727292307692,-0.1269388846153846,0.18693566692307692,45.725988099999995,0.03163540269,-15.0406478,2.82585581,0.719528805,0.01272641795,0.362166345,-0.113571865,0.395839485,4728.922851562667,5751.001464843944,4712.654296874866,5777.534667968528,"1,1,25",0
693,52498000,57.10800000000049,-0.003174965753061224,-0.0651055406122449,0.00039480912244897965,0.2599675448979592,1215.5346534653465,1302.7326732673268,1211.0,1308.0,0.0,0.0,0.0,0.0,0.0,0.0,0.0,0.0,0.048824527666666666,0.017399306333333333,0.16245285,-2.5370557,0.04469193133333333,-9.572417666666666,16.039312264150944,24.895777377358492,101132.5016981132,0.9721298044444444,0.04891033171111111,-0.12662568444444444,0.1911388388888889,45.8640611,0.06972153139,-15.0391518,2.81839511,0.746269955,0.01193367645,0.3602608742857143,-0.11543017857142857,0.3961173957142857,4737.2630550987715,5757.434827302467,4698.289165295853,5775.890085320956,"1,1,25",0
694,52548000,57.1580000000005,-0.003059439884615384,-0.06546849076923077,-0.0002762881896153846,0.2600242275,1215.0,1303.23,1211.23,1307.77,0.0,0.0,0.0,0.0,0.0,0.0,0.0,0.0,0.04107936775,0.026631427,0.1675128375,-2.536058525,0.09606751200000001,-9.42956525,15.995905,24.895784884615384,101133.03,0.9713386054166667,0.049414314479166666,-0.12603585791666666,0.195372565625,46.00179189423076,0.10971339403846153,-15.03708425,2.8105434384615386,0.7724784850961538,0.011493400201923076,0.35956383849999995,-0.11667557025,0.3977536385,4720.707031250054,5760.528808593886,4709.493652343674,5781.609374999952,"1,1,25",0
695,52598000,57.208000000000496,-0.0023431105625,-0.065243956875,5.3787645000000017e-05,0.260141670625,1215.0,1303.73,1211.73,1307.27,0.0,0.0,0.0,0.0,0.0,0.0,0.0,0.0,0.035653249000000005,0.011484822875,0.16255266875,-2.5233391125,0.03950450275,-9.54583275,15.999426249999999,24.8957945,101132.9815,0.9705341315384616,0.04975659871153846,-0.12550240038461538,0.19958003326923077,46.13937602884615,0.15052199980769232,-15.03477175,2.802524207692308,0.7984587495192307,0.011204180490384616,0.3568005985,-0.11980932375,0.3968776445,4731.810107422024,5758.60134277325,4704.7382812499245,5780.447900390719,"1,1,25",0
696,52648000,57.25800000000049,-0.0017428470954545454,-0.06488140527272727,0.00012689296339636364,0.26029685981818185,1215.4646464646464,1304.0,1211.7676767676767,1307.2323232323233,0.0,0.0,0.0,0.0,0.0,0.0,0.0,0.0,0.029028302,0.02157156,0.16085497,-2.5474305,0.11372473,-9.5385,16.012015294117646,24.895803725490197,101132.81098039215,0.9696990560784313,0.050052597568627455,-0.1251059662745098,0.20377071117647058,46.27623578947368,0.19265972536842105,-15.032075094736843,2.7942008957894737,0.8236197810526316,0.010343681831578947,0.35560572,-0.12322732,0.39839315,4722.543433779508,5774.811476935135,4724.89827474008,5767.195405505459,"1,1,25",0
697,52698000,57.30800000000049,-0.0014935323795454548,-0.06482524159090909,0.0002317709895818182,0.2605877181818182,1216.4747474747476,1304.0,1211.2626262626263,1307.7373737373737,0.0,0.0,0.0,0.0,0.0,0.0,0.0,0.0,0.06506981066666666,0.013937453333333334,0.17044236,-2.5426424333333335,0.054268746,-9.561644,16.01406490566038,24.895811698113206,101132.78905660377,0.9688315106122449,0.050570961510204085,-0.12463919648979592,0.20801134265306123,46.41265157894737,0.2356120727368421,-15.029142989473684,2.785691211578947,0.8482787021052631,0.009133044463157894,0.354230056,-0.124549964,0.39913907600000004,4733.9618112667795,5768.214124177412,4716.6535002051805,5775.354389391671,"1,1,25",0
698,52748000,57.3580000000005,-0.003319035184615385,-0.06489707161538462,0.00012648716461538463,0.2609797807692308,1217.0,1304.4752475247524,1211.7128712871288,1307.7623762376238,0.0,0.0,0.0,0.0,0.0,0.0,0.0,0.0,0.074368668,0.023635568750000002,0.1645168425,-2.595913775,0.09307476249999999,-9.58219425,15.993738076923076,24.895819942307693,101133.05234615384,0.9679105803846154,0.05167278040384615,-0.12408291226923077,0.21231389596153846,46.54843366336634,0.2799841311881188,-15.026733366336634,2.775058797029703,0.873064064950495,0.009252436178217822,0.354441605,-0.12489723375,0.40041173,4747.861645507859,5762.256616211153,4703.270166015848,5794.88627929684,"1,1,25",0
699,52798000,57.4080000000005,-0.002072717487755102,-0.06462273412244898,9.219398163265306e-05,0.26150335102040817,1217.0,1305.4653465346535,1213.1980198019803,1307.2673267326732,0.0,0.0,0.0,0.0,0.0,0.0,0.0,0.0,0.045473476250000006,0.005459408875,0.166713895,-2.598008375,0.022595450250000003,-9.566483625,16.011344326923076,24.89582676923077,101132.82196153846,0.966966726875,0.05260088633333333,-0.12363439583333334,0.2166083672916667,46.68396930693069,0.3249082995049505,-15.024526930693069,2.7636008762376236,0.8978985996039603,0.009889061425742574,0.352786296,-0.125099726,0.401353091,4748.17429199232,5772.029101562595,4724.252880859165,5788.846289062423,"1,1,25",0
700,52848000,57.458000000000496,-0.0011013111490384615,-0.06420865003846153,0.0002749948648076923,0.2617989148076923,1217.2233009708739,1305.7766990291261,1214.2233009708739,1307.2233009708739,0.0,0.0,0.0,0.0,0.0,0.0,0.0,0.0,0.04557819942857143,0.007304372942857143,0.16473552428571428,-2.5334074285714285,0.05181753,-9.513531857142857,16.023804134615386,24.895834346153848,101132.69253846155,0.9660191102083333,0.05312315552083333,-0.12343129925,0.22078422333333333,46.81884208695652,0.3714910456521739,-15.022859739130435,2.7533385913043475,0.9236256830434783,0.010213604739130435,0.35044898,-0.12882975304347827,0.39975345217391306,4756.945312499861,5771.130859375242,4725.788574219192,5791.189941406005,"1,1,25",0
701,52898000,57.50800000000049,-0.0008034484235294117,-0.06376212352941177,-7.850309235294119e-05,0.2621493064705882,1217.7087378640776,1305.2912621359224,1214.7087378640776,1307.7087378640776,0.0,0.0,0.0,0.0,0.0,0.0,0.0,0.0,0.04074649454545455,0.0033654049545454546,0.16509175454545455,-2.5089058636363637,0.020568532272727272,-9.448173363636364,16.02002443137255,24.895840098039216,101132.72607843137,0.9650509411764706,0.05361405711764706,-0.12325159176470589,0.22495925411764706,46.9534307826087,0.4187846108695652,-15.021423652173914,2.74358872173913,0.9497352873913043,0.010404398652173914,0.3494715386956522,-0.13222511695652173,0.4007799826086957,4760.158447265795,5779.195312499897,4744.372070312488,5779.016113281304,"1,1,25",0
702,52948000,57.558000000000504,-0.0016960098833333334,-0.06408236958333334,0.0003465216108333334,0.2622427175,1217.7938144329896,1305.2061855670104,1214.7938144329896,1308.0,0.0,0.0,0.0,0.0,0.0,0.0,0.0,0.0,0.06193058272727273,0.020990702636363635,0.16804546545454543,-2.488011090909091,0.07672346036363636,-9.607278727272728,16.052246,24.895845,101132.33,0.9640749923076923,0.05423688223076923,-0.12287898461538461,0.22915798307692306,47.087447655913984,0.4671349005376344,-15.02041447311828,2.7336752301075267,0.9759527596774193,0.008689321795698925,0.34699893,-0.1309585,0.40296188,4764.091308593626,5769.3085937503565,4732.0781250002365,5802.389648437209,"1,1,25",0
703,52998000,57.6080000000005,-0.0011613784297959183,-0.06461868067346939,0.0005686872293877551,0.2620902012244898,1217.278350515464,1305.721649484536,1214.278350515464,1308.0,0.0,0.0,0.0,0.0,0.0,0.0,0.0,0.0,0.052426493,0.020202143,0.16176790714285716,-2.4992044714285715,0.12364358285714286,-9.564152285714286,16.081588857142858,24.895849464285714,101131.99964285715,0.963104412244898,0.054937344795918365,-0.12223374448979592,0.2333804836734694,47.22060679569893,0.5170702768817204,-15.020045655913979,2.723516305376344,1.0023320338709676,0.004115438784946236,0.3473666308695652,-0.13547413695652175,0.40138804565217395,4759.72344680072,5785.263974144138,4733.610793340599,5786.9727027530425,"1,1,25",0
704,53048000,57.6580000000005,-0.0016322861752692305,-0.06420807982692307,0.0003176486494230769,0.2617740263461538,1216.77,1305.77,1214.46,1307.77,0.0,0.0,0.0,0.0,0.0,0.0,0.0,0.0,0.0640491195,0.024967257,0.172106755,-2.5564094,0.006284946841570004,-9.522639999999999,15.995462075471698,24.895852490566035,101133.04754716982,0.9621215836538461,0.05560760019230769,-0.12157778211538461,0.2375785898076923,47.35317294,0.5684114345,-15.02004664,2.7131860519999997,1.028516814,0.0005377572300000002,0.34584949,-0.13819059375,0.40127328624999997,4761.260253906262,5762.631567382568,4716.505566406184,5809.970336914261,"1,1,25",0
705,53098000,57.708000000000496,-0.000626413960125,-0.0635670404375,-0.000155056744375,0.26162772625,1216.27,1305.27,1215.46,1307.27,0.0,0.0,0.0,0.0,0.0,0.0,0.0,0.0,0.02779391872727273,0.006270501018181818,0.16635071454545455,-2.5104295454545458,0.008815183909090911,-9.558850545454545,16.026192352941177,24.895854607843138,101132.66384313726,0.9610963499999999,0.05612970895833333,-0.12109647520833333,0.24181599208333335,47.48523394,0.6209501095,-15.02036264,2.702709852,1.0545359140000001,-0.0021913082699999997,0.34245416666666667,-0.138425655,0.40370994125,4750.08479817714,5771.759184337768,4742.287132626542,5776.530040922423,"1,1,25",0
706,53148000,57.75800000000051,-0.00029698520980392146,-0.06406618407843137,-0.00017487979901960782,0.26131942509803924,1216.0,1305.23,1215.31,1306.77,0.0,0.0,0.0,0.0,0.0,0.0,0.0,0.0,0.048103028000000006,0.020506456875000002,0.16488308625,-2.4887731,0.0112229866125,-9.447968875,16.070664615384615,24.895856538461537,101132.14215384616,0.9600638845454545,0.05639516272727273,-0.12077173618181819,0.24597971563636364,47.6168406875,0.674830303125,-15.0207729375,2.691238984375,1.0801119968750001,-0.00504048406875,0.34168856,-0.13994789260869564,0.4050170773913043,4758.921386718442,5758.520019531535,4724.91259765638,5790.587402343531,"1,1,25",0
707,53198000,57.808000000000504,-9.739125102040808e-05,-0.06463550040816327,0.0003187356932653061,0.26101660775510205,1216.0,1305.73,1213.81,1306.27,0.0,0.0,0.0,0.0,0.0,0.0,0.0,0.0,0.030426335750000002,0.0256996235,0.16937708750000002,-2.516006825,0.02244581025,-9.652524999999999,16.01309075471698,24.895857,101132.80433962264,0.9590323642857144,0.056804739714285714,-0.12022621857142858,0.25014443999999997,47.74806047916667,0.729853271875,-15.0212635625,2.6789208072916666,1.1053106947916667,-0.007991976047916667,0.34113243666666665,-0.14320080416666667,0.4057344,4738.105352492554,5774.99902343732,4732.418619791583,5773.491815476356,"1,1,25",0
708,53248000,57.8580000000005,-0.002875383815686274,-0.06435211039215685,0.00048706576392156865,0.26074880156862745,1216.0,1305.7766990291261,1213.2233009708739,1306.0,0.0,0.0,0.0,0.0,0.0,0.0,0.0,0.0,0.062684190875,0.008155776375,0.16481638375000002,-2.505232725,0.07481897437499999,-9.509471375,16.021957647058823,24.895857,101132.68450980392,0.9579768593023256,0.057299488302325584,-0.11968037023255813,0.25430380046511625,47.8781113125,0.7866065734375001,-15.022076458333332,2.666117609375,1.130372346875,-0.009426946541666667,0.3378683285,-0.144547169,0.40544781,4757.422851562545,5753.174316406207,4711.255859374949,5782.711425781242,"1,1,25",0
709,53298000,57.9080000000005,-0.0029133598307692302,-0.06378774323076923,0.0003778926273076923,0.2606667646153846,1216.0,1305.2912621359224,1213.7087378640776,1306.0,0.0,0.0,0.0,0.0,0.0,0.0,0.0,0.0,0.036561326428571427,0.012098023428571428,0.1672465642857143,-2.4844973857142856,0.05079144171428572,-9.470436714285714,15.983945716981133,24.895857,101133.14818867925,0.9568684865384615,0.05795733173076923,-0.11932735307692308,0.25845659846153846,48.007445687499995,0.8444204015625,-15.023086874999999,2.6530171406250003,1.155350003125,-0.009932436125000001,0.339220175,-0.1465992375,0.40564502999999996,4742.401367187311,5764.263916015632,4725.997802734542,5763.696044921848,"1,1,25",0
710,53348000,57.95800000000051,-0.0024464424333333337,-0.06370339066666666,0.000272907735,0.26053462166666663,1215.7938144329896,1305.0,1214.0,1306.0,0.0,0.0,0.0,0.0,0.0,0.0,0.0,0.0,0.045806230499999996,0.01145185125,0.16931052,-2.4971523,0.0610523125,-9.49001825,15.985041862745097,24.895857,101133.15007843138,0.9557576285714285,0.058421439285714284,-0.11897966571428571,0.26258844571428575,48.135860699999995,0.9040521484999999,-15.023665099999999,2.63908309,1.18044256,-0.010484593950000001,0.33597643714285713,-0.14752916857142856,0.40570636,4748.040039062679,5756.203124999802,4718.020996093482,5772.557128906419,"1,1,25",0
711,53398000,58.00800000000051,-0.0031026854571428574,-0.06396772408163266,0.000212787323877551,0.26038462489795916,1215.278350515464,1305.0,1214.0,1306.0,0.0,0.0,0.0,0.0,0.0,0.0,0.0,0.0,0.0380830848,0.016191743,0.164689958,-2.48302652,0.0529120248,-9.4733786,16.010610094339622,24.895857,101132.85230188679,0.9546248097777777,0.05893879768888889,-0.11858506444444444,0.26674337644444446,48.2638817,0.9644630035,-15.024058100000001,2.62479179,1.20558436,-0.01105675245,0.3339767257142857,-0.1501476,0.40771676714285715,4739.340747070177,5754.927343750102,4723.437768554772,5767.272216796768,"1,1,25",0
712,53448000,58.058000000000504,-0.002228390973076923,-0.06396850740384616,-0.00026353945173076924,0.2604727478846154,1215.2323232323233,1305.0,1214.4646464646464,1305.7676767676767,0.0,0.0,0.0,0.0,0.0,0.0,0.0,0.0,0.043380062222222224,0.010652736555555556,0.16523433,-2.481323977777778,0.011705150977777778,-9.421317666666665,16.031749519230768,24.895857,101132.60198076924,0.9534734086538461,0.059329053,-0.118232245,0.2708966692307692,48.39115618181818,1.0262041226262626,-15.023703676767678,2.610880495959596,1.229132011111111,-0.009182989464646464,0.3321559061904762,-0.1532058838095238,0.40637351047619047,4744.1107468380105,5753.74083891366,4715.681710379275,5771.7342354910825,"1,1,25",0
713,53498000,58.1080000000005,-0.0016170249480851066,-0.06318005978723404,-0.0002694060028297872,0.26078413191489364,1215.7373737373737,1305.0,1215.4747474747476,1305.2626262626263,0.0,0.0,0.0,0.0,0.0,0.0,0.0,0.0,0.04105089571428572,0.006087257857142858,0.16694211285714286,-2.5062162,0.028217544285714283,-9.460518285714285,16.04294705882353,24.895857980392158,101132.45125490197,0.9522938378723403,0.05973595770212766,-0.11801203723404255,0.2750228853191489,48.51811072727273,1.088515354949495,-15.023028929292929,2.5971320616161617,1.2519964555555556,-0.006260974414141415,0.3322393060869565,-0.15473535260869564,0.4072595191304348,4744.306255139757,5758.067845394838,4731.918662623648,5765.016781455343,"1,1,25",0
714,53548000,58.15800000000051,-0.0012555381476923077,-0.06331011769230768,0.00014023850684615385,0.26097238923076926,1216.0,1304.7623762376238,1216.0,1305.2376237623762,0.0,0.0,0.0,0.0,0.0,0.0,0.0,0.0,0.040480074,0.005060103,0.16751285,-2.510321,0.0478842,-9.589975,16.05766276923077,24.895859,101132.28230769231,0.9510958938461538,0.06014351253846154,-0.11778574076923078,0.2791433723076923,48.64466885148515,1.152084808910891,-15.021895089108911,2.5841946386138614,1.2757129673267327,-0.005504027594059406,0.33003077,-0.15763083,0.40775266,4750.302246093873,5756.466796874952,4736.092773437154,5765.427246094035,"1,1,25",0
715,53598000,58.20800000000051,-0.002224464952244898,-0.06351831918367347,-4.4779903061224486e-05,0.2610464946938776,1216.0,1304.2673267326732,1216.0,1305.7326732673268,0.0,0.0,0.0,0.0,0.0,0.0,0.0,0.0,0.0454735575,0.018375594,0.1649162675,-2.51331375,0.07362187875000001,-9.519646875,16.04338709433962,24.895859,101132.47169811321,0.9498866962264151,0.060651543301886796,-0.11738964264150943,0.2832867962264151,48.77107281188119,1.2161435712871287,-15.020582712871287,2.571572608910891,1.2997608386138613,-0.005589051752475247,0.328415352,-0.15879902,0.40792015849999996,4750.622045898304,5759.689062500079,4735.249194336196,5772.888110351434,"1,1,25",0
716,53648000,58.25800000000051,-0.002103049891730769,-0.06339625288461538,-0.0003832714259615384,0.26107243115384615,1216.0,1304.71875,1216.2395833333333,1305.0416666666667,0.0,0.0,0.0,0.0,0.0,0.0,0.0,0.0,0.055593430625,0.020406623375000002,0.16198677250000001,-2.5164556875,0.011222988937500001,-9.49450725,15.998071923076923,24.895859,101132.99596153846,0.9486762772727273,0.061215343181818184,-0.11685909375,0.2874138340909091,48.89680655,1.2820981,-15.01955585,2.558412545,1.3236107,-0.0068199044,0.3267911855,-0.15904131500000002,0.41023413000000003,4756.328393554847,5757.0258544922335,4725.692089843429,5781.678466796995,"1,1,25",0
717,53698000,58.308000000000504,-0.0006193985136363636,-0.0631726216590909,0.0003124885386363636,0.26108008000000005,1216.0,1306.28125,1216.7604166666667,1302.9583333333333,0.0,0.0,0.0,0.0,0.0,0.0,0.0,0.0,0.043675901600000004,0.0142743678,0.170229258,-2.4983496400000003,0.0399833412,-9.4903766,16.014343545454544,24.895859,101132.80054545455,0.9474611474576271,0.06166370406779661,-0.1163704279661017,0.29149127372881356,49.02225305,1.3488651,-15.01865135,2.5450218949999996,1.3473757,-0.008541826399999999,0.3262461142857143,-0.1611137257142857,0.4085582914285714,4753.541333007632,5749.689355469295,4729.627832031838,5780.143188475781,"1,1,25",0
718,53748000,58.358000000000516,0.0004937126178571429,-0.06280390923214285,0.0006046945553571429,0.26121530089285716,1216.2596153846155,1306.7403846153845,1216.7403846153845,1303.0384615384614,0.0,0.0,0.0,0.0,0.0,0.0,0.0,0.0,0.025299918499999997,0.011784504999999999,0.16651416,-2.45136325,-0.02962808275,-9.524734500000001,16.03257937735849,24.895858547169812,101132.58132075472,0.9462244902439024,0.06186780258536585,-0.1160775943902439,0.2955589080487805,49.1469838,1.417351335,-15.0177829,2.5317423,1.37053142,-0.0079168472,0.32301338,-0.16429261,0.410265424,4747.064453125173,5772.343261718602,4753.256835937163,5751.503417969037,"1,1,25",0
719,53798000,58.40800000000051,-0.001355408671875,-0.063257209375,0.00017329189825,0.26151733125000004,1216.7403846153845,1306.2596153846155,1216.2596153846155,1304.9615384615386,0.0,0.0,0.0,0.0,0.0,0.0,0.0,0.0,0.069441945,0.02802982925,0.168378335,-2.4995470749999997,0.04578927525,-9.47655125,16.06082323076923,24.895857,101132.22557692308,0.9449692692307693,0.062472849096153846,-0.11548379019230769,0.29964713,49.2714078,1.486574385,-15.016929900000001,2.5185103,1.39342602,-0.006286053200000001,0.32228109699999996,-0.16310736850000002,0.4111865755,4762.19506835935,5759.450439453258,4727.4721191407225,5780.521728515671,"1,1,25",0
720,53848000,58.45800000000051,-0.0015784546125,-0.06307701865384616,7.26310255e-05,0.2618906961538462,1217.0,1306.0,1216.2323232323233,1306.0,0.0,0.0,0.0,0.0,0.0,0.0,0.0,0.0,0.059588150124999996,0.012117435875,0.16964340875,-2.4976015625,0.04459217925,-9.495405625,16.05820403846154,24.895856730769232,101132.28169230769,0.943664075,0.06340920145833334,-0.11477282625,0.303809520625,49.39470417475728,1.557487023300971,-15.01619827184466,2.5038871757281553,1.4171668126213592,-0.00534311968446602,0.3191869282608696,-0.16727124739130433,0.41266476260869567,4762.569824218937,5761.949218750076,4747.663574218579,5777.410156250117,"1,1,25",0
721,53898000,58.50800000000051,-0.001702026019787234,-0.062755112,4.940518274468085e-05,0.2620611621276596,1217.0,1306.0,1216.7373737373737,1306.0,0.0,0.0,0.0,0.0,0.0,0.0,0.0,0.0,0.055460247000000004,0.018908536,0.161520745,-2.5088245,0.070928405,-9.62708525,16.06046125,24.89585480769231,101132.23284615386,0.9423399705882353,0.06415262364705883,-0.1142205294117647,0.30794269999999996,49.517517281553395,1.6291237708737865,-15.015518660194175,2.488667855339806,1.4412702592233009,-0.004694983519417476,0.320657748,-0.16949638449999999,0.413245546,4772.86523437492,5764.501721833946,4736.827919407942,5784.307103207244,"1,1,25",0
722,53948000,58.55800000000052,-0.001447882531509434,-0.06247093064150943,-0.00020011584028301887,0.2620249826415095,1217.24,1306.0,1217.0,1305.76,0.0,0.0,0.0,0.0,0.0,0.0,0.0,0.0,0.043609353499999996,0.00213061875,0.171041515,-2.423231775,0.062847961,-9.4992965,16.00881625,24.895852826923075,101132.8401923077,0.9410106811320755,0.06475111958490566,-0.11373848490566038,0.3120333396226415,49.63899415841584,1.7023218554455446,-15.015130158415841,2.4734803851485148,1.465827800990099,-0.005713606975247525,0.317598941,-0.17018517,0.414085481,4772.2471435548605,5761.855371093527,4754.89589843763,5768.9047851561345,"1,1,25",0
723,53998000,58.608000000000516,-0.001718264044680851,-0.0624392025106383,-5.7121276595744285e-06,0.26187950510638297,1217.74,1306.0,1217.0,1305.26,0.0,0.0,0.0,0.0,0.0,0.0,0.0,0.0,0.051108413636363634,0.024476860909090906,0.16712551454545455,-2.4679866818181817,-0.013929739545454546,-9.457098636363636,16.066149423076922,24.895849903846152,101132.1925,0.9396724866666667,0.06524323666666666,-0.11329867166666667,0.31609834666666664,49.759719405940594,1.776398192079208,-15.014905405940594,2.4583108306930694,1.4906407712871288,-0.007669782717821782,0.31373269173913043,-0.17099771826086957,0.41455182695652176,4776.427978515591,5757.731933593782,4737.430664062375,5784.783203125,"1,1,25",0
724,54048000,58.65800000000051,-0.0008954449,-0.06298498290566037,-3.286887169811324e-05,0.2618339452830189,1218.0,1306.0,1217.2376237623762,1304.5247524752476,0.0,0.0,0.0,0.0,0.0,0.0,0.0,0.0,0.017310759749999998,0.02769673475,0.1667138875,-2.449867175,0.10265157375,-9.490318,16.05712057692308,24.89584509615385,101132.3175,0.9383689466666667,0.06545542377777777,-0.112701467,0.3201162608888889,49.87855898958333,1.851559765625,-15.014944645833333,2.44130909375,1.5146430260416668,-0.009427626296875,0.3130244523809524,-0.17273046428571429,0.41475686666666667,4756.224682616966,5774.496069336009,4748.023632812589,5777.411523437578,"1,1,25",0
725,54098000,58.70800000000051,-0.0003100654125000003,-0.0625023359375,-4.1238530000000024e-05,0.26174445875,1218.0,1306.0,1217.7326732673268,1303.5346534653465,0.0,0.0,0.0,0.0,0.0,0.0,0.0,0.0,0.035153726125,0.005393053175,0.1708085125,-2.458546325,0.03411754,-9.535956375,16.07463653846154,24.89584217307692,101132.075,0.9370227019230769,0.06546405826923077,-0.112359815,0.324150345,49.99624284375,1.9273864843750002,-15.015145687499999,2.42318440625,1.538148390625,-0.011063911453125,0.311540295,-0.174589271,0.4150236665,4767.21032714862,5751.928466796813,4744.824121093622,5789.63693847653,"1,1,25",0
726,54148000,58.75800000000052,0.0009080913592156863,-0.06168245433333333,0.000602302338627451,0.26137924137254903,1217.77,1305.31,1217.08,1304.15,0.0,0.0,0.0,0.0,0.0,0.0,0.0,0.0,0.0145142325,-0.0041280116625,0.16761268875000002,-2.4904186125,0.061201945599999995,-9.6185558125,16.029040865384616,24.895836576923077,101132.61134615385,0.9356192521568627,0.06560806372549019,-0.11226643117647059,0.3281829529411765,50.11307395959596,2.0043157373737377,-15.015770949494948,2.406386919191919,1.5607899191919192,-0.013702908565656566,0.30653828,-0.17681577,0.41801046750000004,4755.010302734245,5760.248461914059,4766.0401611329835,5748.128369140203,"1,1,25",0
727,54198000,58.80800000000052,-0.0015175206269387753,-0.06270688610204081,0.00011877751979591842,0.2610141124489796,1217.27,1303.81,1215.08,1306.65,0.0,0.0,0.0,0.0,0.0,0.0,0.0,0.0,0.049534805,0.0190418745,0.15832489,-2.4989482,0.014365377250000002,-9.5175515,16.01578970588235,24.895830705882354,101132.81117647058,0.9342109048979592,0.06583001857142858,-0.11202019408163265,0.33221024734693877,50.22953961616162,2.0817175050505052,-15.01657802020202,2.390158232323232,1.5830612323232325,-0.016771639373737372,0.30832457782608697,-0.17778410130434782,0.4164960273913043,4759.55468750008,5755.265380859259,4736.139160155908,5765.974121094056,"1,1,25",0
728,54248000,58.858000000000516,-0.0024707784288461538,-0.0631131848076923,6.736902999999997e-05,0.26094540096153845,1217.0,1302.5353535353536,1214.2323232323233,1308.0,0.0,0.0,0.0,0.0,0.0,0.0,0.0,0.0,0.04813661725,0.0163114135,0.17044237499999998,-2.4750064500000004,0.027533489,-9.594464,15.999094056603774,24.895825018867924,101133.01264150944,0.9327868972727273,0.06642450727272727,-0.11137562427272726,0.33628365418181816,50.34491571428571,2.1604262742857143,-15.017502742857143,2.3730582914285714,1.6048146742857143,-0.0184064128,0.30502511,-0.1795689775,0.4182616725,4749.221411132699,5753.248510742127,4744.692919922177,5766.4456787107765,"1,1,25",0
729,54298000,58.90800000000051,-0.0024397281957446813,-0.06255745391489362,-0.00021261106425531914,0.2607570370212766,1217.0,1301.5252525252524,1214.7373737373737,1308.0,0.0,0.0,0.0,0.0,0.0,0.0,0.0,0.0,0.059588128,0.009587304625000001,0.16957683750000002,-2.4552538,0.075716805,-9.53969825,16.04119874509804,24.895819980392158,101132.47117647059,0.9313124295454546,0.06707769409090909,-0.11085381113636363,0.34039073636363637,50.45986809523809,2.239643321904762,-15.01847321904762,2.3556195295238096,1.626366721904762,-0.019483536133333333,0.30413264,-0.1831507175,0.41634674,4760.299316406302,5741.96289062479,4735.720703124848,5771.458251953339,"1,1,25",0
730,54348000,58.958000000000524,-0.0020974349811320753,-0.06230653762264151,-0.0007189904584905661,0.2606662150943396,1217.0,1301.4752475247524,1214.7623762376238,1307.5247524752476,0.0,0.0,0.0,0.0,0.0,0.0,0.0,0.0,0.0470048365,0.012450325750000001,0.170841775,-2.4247282500000003,0.05925665975,-9.4567985,16.077049018867925,24.895814471698113,101132.05075471698,0.9297913244897958,0.0676808324489796,-0.11044556102040816,0.3445356142857143,50.57370816666666,2.319770403125,-15.019316041666666,2.3379573166666665,1.6467496718749999,-0.019261140177083334,0.3026197875,-0.1838163225,0.4179322875,4745.970361327895,5744.053027343957,4747.922387695652,5759.472607421446,"1,1,25",0
731,54398000,59.00800000000052,-0.0010160282437499998,-0.062394733,-0.00010284867625000001,0.260710681875,1217.0,1302.4653465346535,1214.2673267326732,1306.5346534653465,0.0,0.0,0.0,0.0,0.0,0.0,0.0,0.0,0.045207068749999996,0.014747353625000001,0.1565939,-2.4533087,0.01586175355,-9.46024075,16.05504323076923,24.895808730769232,101132.31576923077,0.9282949646153846,0.06807951769230769,-0.11008738548076923,0.3485823567307692,50.686866499999994,2.400455246875,-15.020080625,2.32015815,1.666416078125,-0.01824226465625,0.301177685,-0.1836960825,0.4188005575,4754.217944336076,5750.572290038964,4737.0050781247755,5758.49191894556,"1,1,25",0
732,54448000,59.05800000000052,-0.0026099560431372547,-0.06253303990196078,0.0002464239835294118,0.26069808333333333,1217.0,1303.0,1214.23,1306.0,0.0,0.0,0.0,0.0,0.0,0.0,0.0,0.0,0.04464146425,0.006957431,0.16401740750000002,-2.4779988499999996,0.006284946375000003,-9.542989125,16.010634098039215,24.89580356862745,101132.8305882353,0.9268075945098039,0.06858705823529411,-0.10966062960784313,0.35255310588235295,50.798829,2.482424455,-15.0205487,2.30225501,1.68760491,-0.01694712435,0.29984845250000003,-0.1865091,0.4188609125,4751.860839843888,5741.474121093748,4740.841796874947,5754.969726562517,"1,1,25",0
733,54498000,59.108000000000516,-0.0026004268775510204,-0.06229642765306123,5.830903673469351e-06,0.26069409,1217.0,1303.0,1214.73,1306.0,0.0,0.0,0.0,0.0,0.0,0.0,0.0,0.0,0.049734591875,0.013582222125000001,0.16318520625,-2.4203884375,0.0688334675,-9.443928249999999,16.032048283018867,24.895798150943396,101132.57018867925,0.925300506122449,0.06908665040816327,-0.10926869595918368,0.3565141885714286,50.910279,2.564944105,-15.0208897,2.28430731,1.70944621,-0.01553358485,0.2983596185,-0.1872205465,0.422052622,4762.760595703128,5739.798095702915,4731.859179687477,5764.9383300784375,"1,1,25",0
734,54548000,59.15800000000053,-0.0011395516038461536,-0.06262503807692307,-0.00020881469134615384,0.2608453067307692,1217.2323232323233,1303.2323232323233,1215.0,1305.7676767676767,0.0,0.0,0.0,0.0,0.0,0.0,0.0,0.0,0.027164472,0.009054698,0.16085494,-2.5031383,-0.033518665,-9.441534,16.023707156862745,24.89579356862745,101132.66431372549,0.9238061506249999,0.0693367,-0.10887533522916666,0.36043992458333335,51.0206958,2.648429405,-15.0215744,2.2664923299999997,1.72892018,-0.01495841925,0.296323012,-0.18939328,0.420988486,4750.904785156012,5750.05517578158,4744.360351562696,5753.663574218586,"1,1,25",0
735,54598000,59.208000000000524,-8.65647063829785e-05,-0.06250341531914894,0.00014299189297872338,0.2608993914893617,1217.7373737373737,1303.7373737373737,1215.0,1305.2626262626263,0.0,0.0,0.0,0.0,0.0,0.0,0.0,0.0,0.0283629435,0.005193537749999999,0.1633849075,-2.40198335,0.008080598649999998,-9.570222750000001,15.994460384615385,24.89578969230769,101133.03576923077,0.9223075448076923,0.06939965319230769,-0.10859847173076924,0.36432710115384614,51.1306698,2.732328555,-15.0224064,2.2487342299999997,1.74737958,-0.01474255675,0.2940461991304348,-0.19038579782608694,0.42085532086956523,4747.771240234578,5755.314697265305,4752.335937499884,5756.453613281379,"1,1,25",0
736,54648000,59.25800000000052,-0.0012424760753846154,-0.061767470000000005,0.0004320069746153846,0.2608614676923077,1218.24,1304.0,1214.76,1305.0,0.0,0.0,0.0,0.0,0.0,0.0,0.0,0.0,0.056791903500000004,-0.00113190015,0.1648496825,-2.49146645,-0.002094762325,-9.420885250000001,16.00421153846154,24.89578476923077,101132.91307692308,0.9207544548936171,0.06983471570212767,-0.10834463,0.36822805170212763,51.23954675728155,2.8174674699029127,-15.02255032038835,2.230127698058252,1.7660162349514563,-0.013279640087378641,0.2913104343478261,-0.1929324791304348,0.42217674173913045,4760.569824218788,5738.433105468942,4744.016601562608,5761.153808593468,"1,1,25",0
737,54698000,59.30800000000052,-0.0015805258745833334,-0.06172484783333333,0.0006425578920833334,0.26098247583333334,1218.74,1304.0,1214.26,1305.0,0.0,0.0,0.0,0.0,0.0,0.0,0.0,0.0,0.04780375125,0.0069574656875,0.1624528375,-2.4911671125,0.0368110195,-9.391406625,16.054593,24.8957805,101132.312,0.9191799707692307,0.07052028884615386,-0.10801416053846154,0.3721067526923077,51.34795355339806,2.9031377126213593,-15.022399349514563,2.2111575524271845,1.7847288563106798,-0.011282271640776699,0.28891396750000004,-0.19571961499999999,0.4213863315,4763.138954564112,5747.102744654542,4743.760433799209,5760.471936678028,"1,1,25",0
738,54748000,59.35800000000053,-0.0003242185169811322,-0.061899439,0.0004763460292075472,0.2610042126415094,1218.76,1304.0,1214.24,1305.0,0.0,0.0,0.0,0.0,0.0,0.0,0.0,0.0,0.04860266125,0.0127829285,0.16298549750000002,-2.4214360999999998,0.03561392125,-9.592969,16.083427433962264,24.895777188679247,101131.97784905661,0.9176247767346939,0.07099851510204082,-0.10762337828571429,0.3759483710204082,51.45507333333333,2.9898512,-15.021831666666666,2.1924851999999997,1.8035716333333334,-0.010549891333333334,0.28994462,-0.1957032125,0.42180139250000004,4763.01691894504,5751.708349609611,4742.698364258109,5759.2541015621755,"1,1,25",0
739,54798000,59.40800000000053,0.0007031710574468084,-0.061735749510638295,0.00032604390429787235,0.26100300276595745,1218.26,1304.0,1214.74,1305.0,0.0,0.0,0.0,0.0,0.0,0.0,0.0,0.0,0.03854297909090909,0.011742454181818181,0.16206549090909092,-2.4805019545454545,-0.005767683272727274,-9.494098681818182,16.06218694117647,24.89577294117647,101132.21352941176,0.9160569117647059,0.071360934,-0.10722502117647059,0.3797968894117647,51.56146916666667,3.0771515125,-15.021029583333332,2.17398035625,1.8224876229166667,-0.010529066854166666,0.28859354260869563,-0.19631300869565216,0.4237829604347826,4753.1152343751155,5757.91528320322,4757.644287109037,5744.476318359691,"1,1,25",0
740,54848000,59.458000000000524,-0.0017083223830188679,-0.06172992503773585,3.56126396226415e-05,0.26120709000000003,1218.0,1303.7623762376238,1215.0,1305.2376237623762,0.0,0.0,0.0,0.0,0.0,0.0,0.0,0.0,0.07493463625,0.014614306625,0.1601558825,-2.40078625,0.030526244499999997,-9.526979625000001,16.044626075471697,24.895768113207545,101132.40981132076,0.9144426591836735,0.07204433195918367,-0.10668758612244898,0.38368933959183676,51.66690029357798,3.1659324880733943,-15.020498504587156,2.1556196311926605,1.841598323853211,-0.011009794495412844,0.28452858571428574,-0.19713626142857144,0.42224306857142857,4773.6461181642135,5744.666894531113,4730.559863281033,5766.689306640753,"1,1,25",0
741,54898000,59.50800000000052,-0.0018883814624999998,-0.061595195312499997,-0.000505336937375,0.261244481875,1218.0,1303.2673267326732,1215.0,1305.7326732673268,0.0,0.0,0.0,0.0,0.0,0.0,0.0,0.0,0.0565920685,0.011052132249999999,0.16365131,-2.4271222,0.0179566818,-9.6157145,16.042944961538463,24.895763692307693,101132.42538461539,0.9127851038461539,0.07295952384615385,-0.10607123144230769,0.38761372884615386,51.771956256880735,3.25528927706422,-15.02007281651376,2.1373149522935777,1.8607847458715596,-0.01168557018348624,0.28273801,-0.19852102,0.4232755,4767.341517857188,5743.822335379619,4749.573521205151,5764.474190848089,"1,1,25",0
742,54948000,59.55800000000053,-0.0003700839553191491,-0.06156594185106383,-9.120494374468085e-05,0.26134024085106383,1218.23,1303.23,1215.46,1305.77,0.0,0.0,0.0,0.0,0.0,0.0,0.0,0.0,0.04081299925,0.0135818525,0.16225310999999998,-2.41874225,0.01945305599999999,-9.519346500000001,16.04023592307692,24.89575955769231,101132.485,0.9111422005882354,0.07350366098039215,-0.10557650078431373,0.3914927209803922,51.87614881521739,3.3457955641304347,-15.019969445652173,2.118788318478261,1.8800815402173914,-0.011003860336956522,0.2821438773913043,-0.20058618217391302,0.4259257452173913,4767.217529296814,5745.431494140699,4741.84904785168,5768.4124267577945,"1,1,25",0
743,54998000,59.60800000000053,0.0002739607490566038,-0.06131111311320755,8.930443886792454e-05,0.26160848150943394,1218.73,1303.73,1216.46,1305.27,0.0,0.0,0.0,0.0,0.0,0.0,0.0,0.0,0.02925669614285714,0.010234464285714286,0.16211041714285715,-2.4107901857142857,0.002907408857142857,-9.461886714285713,16.052152941176473,24.895754980392155,101132.35505882354,0.909520302,0.073767978,-0.105179088,0.39530403,51.97960588043478,3.4372810532608695,-15.020140641304348,2.100072611956522,1.8994723554347825,-0.009165773923913045,0.27979068949999997,-0.202354493,0.425962077,4765.9136439733265,5764.252534412052,4763.318196614475,5741.678896949644,"1,1,25",0
744,55048000,59.65800000000053,-0.0007571937425,-0.06179678655769231,0.00012063015096153845,0.26179727230769234,1218.7766990291261,1304.0,1217.2233009708739,1305.2233009708739,0.0,0.0,0.0,0.0,0.0,0.0,0.0,0.0,0.06617951799999999,0.020905892500000002,0.16298548000000002,-2.3690626999999997,0.0233436355,-9.4948065,16.033907924528304,24.895750641509434,101132.56671698113,0.9078605115384616,0.07426186634615384,-0.10461543173076923,0.3991551167307692,52.08124675,3.5298883,-15.019796849999999,2.08013205,1.91837575,-0.007936748945,0.27804792,-0.20053735,0.42636076,4778.713378906068,5751.646972656317,4743.625000000174,5778.866210937496,"1,1,25",0
745,55098000,59.708000000000524,-0.0002030177470588235,-0.061831867,-0.00012463071352941178,0.26193996411764703,1218.2912621359224,1304.0,1217.7087378640776,1305.7087378640776,0.0,0.0,0.0,0.0,0.0,0.0,0.0,0.0,0.03908199725,0.010719096249999999,0.15452991,-2.42233405,0.0164603065,-9.58877825,16.016065882352944,24.89574494117647,101132.77529411766,0.9061693000000001,0.07485310509090909,-0.10396732090909092,0.40303859127272723,52.182109249999996,3.6229763,-15.01923235,2.05966655,1.93707025,-0.006968750295,0.2757721285,-0.2037707355,0.42646067299999996,4774.485891241833,5766.224557976945,4758.064478824062,5758.178274054088,"1,1,25",0
746,55148000,59.758000000000536,-0.002186872469387755,-0.06178852046938776,-0.00031362529,0.26181147204081634,1217.7938144329896,1304.2061855670104,1217.7938144329896,1306.0,0.0,0.0,0.0,0.0,0.0,0.0,0.0,0.0,0.048469782,0.011717994,0.15712643,-2.4229326,0.039504495,-9.655815,16.00697796226415,24.895739245283018,101132.87056603773,0.9044816511111111,0.0753016751111111,-0.10351744822222222,0.4068456853333333,52.28165925,3.717790255,-15.018544299999999,2.0389797450000002,1.95555314,-0.008086120455,0.274663206,-0.20476514999999998,0.42749699599999996,4779.268322172734,5752.628115699264,4747.626790364332,5766.24039713548,"1,1,25",0
747,55198000,59.80800000000053,-0.00242636882375,-0.0622089548125,-0.00039498294375,0.26168609375,1217.278350515464,1304.721649484536,1217.278350515464,1306.0,0.0,0.0,0.0,0.0,0.0,0.0,0.0,0.0,0.03275688325,0.00892144575,0.15968982,-2.4181437624999997,0.001197268750000001,-9.4169948125,16.04465996153846,24.895734519230768,101132.45596153846,0.9027627980769231,0.07569037884615384,-0.10308140961538462,0.4106822980769231,52.38064675,3.813343905,-15.0178033,2.0181980950000002,1.97394534,-0.010097220104999999,0.2713880575,-0.2074202375,0.428856665,4766.137377929508,5757.6601074220835,4763.065600586004,5759.109619140589,"1,1,25",0
748,55248000,59.85800000000053,-0.0016359811588461538,-0.06218318355769231,-0.00015664188076923078,0.26165666653846154,1217.4646464646464,1305.0,1217.0,1305.3030303030303,0.0,0.0,0.0,0.0,0.0,0.0,0.0,0.0,0.0396480685,0.015313113,0.16854476125,-2.4129065375,0.020650158249999995,-9.518150499999999,16.060355490909092,24.89572950909091,101132.2456,0.9010380865384615,0.07595320653846153,-0.10265904403846154,0.4145093144230769,52.47887195,3.9102650750000003,-15.0176643,1.99730224,1.99203143,-0.011607568,0.2687625,-0.2074705925,0.42963976000000004,4765.053833007835,5755.969091796699,4754.873925781202,5769.4999267580515,"1,1,25",0
749,55298000,59.90800000000053,-0.0019839407872340427,-0.0615184845106383,0.000374198544680851,0.2615956670212766,1218.4747474747476,1305.0,1217.0,1303.7878787878788,0.0,0.0,0.0,0.0,0.0,0.0,0.0,0.0,0.03937664428571429,0.005782784728571429,0.160893,-2.399332342857143,0.08020592571428571,-9.519005,16.039013672727275,24.895721327272728,101132.5056,0.8992727755319149,0.0763949585106383,-0.10225916851063829,0.41834434425531913,52.576770450000005,4.007772325,-15.0177833,1.9763574400000001,2.0099863300000003,-0.012903308,0.26651874999999997,-0.209419645,0.42997394,4768.255859374984,5753.345214843848,4767.168212890635,5756.169677734194,"1,1,25",0
750,55348000,59.95800000000054,-0.0017294522452830188,-0.06139740260377358,0.000594594038490566,0.26172923000000003,1218.7623762376238,1304.7623762376238,1217.0,1303.2376237623762,0.0,0.0,0.0,0.0,0.0,0.0,0.0,0.0,0.051199538749999995,0.006990935025,0.1614540725,-2.4618378499999998,-0.016160696299999996,-9.55466225,16.01264754716981,24.89571466037736,101132.80943396226,0.8975115846938776,0.07690263367346939,-0.10193640897959184,0.42209464408163266,52.673207,4.106206725,-15.0184693,1.9558420200000002,2.02743842,-0.0142752199,0.2660731225,-0.2101742325,0.4288215125,4777.225537109529,5753.244677734187,4756.248095703048,5761.122094726774,"1,1,25",0
751,55398000,60.008000000000536,-0.00211796970125,-0.0616264465625,8.857869000000001e-05,0.261588735,1218.2673267326732,1304.2673267326732,1217.0,1303.7326732673268,0.0,0.0,0.0,0.0,0.0,0.0,0.0,0.0,0.039814168999999996,0.010785666999999999,0.16192025,-2.40497565,0.034716091500000004,-9.537303000000001,16.050619807692307,24.895707076923077,101132.35538461538,0.8957366240384615,0.077419305,-0.10150926692307692,0.42585621596153844,52.769017,4.205038475,-15.019398299999999,1.93551062,2.04467502,-0.0156797769,0.26385493047619046,-0.21280951761904762,0.430556139047619,4768.944433593775,5756.409082031394,4762.967822265519,5752.410937499825,"1,1,25",0
752,55448000,60.05800000000053,-0.0018067686819607841,-0.06167104311764706,0.00041044612901960784,0.2614163305882353,1217.7676767676767,1304.0,1217.0,1304.0,0.0,0.0,0.0,0.0,0.0,0.0,0.0,0.0,0.052197749249999995,0.020905866999999998,0.1621865875,-2.47500595,-0.029328802749999997,-9.52383675,16.00646875,24.89570021153846,101132.87538461538,0.8939462117647059,0.07789599047058823,-0.1010322262745098,0.42962822705882353,52.863027864077665,4.304953626213592,-15.021383165048544,1.9142171563106798,2.0611588155339806,-0.01673973972815534,0.26066137,-0.21181610799999998,0.4322712225,4773.001464843852,5748.497875976444,4745.265039062176,5763.676147461316,"1,1,25",0
753,55498000,60.10800000000053,-0.0020607189641666667,-0.06160579595833333,0.00033589653975000004,0.2612242779166667,1217.2626262626263,1304.0,1217.0,1304.0,0.0,0.0,0.0,0.0,0.0,0.0,0.0,0.0,0.03897093966666667,0.014469675333333334,0.16174268,-2.4085669333333333,0.037509326,-9.546879666666666,16.03292248076923,24.895691903846153,101132.55057692307,0.89213199,0.0783616975,-0.10051666000000001,0.43341962500000003,52.956267669902914,4.405333092233009,-15.023820543689322,1.8925113796116506,2.077319980582524,-0.017652019339805827,0.2586060457142857,-0.21387468428571427,0.43312137142857143,4761.876079358414,5754.410875822306,4751.825452302736,5756.3316714636885,"1,1,25",0
754,55548000,60.15800000000054,-0.0015314546218867925,-0.06112515067924528,7.101007037735848e-05,0.2608446896226415,1216.76,1304.0,1217.0,1303.52,0.0,0.0,0.0,0.0,0.0,0.0,0.0,0.0,0.039281433,0.004394302262499999,0.16018920749999999,-2.367566325,0.102651571,-9.424776,16.050036117647057,24.895684647058822,101132.35352941176,0.8903164604081633,0.07863507285714286,-0.1001703130612245,0.4371671081632653,53.04808833333333,4.506722,-15.027109666666668,1.8703026,2.0943823,-0.017659445333333332,0.2600814391304348,-0.21289148695652174,0.43143409652173914,4766.087402343891,5743.250976562288,4751.105957031115,5751.452148437645,"1,1,25",0
755,55598000,60.20800000000054,-0.0010823921468085108,-0.06128831276595745,0.0001949750735319149,0.2605872187234043,1216.26,1304.0,1217.0,1302.52,0.0,0.0,0.0,0.0,0.0,0.0,0.0,0.0,0.028229556727272724,0.008764093763636363,0.16153283454545456,-2.392351718181818,-0.003808791363636363,-9.443384727272727,16.110572346153845,24.895677884615385,101131.65038461538,0.88849893625,0.0788422275,-0.0999034725,0.44087155,53.13911072916667,4.60867871875,-15.030877895833333,1.84781088125,2.1119515187499998,-0.017157891166666668,0.255675767826087,-0.21670657999999998,0.4349316695652174,4759.802001952751,5740.033447265675,4750.6577148439765,5740.256103515375,"1,1,25",0
756,55648000,60.258000000000536,-0.00039757209245283,-0.06193015849056604,-6.350775660377358e-05,0.26037171320754715,1215.76,1303.52,1217.0,1301.76,0.0,0.0,0.0,0.0,0.0,0.0,0.0,0.0,0.032890198875,0.020173483875,0.157659105,-2.4181442,0.041300147499999995,-9.45335675,16.09698137735849,24.895670566037737,101131.80075471698,0.88668108625,0.07895286562500001,-0.099533583125,0.44458138750000004,53.22891446153846,4.712000642307692,-15.03436525,1.8258978884615384,2.128115292307692,-0.016621793153846154,0.253530955,-0.2173071525,0.433315725,4750.988793945378,5749.046313476479,4740.595458984149,5744.520556640842,"1,1,25",0
757,55698000,60.30800000000053,-0.0007759780063829786,-0.061534099063829784,-0.0003162674049148936,0.2599802778723404,1215.26,1302.52,1217.0,1301.26,0.0,0.0,0.0,0.0,0.0,0.0,0.0,0.0,0.041445358249999995,0.011717945987499999,0.16771259875,-2.420089175,0.021996898874999997,-9.543289375,16.037884176470588,24.89566411764706,101132.50117647059,0.8848130489361702,0.07918570489361702,-0.09906737425531915,0.44834985063829785,53.31824426923077,4.815853478846154,-15.037743375,1.8042099557692308,2.1437325038461537,-0.01607226142307692,0.2511205252173913,-0.2189044995652174,0.4346961043478261,4746.624871504376,5733.000154193962,4742.467336554609,5750.3235248762485,"1,1,25",0
758,55748000,60.358000000000544,-6.839628461538451e-05,-0.060459345692307695,-8.2265009e-05,0.25944037384615387,1215.0,1302.24,1216.52,1301.0,0.0,0.0,0.0,0.0,0.0,0.0,0.0,0.0,0.036019006000000006,0.0055264188250000006,0.16185367,-2.3693618499999998,-0.013467221250000001,-9.40951175,16.033465,24.895658,101132.56857142858,0.882901775,0.07950809874999999,-0.09883946,0.45209504,53.40631244,4.9213790920000005,-15.03997566,1.78294886,2.15974798,-0.01419888936,0.24884090550000001,-0.2198236965,0.4347561285,4742.4916992188455,5728.551489257797,4745.373632812267,5728.11059570323,"1,1,25",0
759,55798000,60.40800000000054,-0.00040153003750000005,-0.06097841420833334,0.00011853450666666666,0.25938192250000003,1215.0,1302.74,1215.52,1301.0,0.0,0.0,0.0,0.0,0.0,0.0,0.0,0.0,0.050333867750000004,0.0179761775,0.157992015,-2.393304075,-0.028430989,-9.45679775,16.04755,24.8956525,101132.395,0.8810144561538461,0.07985540842307692,-0.09843404115384614,0.45578814346153845,53.49367094,5.027845642,-15.04156341,1.7619278600000001,2.17598748,-0.011580857109999999,0.24861766100000002,-0.2229096875,0.43464699900000003,4747.862998560602,5726.801989103847,4729.8826583058235,5743.643117804202,"1,1,25",0
760,55848000,60.45800000000054,1.4249139622641606e-05,-0.06194539962264151,0.00011684957245283018,0.2593858671698113,1215.2376237623762,1303.0,1215.2376237623762,1301.2376237623762,0.0,0.0,0.0,0.0,0.0,0.0,0.0,0.0,0.0388823125,0.0159790775,0.16132093,-2.36188,-0.0281317075,-9.453206250000001,16.019911509433964,24.895648641509435,101132.70150943396,0.8791493885714285,0.08011607889795919,-0.09781308897959183,0.45946307693877547,53.57919208247423,5.135882037113402,-15.042695164948453,1.739540044329897,2.191605774226804,-0.007716874860824742,0.24574461350000001,-0.223548983,0.437820323,4741.132812499999,5737.223608398454,4734.234252929732,5729.015307617236,"1,1,25",0
761,55898000,60.508000000000536,-0.00041515861375000004,-0.061827316875,-0.000160003578875,0.259698914375,1215.7326732673268,1303.0,1215.7326732673268,1301.7326732673268,0.0,0.0,0.0,0.0,0.0,0.0,0.0,0.0,0.048336223,0.021704505,0.162852375,-2.3810336999999997,0.0413001485,-9.475054,16.026332211538463,24.895645384615385,101132.63365384615,0.8772517601923077,0.08039626403846153,-0.09727403046153847,0.46314014653846153,53.66367971134021,5.244801470103093,-15.043570422680412,1.7163833948453608,2.2068746402061854,-0.0031520457371134016,0.24323583913043478,-0.22364858434782608,0.43809736173913044,4744.158272879367,5729.822033110023,4731.358654204157,5748.789388020887,"1,1,25",0
762,55948000,60.55800000000055,-0.0005217602026923077,-0.061429779980769234,7.679515684615385e-05,0.2598804403846154,1216.0,1302.7578947368422,1216.2421052631578,1302.4842105263158,0.0,0.0,0.0,0.0,0.0,0.0,0.0,0.0,0.030027036,0.0054595059500000005,0.1566605,-2.41634805,0.045489999749999996,-9.44004,16.067955192307693,24.895643,101132.15365384617,0.8753283170833334,0.08072631166666668,-0.09681690145833334,0.46680448291666665,53.746310747474745,5.354217204040404,-15.044539363636362,1.6929633848484849,2.221104587878788,-0.00031146946969696967,0.23990650600000002,-0.224777371,0.4387690715,4745.2047363281345,5738.568481445389,4742.59299316408,5731.170068359348,"1,1,25",0
763,55998000,60.608000000000544,-0.0010566964376744186,-0.06138913479069767,-0.0003895977176744186,0.2600106546511628,1216.0,1302.2315789473685,1216.7684210526315,1303.536842105263,0.0,0.0,0.0,0.0,0.0,0.0,0.0,0.0,0.04301013,0.011584638750000001,0.15965651,-2.4504653000000003,-0.0041896885,-9.415797999999999,16.055263214285716,24.895642392857145,101132.28660714286,0.8733914253846153,0.08103295711538462,-0.09650679846153846,0.47042850673076925,53.8281461010101,5.463845638383838,-15.045548454545454,1.669430506060606,2.2348892848484847,0.001790141287878788,0.23857730173913044,-0.22578844608695653,0.4380245756521739,4754.294759114624,5730.119047618933,4733.817243303678,5753.80703590045,"1,1,25",0
764,56048000,60.65800000000054,-0.00038664712245614033,-0.06102059575438597,-0.00027859535964912285,0.26009571491228073,1215.7307692307693,1302.8076923076924,1217.2692307692307,1303.1923076923076,0.0,0.0,0.0,0.0,0.0,0.0,0.0,0.0,0.022879250454545454,-0.005931626531110546,0.16441385181818183,-2.375701309090909,0.016650750636363638,-9.418790409090908,16.099465865384616,24.895641,101131.76076923078,0.8714142747916667,0.081313250625,-0.09635268041666667,0.47406536708333336,53.90833115384615,5.574823365384615,-15.046503576923078,1.6467302615384616,2.2495739923076923,0.004144475273076923,0.23793381125000002,-0.22623129666666666,0.4378417145833333,4749.784497070457,5724.726782226413,4759.317529297068,5740.405297851366,"1,1,25",0
765,56098000,60.70800000000054,0.0011223031829787234,-0.06110383257446809,0.0004824648914893617,0.2601787229787234,1215.25,1304.25,1217.75,1301.75,0.0,0.0,0.0,0.0,0.0,0.0,0.0,0.0,0.017643330500000002,0.00266314685,0.1575260175,-2.3696616500000003,-0.049080975,-9.426869625,16.10886117647059,24.895641,101131.6494117647,0.8694809174545455,0.08132618374545454,-0.09638352625454545,0.4775927730909091,53.98787442307692,5.686325817307692,-15.047437711538462,1.6243538192307692,2.2646087038461538,0.006597090513461539,0.236280542,-0.2283309365,0.439045598,4762.683105468784,5733.745656866777,4745.771844161084,5740.688682154666,"1,1,25",0
766,56148000,60.75800000000055,0.0016079914685714284,-0.06133043728571429,0.0005108483742857142,0.26022398857142853,1215.72,1304.28,1217.04,1301.96,0.0,0.0,0.0,0.0,0.0,0.0,0.0,0.0,0.012309521333333334,0.017547431555555555,0.15301341444444444,-2.357756977777778,-0.041100299111111106,-9.491946333333333,16.06916471698113,24.895641301886794,101132.12981132076,0.8675858415384615,0.08124135338461538,-0.09622617969230769,0.4810734046153846,54.06597243298969,5.7982691907216495,-15.048540020618557,1.6018008484536082,2.2788716082474227,0.007559371084536083,0.23326987904761906,-0.22788588809523808,0.44001832571428573,4745.327729724676,5756.377464657937,4757.156715029739,5721.841401599582,"1,1,25",0
767,56198000,60.80800000000055,-0.002016967696363636,-0.061783431181818185,0.000301370185,0.2602474718181818,1217.22,1302.78,1215.04,1303.96,0.0,0.0,0.0,0.0,0.0,0.0,0.0,0.0,0.056176066875,0.020623109687500002,0.16558202375,-2.39203208125,0.0492309454375,-9.422231875,16.07969269230769,24.895643,101132.02153846154,0.8656522954545455,0.08140240136363637,-0.09571910409090909,0.4846179163636364,54.143257484536086,5.910460582474227,-15.04973692783505,1.5791485804123713,2.2927003711340204,0.0076833384041237116,0.23104368,-0.2325882875,0.4393617,4752.595985814259,5732.654348272648,4737.129908511373,5751.786492599075,"1,1,25",0
768,56248000,60.858000000000544,-0.0022445702928301885,-0.06158375779245283,0.0002507034990566038,0.2601083633962264,1217.7623762376238,1301.7623762376238,1214.2376237623762,1304.7623762376238,0.0,0.0,0.0,0.0,0.0,0.0,0.0,0.0,0.04791280381818182,0.013146064363636363,0.16424440363636364,-2.3449027454545455,-0.0027205205454545432,-9.525985454545454,16.03174957692308,24.895643115384615,101132.56480769231,0.8636261113207547,0.08195714283018868,-0.0950627558490566,0.48825364981132074,54.218922,6.02379774,-15.050377225,1.556328885,2.306900545,0.00822956804,0.22830884,-0.23163984799999998,0.441914576,4747.6181640626355,5732.568847656372,4746.809570312461,5742.790039062203,"1,1,25",0
769,56298000,60.90800000000054,-0.001284739848125,-0.061073113,3.396159062500002e-05,0.259976078125,1217.2673267326732,1301.2673267326732,1214.7326732673268,1304.2673267326732,0.0,0.0,0.0,0.0,0.0,0.0,0.0,0.0,0.03515383,0.00352855075,0.1594567875,-2.364573875,0.0347160876,-9.49211375,16.08023542307692,24.895645038461538,101131.99211538462,0.8616146854166667,0.082328126875,-0.09463919416666666,0.491815090625,54.293892,6.13762594,-15.050778975,1.533437435,2.3212598950000003,0.00895676724,0.22598955850000002,-0.2337053735,0.441551668,4757.395385742272,5730.861645507748,4741.663793945216,5739.924243164168,"1,1,25",0
770,56348000,60.95800000000055,-0.0006580894941176469,-0.060845707039215685,-0.00039140461372549017,0.25988318588235293,1217.0,1301.46,1215.0,1304.23,0.0,0.0,0.0,0.0,0.0,0.0,0.0,0.0,0.0239684825,0.012783112999999999,0.15546206,-2.343026075,-0.04788387025,-9.562144625,16.07120657692308,24.89564696153846,101132.09788461539,0.8595867418181818,0.08253501509090909,-0.09435684381818181,0.4953694741818182,54.36797545,6.252761565,-15.050269325,1.51182954,2.3338446050000003,0.01104980525,0.2236889145,-0.2323235115,0.4419454915,4746.450195312418,5736.060546875063,4749.5546875001155,5727.070800781152,"1,1,25",0
771,56398000,61.00800000000055,-7.693210204081638e-05,-0.061175795979591836,-0.0001705765297142857,0.2600610559183673,1217.0,1302.46,1215.0,1304.73,0.0,0.0,0.0,0.0,0.0,0.0,0.0,0.0,0.03404405483333334,0.02427925225,0.15892412833333333,-2.420038991666667,-0.01835537958333333,-9.406220166666667,16.066917,24.895649625,101132.14374999999,0.8575800844444444,0.0826110748888889,-0.09399365022222222,0.49889290666666664,54.441678950000004,6.368457514999999,-15.049369075,1.49077174,2.345668755,0.013728202750000001,0.2234651728,-0.23470497680000002,0.4413003632,4749.030078125289,5742.110986328211,4744.928247070047,5735.918188476766,"1,1,25",0
772,56448000,61.05800000000055,-0.0015354915963636364,-0.061504241654545454,5.229331443636364e-05,0.26068340636363635,1217.23,1302.77,1215.23,1305.0,0.0,0.0,0.0,0.0,0.0,0.0,0.0,0.0,0.047937065,0.0066578486,0.15819171,-2.3762453,0.062249407,-9.5253315,16.054683615384615,24.895654134615384,101132.29884615385,0.8555449549019608,0.0829701437254902,-0.0934016068627451,0.502424928235294,54.51433,6.48501247,-15.0487105,1.467964535,2.3577528500000002,0.01526484985,0.21857372,-0.2339925,0.44338718,4759.796805245503,5741.7872488839275,4750.363816034696,5745.452171688802,"1,1,25",0
773,56498000,61.108000000000544,-0.00148906152,-0.060977061,5.488660600000002e-05,0.260931714,1217.73,1302.27,1215.73,1305.0,0.0,0.0,0.0,0.0,0.0,0.0,0.0,0.0,0.040813057,0.0008656166,0.1545299,-2.3843256999999998,0.05147550575,-9.5402955,16.04113973076923,24.895657365384615,101132.46403846153,0.8534718448979592,0.08345857587755103,-0.0930162969387755,0.5059297073469388,54.58653,6.60193557,-15.0481555,1.444407585,2.36994835,0.01631217535,0.21862021142857144,-0.23575,0.44509367285714285,4773.162597656392,5739.67333984349,4748.1122314452305,5752.504980468887,"1,1,25",0
774,56548000,61.158000000000555,0.00010603396862745142,-0.06077974074509804,-0.00022817215607843139,0.26090334980392155,1218.23,1302.23,1215.77,1304.77,0.0,0.0,0.0,0.0,0.0,0.0,0.0,0.0,0.010985817125,0.0025962361500000003,0.1583915,-2.35439845,0.036212474,-9.600152000000001,16.048931647058826,24.895659529411766,101132.38529411764,0.8514040556862745,0.08365703268627452,-0.09288157588235293,0.5093935225490196,54.657253,6.719720125,-15.047689049999999,1.4213302749999999,2.3821608249999997,0.01629977435,0.2157463225,-0.237994895,0.44423524000000003,4763.732910155945,5741.376464844045,4761.984863281641,5745.611816405826,"1,1,25",0
775,56598000,61.20800000000055,0.0008957091551020408,-0.06077757591836735,0.00019594549714285715,0.26092984897959187,1218.73,1302.73,1215.27,1304.27,0.0,0.0,0.0,0.0,0.0,0.0,0.0,0.0,0.016278619999999997,0.007723285937499999,0.1583915125,-2.39659625,0.07077876125,-9.563937124999999,16.038779660377358,24.89566286792453,101132.50056603774,0.8493463853061224,0.08354185948979592,-0.09281320730612246,0.5128485683673469,54.727343000000005,6.837873875,-15.047260549999999,1.398458525,2.394380575,0.01583320485,0.215329469,-0.23763985499999998,0.445203144,4756.421826172084,5753.155322265459,4769.312719726305,5735.151147461137,"1,1,25",0
776,56648000,61.25800000000055,-0.001334220216470588,-0.06101033129411765,0.00038921904960784317,0.2609964017647059,1218.7676767676767,1303.0,1215.6969696969697,1304.0,0.0,0.0,0.0,0.0,0.0,0.0,0.0,0.0,0.058056894375,0.016744848750000003,0.15745939,-2.389263725,0.043095800625,-9.56094575,16.02714448076923,24.895666692307692,101132.63403846153,0.8472559435294117,0.08376862049019608,-0.0924197597254902,0.5163279896078432,54.7956158,6.956837455,-15.04649325,1.375488285,2.406305205,0.0158780221,0.21153008,-0.2396983415,0.44501888300000003,4771.058203125096,5739.6274169921335,4744.5218505857,5758.715014648656,"1,1,25",0
777,56698000,61.30800000000055,-0.0006678267766666667,-0.06062193645833334,-0.00016370170083333333,0.26110643166666664,1218.2626262626263,1303.0,1217.2121212121212,1304.0,0.0,0.0,0.0,0.0,0.0,0.0,0.0,0.0,0.025632865,0.010186396625,0.1565939275,-2.415450625,0.01586175325,-9.532515,16.044931634615384,24.89567053846154,101132.4478846154,0.8451237625,0.084126068125,-0.09192566375,0.51984121875,54.863109800000004,7.076148105,-15.04558075,1.3524758350000001,2.418103355,0.016142005100000002,0.209898437,-0.240131377,0.445159865,4764.202276932597,5741.633429276329,4762.983604029701,5751.324886924316,"1,1,25",0
778,56748000,61.35800000000056,0.0005390281509433962,-0.06037400937735849,8.420057301886796e-05,0.26115669867924524,1218.0,1303.24,1218.0,1304.0,0.0,0.0,0.0,0.0,0.0,0.0,0.0,0.0,0.027130992375000003,0.004261000625,0.15782558,-2.383727575,0.028431311874999997,-9.489866875,16.051342115384617,24.895673192307694,101132.35576923078,0.843017287755102,0.08423197571428571,-0.0917110318367347,0.5232708224489796,54.9289266,7.195763674999999,-15.04453875,1.329857345,2.4292114799999998,0.016889779100000002,0.2064277385,-0.241860221,0.4462592575,4768.65996093756,5739.829638671858,4758.205102538994,5748.960156249941,"1,1,25",0
779,56798000,61.408000000000555,0.0010165787446808512,-0.06062269825531915,0.0002802679363829787,0.26138579617021274,1218.0,1303.74,1218.0,1304.0,0.0,0.0,0.0,0.0,0.0,0.0,0.0,0.0,0.0317580535,0.014048421,0.1635181175,-2.3532012250000003,0.03292043925,-9.448118999999998,16.067354363636365,24.895675054545457,101132.15854545456,0.8408916061818181,0.08435647381818182,-0.09139428007272728,0.5267139218181819,54.9940246,7.315509925,-15.04344125,1.307407695,2.44002388,0.0178448921,0.20435462899999998,-0.242495068,0.44629889,4758.685264185896,5753.5026726973065,4772.657843338688,5746.783305921332,"1,1,25",0
780,56848000,61.45800000000055,8.120667924528297e-05,-0.06036502218867925,-0.00013358860056603773,0.2615814566037736,1218.0,1304.0,1217.7623762376238,1304.2376237623762,0.0,0.0,0.0,0.0,0.0,0.0,0.0,0.0,0.061119608750000005,0.010319784875,0.1592570425,-2.378938775,-0.0022444012500000034,-9.531616312499999,16.057471509433963,24.895677811320756,101132.29056603774,0.838693779245283,0.08470717018867924,-0.0909142438490566,0.5302337143396226,55.05814785,7.4364479249999995,-15.042834800000001,1.2855836,2.4503607,0.0168956215,0.20388462857142856,-0.24311370428571427,0.4468635476190476,4776.711572265832,5739.731909179479,4757.987939452959,5760.0219482422945,"1,1,25",0
781,56898000,61.50800000000055,0.00036234329937500005,-0.06055735775,-0.00020193986562499998,0.26156268125,1218.0,1304.0,1217.2673267326732,1304.7326732673268,0.0,0.0,0.0,0.0,0.0,0.0,0.0,0.0,0.03788353875,0.007257004475,0.15719311,-2.3858225,0.059256667,-9.45320825,16.029763173076923,24.89568,101132.62942307693,0.8364747568181818,0.08524887113636363,-0.09036414645454545,0.5337361002272727,55.12185335,7.557896675,-15.0424388,1.2640276000000001,2.4604937,0.0151301865,0.2011887705,-0.2426159255,0.448436856,4768.559545898294,5749.143164062664,4774.110327148343,5748.338793945475,"1,1,25",0
782,56948000,61.55800000000056,0.00012992001365384612,-0.060885348,0.00011404968269230769,0.26138063115384613,1218.23,1303.77,1217.23,1304.54,0.0,0.0,0.0,0.0,0.0,0.0,0.0,0.0,0.04610239566666667,0.016067783888888888,0.15955290555555554,-2.335410977777778,0.034450070666666666,-9.537037333333334,16.050168730769233,24.895680365384614,101132.37192307692,0.8342878291666667,0.0855377746875,-0.08980548375,0.5371949385416667,55.18425475,7.679749955,-15.0417264,1.242201225,2.47076817,0.01356736195,0.19742815125,-0.24481642333333334,0.44750760791666666,4768.2473725818845,5746.29610770073,4755.841355096595,5760.210263206984,"1,1,25",0
783,56998000,61.60800000000056,0.00022619955250000002,-0.05979755,0.00014369107125,0.26125921625,1218.73,1303.27,1217.73,1303.54,0.0,0.0,0.0,0.0,0.0,0.0,0.0,0.0,0.040746737000000005,-0.00133154515,0.161520665,-2.4283193,0.0490813,-9.471463,16.064886384615384,24.895681,101132.16173076924,0.8320803546153847,0.08595223278846154,-0.08930653576923077,0.5406241692307692,55.246097250000005,7.801776605000001,-15.040878399999999,1.220258975,2.4811032699999997,0.01209137045,0.19505829285714285,-0.24481352,0.44867556761904764,4770.145879836419,5746.013555617493,4771.5327613466425,5737.831984747068,"1,1,25",0
784,57048000,61.658000000000555,-0.0016681644176470588,-0.060446414882352945,0.00021169905411764703,0.2613186150980392,1218.7676767676767,1303.2323232323233,1218.0,1303.2323232323233,0.0,0.0,0.0,0.0,0.0,0.0,0.0,0.0,0.053529770750000004,0.01577912575,0.15725961,-2.35080695,0.018555226875,-9.44542725,16.055007764705884,24.895681588235295,101132.30176470589,0.8298435864705882,0.08641043431372548,-0.08883661137254902,0.544055837254902,55.30637424242424,7.924721963636364,-15.039748292929293,1.1977139666666665,2.4917373555555558,0.011435416636363637,0.193897953,-0.244412321,0.45033540250000004,4775.383300781284,5738.538085937579,4755.174316406233,5758.369628906296,"1,1,25",0
785,57098000,61.70800000000055,-0.0015122203249999999,-0.061152970625,0.00021745517916666663,0.2614128408333333,1218.2626262626263,1303.7373737373737,1218.0,1303.7373737373737,0.0,0.0,0.0,0.0,0.0,0.0,0.0,0.0,0.026483758555555556,0.017014501444444444,0.15899071444444446,-2.4019163888888886,0.026735418599999998,-9.53211611111111,16.051523423076922,24.895683,101132.34976923077,0.82761151625,0.08670299125,-0.08823343875,0.5474971,55.3659803030303,8.048061054545455,-15.038497282828283,1.1749106333333332,2.502499577777778,0.011130907545454545,0.19245104909090907,-0.2454337409090909,0.45142801909090907,4766.143708881616,5752.545898437514,4773.333598889901,5744.511538856804,"1,1,25",0
786,57148000,61.758000000000564,-0.0009194674207547169,-0.061018007056603776,0.00019596012867924528,0.26146766358490564,1218.2376237623762,1304.2376237623762,1218.0,1304.0,0.0,0.0,0.0,0.0,0.0,0.0,0.0,0.0,0.046605274,0.014913761,0.15073493,-2.391808,0.02753349,-9.447519,16.02939009433962,24.895683,101132.59856603773,0.8253905518367347,0.08686024163265306,-0.0877254193877551,0.5508957530612245,55.42428115384615,8.172558961538462,-15.037428384615385,1.1528919384615384,2.511981403846154,0.0111893705,0.18913731333333333,-0.24679060666666666,0.4501626616666667,4777.987792968686,5747.116699218657,4756.276855468661,5748.8574218752365,"1,1,25",0
787,57198000,61.80800000000056,-0.0011077741562499999,-0.060753331875,0.00036493320375,0.26164136312499997,1218.7326732673268,1304.7326732673268,1218.0,1304.0,0.0,0.0,0.0,0.0,0.0,0.0,0.0,0.0,0.0350207045,0.012450322,0.15912387,-2.37684425,-0.0257375045,-9.42926425,16.044299615384617,24.89568265384615,101132.42086538461,0.8231495563636364,0.08716205936363637,-0.08719044261818182,0.5542748327272727,55.482074423076924,8.29750751923077,-15.036430307692308,1.1311783807692306,2.520965298076923,0.01138898925,0.18830746956521738,-0.24708929173913044,0.4516690143478261,4770.019091796815,5753.8426757811985,4772.1843261721015,5746.164916992126,"1,1,25",0
788,57248000,61.85800000000056,-0.0006970306725490196,-0.06089719845098039,0.00034000656431372553,0.26178922117647063,1219.0,1304.7676767676767,1218.0,1303.5353535353536,0.0,0.0,0.0,0.0,0.0,0.0,0.0,0.0,0.045872937125,0.013149604875,0.15968981125,-2.3980927000000003,0.0064345848750000005,-9.564538125,16.031347647058826,24.895681,101132.60980392157,0.820878,0.08745179333333333,-0.08672856466666666,0.55766138,55.5380032,8.422873000000001,-15.03547388,1.10905798,2.529277708,0.009609067232,0.18545185333333333,-0.24882450666666667,0.4507916433333333,4776.846191406289,5750.9731445311745,4767.742675781026,5755.651855468906,"1,1,25",0
789,57298000,61.908000000000555,-0.0006775784266666667,-0.06061204975,0.0006195264883333334,0.26162969750000004,1219.0,1304.2626262626263,1218.0,1302.5252525252524,0.0,0.0,0.0,0.0,0.0,0.0,0.0,0.0,0.04255128944444444,0.005060007511111111,0.16079581444444446,-2.409631333333333,-0.019020434666666666,-9.597157222222222,16.04809184615385,24.895680884615384,101132.41192307693,0.8185926,0.08783103125,-0.08630680099999999,0.5610166,55.592883199999996,8.548473,-15.03454088,1.08670873,2.5372124080000003,0.006715653532,0.181423139,-0.24721037299999998,0.45272013499999997,4774.518451891395,5750.231419613629,4771.534796464005,5750.394788239801,"1,1,25",0
790,57348000,61.95800000000057,-0.0006858570292307692,-0.059962453,0.0004915947036923077,0.2614924830769231,1218.52,1303.76,1218.24,1302.24,0.0,0.0,0.0,0.0,0.0,0.0,0.0,0.0,0.0371512495,0.0014649021999999998,0.153930705,-2.3439234,-0.015562145150000001,-9.565435,16.050474226415094,24.895679698113206,101132.37075471699,0.81629785,0.08824995416666666,-0.08602486849999999,0.5643278666666667,55.64550960824742,8.673881,-15.034589659793815,1.0636551649484536,2.5451837206185566,0.0038521893835051545,0.18125339599999998,-0.248610848,0.454095074,4780.2304687500855,5747.236328124794,4768.817871093527,5744.22802734406,"1,1,25",0
791,57398000,62.008000000000564,-0.0006783727916666667,-0.060269000375,-0.00019431259441666664,0.26132209708333337,1217.52,1303.26,1218.74,1302.74,0.0,0.0,0.0,0.0,0.0,0.0,0.0,0.0,0.041254812545454544,0.007722916818181818,0.15247808363636364,-2.401928709090909,0.009250492636363636,-9.657231545454545,16.029311730769233,24.895675961538462,101132.61875,0.8140043428070176,0.08858567385964912,-0.08571935543859649,0.5676238491228071,55.69686837113402,8.799181,-15.035190690721649,1.0402054226804123,2.5531756278350515,0.0010055718577319586,0.17894350550000002,-0.2495873155,0.45337621699999997,4783.13330078099,5743.015380859567,4759.644775391033,5750.510009765097,"1,1,25",0
792,57448000,62.05800000000056,8.06915943396228e-05,-0.06053122754716981,-0.00045794083905660376,0.26119211283018867,1217.0,1303.2376237623762,1219.2376237623762,1302.7623762376238,0.0,0.0,0.0,0.0,0.0,0.0,0.0,0.0,0.019634711090909092,0.007868499454545454,0.15787704454545454,-2.347624018181818,-0.03830706109090909,-9.56842809090909,16.05639826923077,24.89567403846154,101132.30625000001,0.811720704375,0.088718801875,-0.0854752565625,0.570902090625,55.74620623148148,8.925292481481481,-15.036561972222222,1.0170179675925926,2.5606833944444443,0.00036353854351851855,0.17521480130434783,-0.24793958304347827,0.45354693304347826,4765.9033447266065,5741.714648437479,4770.886572265509,5742.5411865234755,"1,1,25",0
793,57498000,62.10800000000056,0.0003726035250000003,-0.06045490175,-0.00041570886812500004,0.261161440625,1217.0,1303.7326732673268,1219.7326732673268,1302.2673267326732,0.0,0.0,0.0,0.0,0.0,0.0,0.0,0.0,0.025433405,0.00905468,0.15832492,-2.35350025,-0.032321564,-9.470265999999999,16.0885171372549,24.895672078431375,101131.87725490196,0.8094256656250001,0.08868669104166667,-0.0852867659375,0.5741842854166667,55.79467799074074,9.051751740740741,-15.038263361111111,0.9939429212962962,2.5679836722222222,0.0006663270342592593,0.17563777130434782,-0.25036921739130436,0.4549520391304348,4764.0984700519,5743.16152808798,4764.954171317331,5748.931384858122,"1,1,25",0
794,57548000,62.15800000000057,0.0006513151442307694,-0.060091467615384614,0.00011477537769230767,0.2610314917307692,1217.0,1304.0,1219.54,1301.77,0.0,0.0,0.0,0.0,0.0,0.0,0.0,0.0,0.029461196375000002,0.0037617374625000003,0.156727045,-2.385822,0.0118215376875,-9.534758375000001,16.085553018867923,24.89566837735849,101131.95962264152,0.8071256156250001,0.08876821583333333,-0.08503741645833333,0.5774370979166666,55.84224619,9.178559700000001,-15.03944506,0.971177617,2.575000678,0.0006417141618,0.172516325,-0.2502189615,0.4571762895,4765.4640869141585,5743.224438476432,4770.098315429497,5733.771606445362,"1,1,25",0
795,57598000,62.20800000000057,-5.321123125000011e-05,-0.0603379643125,0.000417627979375,0.260768415,1217.0,1304.0,1218.54,1301.27,0.0,0.0,0.0,0.0,0.0,0.0,0.0,0.0,0.049365464727272726,0.010216818727272727,0.1625496218181818,-2.366015709090909,-0.05963722363636364,-9.509442454545454,16.097537941176473,24.895666235294115,101131.79000000001,0.8047894836538462,0.08910193680769231,-0.08460759528846154,0.5806994807692307,55.88904469,9.305664700000001,-15.04018406,0.948676167,2.581776378,0.0003382038318,0.1704437643478261,-0.25194231304347825,0.456104322173913,4769.396879650063,5732.450776599625,4756.206845238429,5746.832263764669,"1,1,25",0
796,57648000,62.258000000000564,0.0005541073115384613,-0.06030159313461538,0.00039715218865384613,0.260561555,1217.23,1303.77,1217.54,1301.23,0.0,0.0,0.0,0.0,0.0,0.0,0.0,0.0,0.030293427624999997,0.008755169362499999,0.15749269875,-2.374749325,0.008379875249999998,-9.570374125,16.095297264150943,24.895662679245284,101131.83573584906,0.8024278302083333,0.08944946845833333,-0.0841069309375,0.5839786154166667,55.934767375,9.433468156250001,-15.040443,0.9256837343750001,2.5890746281249997,-0.00021232799250000005,0.16902454349999999,-0.254119312,0.4563965275,4758.470312499974,5743.487500000008,4767.205859374941,5726.669213867115,"1,1,25",0
797,57698000,62.30800000000056,-0.00085408287,-0.060420658125,0.0006341823643750001,0.26045296375,1217.73,1303.27,1216.54,1301.73,0.0,0.0,0.0,0.0,0.0,0.0,0.0,0.0,0.0595216625,0.0050601184,0.16351812249999997,-2.3642743,0.048183478499999995,-9.64085175,16.061184346153848,24.895660423076922,101132.24423076924,0.8000665225,0.08985424201923077,-0.0835822275,0.5872216588461538,55.979573625,9.56186659375,-15.040293,0.9022730572916666,2.5968180135416667,-0.0009732855341666668,0.1646965605,-0.25209234849999995,0.457263445,4773.887597656261,5727.89726562495,4748.483349609215,5744.418701171959,"1,1,25",0
798,57748000,62.35800000000057,-0.0006714417330769231,-0.06035758094230769,0.00026285637769230766,0.2603464571153846,1217.5353535353536,1303.2323232323233,1216.6969696969697,1302.0,0.0,0.0,0.0,0.0,0.0,0.0,0.0,0.0,0.028529159875,0.00842227425,0.15186678125,-2.3394347875,0.010474798762500001,-9.465027625000001,16.10858525,24.8956585,101131.648,0.7976841027083333,0.09027570781250001,-0.083019656875,0.5904698758333333,56.02348189473684,9.690173000000001,-15.039917515789474,0.8791205894736842,2.6030274105263156,-7.873178947367162e-07,0.164141229,-0.25192382,0.4591506275,4765.526391601461,5736.380053710994,4755.719384765808,5724.950219726344,"1,1,25",0
799,57798000,62.40800000000057,0.0005540271476595745,-0.06055746840425532,-0.00014006940436170213,0.26061579361702125,1216.5252525252524,1303.7373737373737,1218.2121212121212,1302.0,0.0,0.0,0.0,0.0,0.0,0.0,0.0,0.0,0.0280963075,0.0146471605,0.158258385,-2.400187175,0.002394366525,-9.447818,16.07967925490196,24.895657274509805,101132.006,0.7953236929411766,0.09034881529411765,-0.08266202870588235,0.5936836235294118,56.06683978947368,9.818423000000001,-15.039403831578948,0.8561263789473684,2.6082966210526317,0.0020341515242105262,0.16068626,-0.2545135860869565,0.45983496347826086,4761.303955078227,5734.217041015952,4751.4978027341895,5746.586425781355,"1,1,25",0
800,57848000,62.45800000000057,0.0012443109824150944,-0.06035068552830188,5.897837273584906e-05,0.2608820932075472,1216.7128712871288,1303.5247524752476,1218.2871287128712,1302.7128712871288,0.0,0.0,0.0,0.0,0.0,0.0,0.0,0.0,0.027963605,0.0021306234,0.15472962,-2.3391356,0.025139289,-9.463084,16.04887841509434,24.895655641509435,101132.39981132075,0.7929215848979592,0.09043829673469388,-0.08236430685714285,0.596916,56.108292198019804,9.947101079207922,-15.03912598019802,0.8336376673267327,2.6143964673267326,0.0025214459247524753,0.158319734,-0.255450932,0.460239396,4760.869070870661,5749.5037667411425,4773.157854352845,5727.931454612878,"1,1,25",0
801,57898000,62.508000000000564,-0.001146881372625,-0.0604742265625,0.000183849223125,0.26086502812499995,1218.1980198019803,1302.5346534653465,1216.8019801980197,1304.1980198019803,0.0,0.0,0.0,0.0,0.0,0.0,0.0,0.0,0.052064890625,-0.000965452975,0.1571930725,-2.348412875,-0.015861421687500002,-9.56738025,16.072650461538462,24.89565373076923,101132.08653846153,0.79048670625,0.09077827150000001,-0.082035394375,0.600130205,56.149003584158415,10.075945633663366,-15.038939841584158,0.8113455386138614,2.6208193386138614,0.002406878598019802,0.1568744925,-0.25515635999999997,0.459712595,4779.097192382828,5735.798974609138,4757.927978515361,5738.254150390836,"1,1,25",0
802,57948000,62.558000000000575,-0.0016701144496153845,-0.06074966778846154,-1.9313919038461513e-05,0.2608138576923077,1218.7676767676767,1302.0,1216.2323232323233,1305.0,0.0,0.0,0.0,0.0,0.0,0.0,0.0,0.0,0.0423441425,0.016311790625,0.15745944874999998,-2.3769937375,0.02424146075,-9.516504625,16.04782126923077,24.895653,101132.38461538462,0.7880217130769231,0.09124958298076924,-0.08150425611538462,0.6033637857692308,56.18816462135922,10.205102883495146,-15.039312155339806,0.7885521097087379,2.6262852097087377,0.0021073502009708736,0.15499685714285713,-0.25428348285714286,0.46133374285714285,4767.843505859167,5738.4761230470385,4761.560644531447,5734.709106445014,"1,1,25",0
803,57998000,62.60800000000057,-0.0011170611331914892,-0.060610783531914895,-0.00030369443085106383,0.26083843234042553,1218.2626262626263,1302.0,1216.7373737373737,1305.0,0.0,0.0,0.0,0.0,0.0,0.0,0.0,0.0,0.045739643999999996,0.01298309875,0.160588685,-2.3714569,-0.017657073,-9.501690499999999,16.04340792156863,24.89565129411765,101132.47047058823,0.7855421658823529,0.09154909029411765,-0.08100913764705882,0.6066099117647059,56.226661223300965,10.334394145631068,-15.039923805825243,0.7655438378640778,2.6313409378640777,0.0017285527737864077,0.15104378347826086,-0.25560131826086957,0.4608714704347826,4768.523437500054,5734.191650390466,4757.739990234255,5744.0471191408105,"1,1,25",0
804,58048000,62.65800000000057,-0.0010300503646153843,-0.06038194292307693,5.943828384615376e-05,0.2608418076923077,1218.0,1302.0,1216.7623762376238,1305.0,0.0,0.0,0.0,0.0,0.0,0.0,0.0,0.0,0.03215780125,0.005925370774999999,0.1599894175,-2.323273325,-0.038007788,-9.59236875,16.048995076923077,24.89564946153846,101132.41892307693,0.7830476292307692,0.09181142076923077,-0.08062831307692307,0.6098376923076922,56.26421649484536,10.46415681443299,-15.041179876288659,0.7418025969072165,2.6360902536082476,0.001960771168041237,0.1488314435,-0.256405908,0.462525893,4763.022412109342,5737.1587890626115,4772.09946289086,5736.411230468512,"1,1,25",0
805,58098000,62.70800000000057,-0.0011163475546938776,-0.060378950653061224,0.0002596330687755102,0.26086343469387757,1218.0,1302.0,1216.2673267326732,1305.0,0.0,0.0,0.0,0.0,0.0,0.0,0.0,0.0,0.032845523333333335,0.012871995666666667,0.15286547,-2.3870193333333334,0.07581655400000001,-9.480640333333334,16.051979245283018,24.895649,101132.37339622642,0.78057498,0.0920191796,-0.0803114276,0.6130108,56.301242268041236,10.594184649484536,-15.04279843298969,0.7176490608247423,2.640667212371134,0.00253668596185567,0.14853278666666667,-0.25606096666666667,0.4605723566666666,4768.381860351697,5742.201098632781,4757.839233398109,5739.025903320549,"1,1,25",0
806,58148000,62.75800000000058,-0.001306636035576923,-0.060441102884615384,-0.0004489108928846154,0.2606596803846154,1218.0,1302.0,1216.23,1304.31,0.0,0.0,0.0,0.0,0.0,0.0,0.0,0.0,0.036189407888888886,0.004734358833333333,0.1604110722222222,-2.3771764666666666,0.015562477777777776,-9.598488333333334,16.07048326923077,24.895648115384613,101132.13028846154,0.7780808980769232,0.0922500548076923,-0.08001244126923077,0.6161765923076924,56.336728900000004,10.724472125,-15.0440953,0.6939836775,2.645813545,0.0010730050550000001,0.14504139,-0.25584674,0.46234146,4769.802432105582,5725.829775855554,4759.892275855987,5743.5288085934135,"1,1,25",0
807,58198000,62.808000000000575,-7.809376562499992e-05,-0.059709398625,-0.0002565780875000001,0.260260534375,1218.0,1302.0,1216.73,1302.81,0.0,0.0,0.0,0.0,0.0,0.0,0.0,0.0,0.014076663714285714,0.0058207409285714285,0.15857223857142858,-2.3293870857142855,0.034545079857142856,-9.497114285714286,16.06055153846154,24.895647,101132.24117307692,0.7755793788135593,0.09237784355932203,-0.07993570972881356,0.6193128254237289,56.371555900000004,10.854870875,-15.0452543,0.6705275024999999,2.651203895,-0.0012647882949999999,0.14175873249999998,-0.255634997,0.462755229,4763.062755766309,5724.466308593661,4761.412179129336,5733.4181315104925,"1,1,25",0
808,58248000,62.85800000000057,0.0006774016392156865,-0.0595993667254902,0.00012642866176470585,0.25987221725490195,1218.0,1302.0,1216.5353535353536,1302.2323232323233,0.0,0.0,0.0,0.0,0.0,0.0,0.0,0.0,0.014913780250000001,0.00532623135,0.162053385,-2.3702598000000004,0.0269349355,-9.54688075,16.04165823529412,24.895647,101132.48023529412,0.7731195,0.09229848636363637,-0.07995909381818181,0.6223916836363637,56.40491980808081,10.986025121212121,-15.046390737373738,0.6484085313131313,2.656269737373737,-0.0014816597080808082,0.1406157504347826,-0.2572270817391304,0.46133749826086956,4746.614746093588,5729.530273437518,4767.338378906418,5714.288085937294,"1,1,25",0
809,58298000,62.90800000000057,0.0001818470958333332,-0.06008423241666667,9.182962708333337e-05,0.25966596333333336,1218.0,1302.0,1215.5252525252524,1302.7373737373737,0.0,0.0,0.0,0.0,0.0,0.0,0.0,0.0,0.037870129999999995,0.0164585956,0.16021575400000002,-2.31806594,0.013168275,-9.4858276,16.044360943396228,24.895647,101132.4437735849,0.7706019937499999,0.09227828875,-0.079648569,0.6255475625,56.43765667676768,11.117503151515152,-15.047517505050505,0.6268626474747474,2.661196505050505,-0.0007895645767676768,0.138841133,-0.257755309,0.464591534,4745.335449218779,5731.293701171793,4756.474609374636,5718.471923828442,"1,1,25",0
810,58348000,62.95800000000058,-0.0009794794547169812,-0.060416851226415096,0.00016769661358490565,0.25973326792452833,1218.0,1302.0,1215.0,1303.0,0.0,0.0,0.0,0.0,0.0,0.0,0.0,0.0,0.06621290125,0.018642036,0.1566937675,-2.3680155875,-0.011821204825,-9.57800325,16.03003403846154,24.89564757692308,101132.59384615385,0.76805315,0.09265602408163266,-0.07880668848979591,0.6287245489795918,56.468901384615386,11.248976230769232,-15.048741307692309,0.6049834203846154,2.6648084153846154,0.00058286737,0.1377261575,-0.258358535,0.464417145,4756.2602050780715,5724.449365234427,4742.983862304816,5730.032788085811,"1,1,25",0
811,58398000,63.00800000000058,-0.00045831845000000003,-0.0601648585,-6.516606312499998e-05,0.25976590625,1218.0,1302.0,1215.0,1303.0,0.0,0.0,0.0,0.0,0.0,0.0,0.0,0.0,0.0575907885,0.010053578,0.1521997025,-2.3738515,-0.030525909250000004,-9.45679775,16.0158585,24.895649249999998,101132.78,0.7654616115384615,0.09323437298076924,-0.07795089192307691,0.6318979513461538,56.499565807692306,11.380447384615385,-15.050002846153847,0.5829745598076923,2.667908992307692,0.002219874745,0.13485071173913044,-0.2566496039130435,0.4658314626086956,4757.633837890684,5725.327294921904,4748.209301757724,5727.199243164235,"1,1,25",0
812,58448000,63.058000000000575,-0.0011786812023076923,-0.060215488634615386,0.00026601122865384615,0.25970743615384617,1217.7676767676767,1302.0,1215.2323232323233,1302.7676767676767,0.0,0.0,0.0,0.0,0.0,0.0,0.0,0.0,0.05346310325,0.011984288249999999,0.1506016975,-2.355595425,0.0523733325,-9.43076225,16.037437115384613,24.89565105769231,101132.5205,0.76287031125,0.09376949552083334,-0.07724077395833333,0.63503264125,56.52876087628866,11.512033659793815,-15.051389288659793,0.5606475629896907,2.670735319587629,0.003512822175257732,0.1318143375,-0.258294614,0.4662577575,4757.810913085738,5725.46650390616,4740.105468750093,5730.6778076171595,"1,1,25",0
813,58498000,63.10800000000057,-0.0006085907425531915,-0.05995154461702128,0.00023105725978723405,0.2596176374468085,1217.2626262626263,1302.0,1215.7373737373737,1302.2626262626263,0.0,0.0,0.0,0.0,0.0,0.0,0.0,0.0,0.033422706999999996,-0.001531620025,0.1587244075,-2.3403327000000003,-0.01765707575,-9.4801425,16.05141729411765,24.895655529411766,101132.34729411764,0.7602940694117647,0.09417398647058824,-0.07677879188235294,0.6381106464705882,56.55712943298969,11.64368469072165,-15.052845989690722,0.5381416145360824,2.673407381443299,0.004612235886597938,0.13021661499999998,-0.25766592800000004,0.4658615015,4753.951711554334,5718.797517475344,4747.822239925926,5728.397846422799,"1,1,25",0
814,58548000,63.158000000000584,0.0001120517709433962,-0.05999870028301887,0.00019519681505660377,0.25965716528301885,1216.76,1301.76,1216.24,1302.0,0.0,0.0,0.0,0.0,0.0,0.0,0.0,0.0,0.025270513666666668,-0.0016867862,0.1557949488888889,-2.315991311111111,0.01489742188888889,-9.516686333333332,16.05038471698113,24.895658603773587,101132.3637735849,0.7577325318367347,0.09441775081632653,-0.0765973472244898,0.6411364904081633,56.58383646464647,11.775848686868686,-15.053741181818182,0.5155637739393939,2.676656878787879,0.005531410858585858,0.12595105847619045,-0.2580677519047619,0.46782698285714286,4760.472656249716,5721.416992187592,4747.437988281614,5730.006347655835,"1,1,25",0
815,58598000,63.20800000000058,0.0005926277217021277,-0.059693342063829785,-0.0002547918701702128,0.25949407106382977,1216.26,1301.26,1216.74,1302.0,0.0,0.0,0.0,0.0,0.0,0.0,0.0,0.0,0.030941047272727274,0.002130743909090909,0.15422125090909092,-2.3499091818181816,0.007726907527272727,-9.467109681818181,16.063621346153848,24.89566257692308,101132.19173076923,0.75515455,0.09463217125,-0.07646579875,0.64415425625,56.60983141414141,11.908232525252524,-15.054395727272727,0.49295512242424244,2.6801538484848484,0.006373340656565657,0.12443221434782609,-0.25922856782608694,0.4661900895652174,4752.63159179697,5716.277587890559,4762.276123046711,5713.3056640626555,"1,1,25",0
816,58648000,63.25800000000058,0.0007066182015094338,-0.060079997943396225,-0.00013252590226415096,0.25943720566037737,1216.2376237623762,1301.2376237623762,1217.0,1301.7623762376238,0.0,0.0,0.0,0.0,0.0,0.0,0.0,0.0,0.042743586875,0.018875167625,0.15639417375,-2.3965964,0.0095769741875,-9.508572000000001,16.036805673076923,24.895668346153847,101132.50673076924,0.7525441931818182,0.09485617409090909,-0.07612992204545455,0.6472102136363637,56.63433852,12.04069028,-15.05503476,0.470003014,2.682256704,0.0074926741800000005,0.1225564059,-0.2583300945,0.46724518,4754.6070068359295,5716.522070312511,4737.832373046556,5734.815209961236,"1,1,25",0
817,58698000,63.308000000000575,0.0011828087056249999,-0.059998704874999996,0.00038627867125,0.259479869375,1216.7326732673268,1301.7326732673268,1217.0,1301.2673267326732,0.0,0.0,0.0,0.0,0.0,0.0,0.0,0.0,0.019479195142857144,0.014305047571428572,0.15431114714285715,-2.4314828285714287,0.05540883928571429,-9.460859428571428,16.01511181818182,24.895674127272727,101132.77527272727,0.7499435646153846,0.09498298096153845,-0.07569762471153847,0.6502528153846154,56.65826702,12.17317678,-15.05566776,0.446917339,2.683817404,0.00871988693,0.12031448339130435,-0.2598126873913043,0.46728958695652173,4743.568603515827,5730.932373046917,4760.818115234466,5711.665771484252,"1,1,25",0
818,58748000,63.35800000000059,-7.056149826923077e-05,-0.059676733057692305,0.00011929874173076922,0.2597300217307692,1217.0,1301.77,1217.0,1301.23,0.0,0.0,0.0,0.0,0.0,0.0,0.0,0.0,0.049953256,0.005478649971428572,0.15347419857142855,-2.358460042857143,0.03693927328571429,-9.37415442857143,16.036452727272728,24.89568049090909,101132.53890909092,0.7473282387500001,0.0952795909375,-0.07531720958333334,0.6532579833333334,56.6808536930693,12.305869752475248,-15.056202148514851,0.42452212029702974,2.6851620990099008,0.010847573648514852,0.11904674,-0.2560002104347826,0.4695706204347826,4761.635253906263,5726.606445312512,4744.802246093757,5723.205078125166,"1,1,25",0
819,58798000,63.408000000000584,-0.00043952090124999997,-0.059547136,-0.000180148986875,0.25990980874999997,1217.0,1301.27,1217.0,1301.73,0.0,0.0,0.0,0.0,0.0,0.0,0.0,0.0,0.061286060749999996,0.0090212894625,0.15689348625,-2.351704775,-0.018554901875,-9.429116125,16.05445962264151,24.895687943396226,101132.32905660378,0.7446438776923078,0.09591788134615385,-0.07468224959615384,0.6562950173076924,56.70291854455446,12.43864301980198,-15.056698188118812,0.4023954123762376,2.686422792079208,0.01332544468811881,0.1154932835,-0.25645,0.46833025250000004,4758.530566406233,5721.085229491903,4751.9212402346575,5728.115356445314,"1,1,25",0
820,58848000,63.45800000000058,-0.0012994598235294118,-0.059819415960784314,-4.5300420784313714e-05,0.2599017105882353,1216.7766990291261,1301.0,1217.2233009708739,1301.7766990291261,0.0,0.0,0.0,0.0,0.0,0.0,0.0,0.0,0.04520710075,-0.002197253675,0.15759257625,-2.3826797625,-0.012719030875,-9.476252125,16.033645576923078,24.89569726923077,101132.5398076923,0.7419250063461539,0.09652987875,-0.07414605023076923,0.6593386821153846,56.72367975,12.57145355,-15.05659605,0.37988447999999997,2.688009025,0.01380232755,0.1144934725,-0.25701975,0.469420975,4767.345703125002,5713.34326171886,4750.496093749885,5727.421875000102,"1,1,25",0
821,58898000,63.50800000000058,-0.0008436823788461536,-0.05997058369230769,-2.058068538461535e-05,0.2597959607692308,1216.2912621359224,1301.0,1217.7087378640776,1301.2912621359224,0.0,0.0,0.0,0.0,0.0,0.0,0.0,0.0,0.02876226175,0.0035952345375000003,0.15539543125,-2.3526024625,-0.01182120625,-9.548825125,16.050980961538464,24.89570451923077,101132.36134615385,0.7392639742553191,0.09690446340425532,-0.0738022444680851,0.6623052978723405,56.74388225,12.70428005,-15.056237549999999,0.35720888,2.6897347750000002,0.01342164405,0.112630762,-0.2580906845,0.471098918,4758.372866982003,5728.047851562573,4758.157509251715,5712.310084292603,"1,1,25",0
822,58948000,63.55800000000059,-0.00041113986020408183,-0.06009730273469388,4.9227626938775574e-05,0.2598951106122449,1216.4123711340205,1301.2061855670104,1218.0,1301.4123711340205,0.0,0.0,0.0,0.0,0.0,0.0,0.0,0.0,0.0489357525,0.012583467749999999,0.1561277775,-2.319981475,0.00359146710245,-9.39484925,16.10623825,24.8957135,101131.712,0.736607957755102,0.09710004979591837,-0.07342347775510204,0.665271075510204,56.76300185,12.8367415,-15.05470025,0.3348343955,2.6906303250000003,0.015810243850000003,0.1104356565,-0.2577615245,0.47149526399999997,4762.087231445537,5723.712548828127,4750.369921874736,5723.626733398651,"1,1,25",0
823,58998000,63.60800000000059,-0.001396409671875,-0.06036220225,0.0003838475509375,0.26037620562499997,1217.4432989690722,1301.721649484536,1218.0,1302.4432989690722,0.0,0.0,0.0,0.0,0.0,0.0,0.0,0.0,0.04028032425,0.016977498,0.15745941749999998,-2.3873185,0.02693493775,-9.40621975,16.04583480769231,24.895722403846154,101132.4225,0.7339209411538461,0.09739549123076924,-0.07284578507692308,0.6682539519230769,56.781657349999996,12.9690465,-15.05265775,0.3125889605,2.691170075,0.01938567935,0.1060340455,-0.25751412949999997,0.4715049405,4761.015991210997,5735.23916015619,4760.0165283205615,5728.403979492182,"1,1,25",0
824,59048000,63.658000000000584,-0.0012699567201923077,-0.059549912461538464,0.00017966441355769233,0.2606747625,1218.2233009708739,1302.4466019417475,1218.2233009708739,1302.7766990291261,0.0,0.0,0.0,0.0,0.0,0.0,0.0,0.0,0.05259741625,0.0083889466625,0.15792547875000001,-2.3428761375,0.0511762315,-9.5482271875,16.038587454545453,24.895732636363636,101132.49727272727,0.73118724375,0.09779495677083333,-0.07233695325,0.6712414029166667,56.79867981730769,13.10186223076923,-15.050308124999999,0.28997391701923075,2.692825221153846,0.021250764182692308,0.105437189,-0.25721909400000004,0.4716543045,4773.166015625188,5727.81884765605,4756.32568359379,5739.159667968758,"1,1,25",0
825,59098000,63.70800000000058,-0.0008196737176470587,-0.05925732941176471,0.0005214020588235294,0.26101170705882354,1218.7087378640776,1303.4174757281553,1218.7087378640776,1302.2912621359224,0.0,0.0,0.0,0.0,0.0,0.0,0.0,0.0,0.026098937250000002,-0.0031961380375,0.15486283,-2.3124999749999997,0.02663566275,-9.4867265,16.04427279245283,24.89574209433962,101132.43528301887,0.7284417223529412,0.0981788,-0.07200979,0.6741988735294118,56.815002413461535,13.234896846153847,-15.047826875,0.26720046990384616,2.694958394230769,0.022382841586538464,0.1042553886,-0.25481249899999997,0.473244495,4777.977539062392,5730.882568359564,4778.611572266055,5730.760498046676,"1,1,25",0
826,59148000,63.75800000000059,-6.940580833333324e-05,-0.059511145,0.00040465759583333335,0.2614272516666667,1219.0,1304.0,1219.2083333333333,1302.2083333333333,0.0,0.0,0.0,0.0,0.0,0.0,0.0,0.0,0.039614307,0.016778169000000002,0.15592814249999998,-2.3193828499999998,0.0008979917749999998,-9.511565,16.050588470588234,24.895751294117645,101132.36988235294,0.7257160092307693,0.09834161538461537,-0.07171461230769231,0.6771396153846153,56.829864010416664,13.368224197916668,-15.045107635416667,0.2446859045833333,2.697689998958333,0.022787126625,0.10051723173913044,-0.2561830704347826,0.4747208947826087,4777.911621093872,5741.49462890616,4775.2397460935,5736.951171875263,"1,1,25",0
827,59198000,63.80800000000059,-0.0006521026104166665,-0.059557276,2.0225348750000033e-05,0.261679175,1219.0,1304.0,1219.7291666666667,1302.7291666666667,0.0,0.0,0.0,0.0,0.0,0.0,0.0,0.0,0.04113116577777778,0.014824983222222221,0.1541969977777778,-2.2985665777777777,0.007315780555555554,-9.501656055555555,16.047549999999998,24.8957605,101132.41,0.7229948875,0.09845989625,-0.0712080525,0.68008082375,56.84383015625,13.501730968750001,-15.04224253125,0.22233000874999997,2.7007883843749996,0.022745345375,0.09892865333333332,-0.2557549533333333,0.47420837666666665,4782.393426192364,5737.441817434249,4770.676038240603,5749.245399876407,"1,1,25",0
828,59248000,63.85800000000059,-0.0002705414311320757,-0.059725052754716984,-0.00032599777698113206,0.2617396754716981,1219.0,1304.24,1220.24,1303.0,0.0,0.0,0.0,0.0,0.0,0.0,0.0,0.0,0.030166351454545454,0.004987471818181818,0.15707808090909092,-2.3302113636363635,0.012624140054545454,-9.607606454545454,16.020708226415092,24.895769528301887,101132.73124528302,0.7202550773584906,0.09857515981132076,-0.07080410981132075,0.6830066847169811,56.85541419191919,13.635631611111112,-15.03945092929293,0.19918877434343435,2.7030021878787878,0.021192337262626263,0.09684745695238095,-0.2570180795238095,0.4759539361904762,4782.29101562498,5734.325683593782,4787.2226562496935,5739.490722656505,"1,1,25",0
829,59298000,63.908000000000584,7.960723191489331e-05,-0.05995360795744681,-0.00020915069170212767,0.2618696734042553,1219.0,1304.74,1220.74,1303.0,0.0,0.0,0.0,0.0,0.0,0.0,0.0,0.0,0.033089742,0.024700747000000002,0.15120100749999998,-2.38282935,0.020051605,-9.526829,16.005295,24.89577788235294,101132.90000000001,0.7175368451063829,0.09859691489361702,-0.07043191655319149,0.6858977468085107,56.86597732323232,13.769701055555556,-15.036690828282829,0.17571096626262625,2.704836884848485,0.018991660494949495,0.0932242592,-0.257275455,0.47619608100000005,4779.07543945307,5742.857666016116,4774.548583984993,5751.625488280848,"1,1,25",0
830,59348000,63.958000000000595,0.0005783732471698112,-0.059436155433962266,-0.0003234848881132075,0.26218000320754714,1219.2376237623762,1304.7623762376238,1221.0,1302.7623762376238,0.0,0.0,0.0,0.0,0.0,0.0,0.0,0.0,0.022370609,0.012516879,0.15792544,-2.3271642,0.015562478,-9.588778,16.033642547169812,24.895785018867926,101132.55396226415,0.7148403395918367,0.09853442857142856,-0.07004646257142857,0.6887555571428572,56.87417389108911,13.903739212871288,-15.034803425742574,0.15260173485148515,2.705433221782178,0.016150262524752476,0.09039859714285714,-0.25711422857142857,0.47524669999999997,4779.336007254483,5756.577473958179,4790.706868489605,5742.729515439025,"1,1,25",0
831,59398000,64.00800000000059,-0.0001291883062500001,-0.0589983250625,-0.00030610558625,0.26216622625,1219.7326732673268,1304.2673267326732,1221.0,1302.2673267326732,0.0,0.0,0.0,0.0,0.0,0.0,0.0,0.0,0.048402933,0.0020638923,0.1509346875,-2.352303225,-0.055365754,-9.52892325,16.065066307692305,24.895791961538464,101132.19384615385,0.7120926615384615,0.09875396661538462,-0.06972908719230769,0.6915963078846155,56.88145012871287,14.037765202970297,-15.033255405940594,0.12963583881188118,2.7055479742574255,0.013059695198019802,0.08778818769999999,-0.256276405,0.47627772549999997,4791.5126953125855,5740.264843750168,4779.664868164321,5747.211743163793,"1,1,25",0
832,59448000,64.05800000000059,0.0002970997588235293,-0.05909769545098039,8.134391921568626e-05,0.2624194780392157,1220.0,1304.0,1221.0,1302.4791666666667,0.0,0.0,0.0,0.0,0.0,0.0,0.0,0.0,0.0391485535,0.0019975066,0.154063855,-2.3636757,-0.013167941749999999,-9.600152,16.01856669230769,24.895797153846154,101132.7475,0.7092941235294118,0.09920195015686274,-0.06933174450980392,0.6944421768627451,56.88735525,14.172053,-15.03194575,0.1069561525,2.70540614,0.0117769712,0.0869291100952381,-0.2562275214285714,0.4756228923809524,4790.0408296130845,5752.00116257452,4793.591517857096,5739.404901413701,"1,1,25",0
833,59498000,64.10800000000059,-8.35532982222223e-05,-0.05937330426666666,-0.00033668701155555557,0.26254884133333334,1220.0,1304.0,1221.0,1303.5208333333333,0.0,0.0,0.0,0.0,0.0,0.0,0.0,0.0,0.056891748,0.0045273491,0.15459653,-2.3030725125,-0.008229903875,-9.472809625,15.986515,24.89580075,101133.155,0.7064493432653062,0.0996383592244898,-0.06881676240816327,0.6973248551020408,56.892672749999996,14.306453000000001,-15.03073825,0.0843991275,2.70515434,0.0112690372,0.085071252,-0.25550656099999997,0.476859975,4795.850366210928,5743.66794433608,4784.696826171985,5755.43312988273,"1,1,25",0
834,59548000,64.1580000000006,-0.0003600870132142856,-0.059376903214285716,4.734201785714287e-05,0.26248994214285715,1220.0,1304.2596153846155,1221.0,1303.4807692307693,0.0,0.0,0.0,0.0,0.0,0.0,0.0,0.0,0.03994715,0.007457052,0.15872446,-2.3535008,0.008379874,-9.592369,16.012518076923076,24.895803423076924,101132.84509615385,0.7035980533333334,0.10007726387499999,-0.06821695675,0.7001980033333334,56.896392466019414,14.441194844660195,-15.029807844660194,0.06155521378640777,2.705356217475728,0.008763125155339807,0.08294988,-0.25379974,0.47630468,4796.134835379525,5748.89990234374,4795.8913225445995,5741.898065476081,"1,1,25",0
835,59598000,64.2080000000006,-0.00023832852500000018,-0.0591883365625,0.00053384261875,0.26228364125000003,1220.0,1304.7403846153845,1221.0,1302.5192307692307,0.0,0.0,0.0,0.0,0.0,0.0,0.0,0.0,0.052464369999999996,0.01491387925,0.1549293425,-2.334346575,-0.04548966625,-9.57321625,16.057768705882353,24.895805352941178,101132.29176470588,0.7007689990384616,0.10038857653846153,-0.0676617675,0.7030380623076923,56.89942741747573,14.576083194174759,-15.028996194174757,0.03858834776699029,2.70575252815534,0.005400936805825243,0.0802552285,-0.255402884,0.4786024375,4798.261625744143,5743.211263020455,4774.977678571468,5756.638834635506,"1,1,25",0
836,59648000,64.25800000000059,0.0007049982771153848,-0.058616921269230765,0.0004947181496153846,0.26213264673076925,1220.0,1304.54,1220.08,1302.23,0.0,0.0,0.0,0.0,0.0,0.0,0.0,0.0,0.0306264405,0.009853544249999999,0.155395465,-2.33853695,-0.02813170675,-9.5522665,16.050233714285714,24.895807,101132.36342857142,0.6979250572916667,0.10062297354166667,-0.06715847270833333,0.7058766929166667,56.90088384,14.71089516,-15.02911584,0.015198034079999999,2.706297568,0.0008353917199999997,0.07733208069565217,-0.2541463217391305,0.4803438139130435,4787.70498511893,5743.490373883903,4793.833775111696,5740.067568824222,"1,1,25",0
837,59698000,64.30800000000059,-0.0008359002856250001,-0.0591774614375,0.00034101437749999995,0.261623145625,1220.0,1303.54,1218.08,1302.73,0.0,0.0,0.0,0.0,0.0,0.0,0.0,0.0,0.03475417,0.0154461745,0.15752602500000001,-2.3217772500000002,0.0071827737,-9.6199025,15.983237358490566,24.895807,101133.1477735849,0.6950889794230769,0.10069635826923076,-0.06677783442307693,0.7086946199999999,56.90145234,14.84566416,-15.02975934,-0.008430468920000003,2.706926268,-0.004407041530000001,0.07618262749999999,-0.254532146,0.480595969,4786.003979492008,5737.934741210898,4778.627124023098,5747.005932617292,"1,1,25",0
838,59748000,64.3580000000006,-0.0009468648736153845,-0.05921993346153846,0.0003261202542307692,0.26120471538461537,1219.7766990291261,1302.7766990291261,1217.2233009708739,1303.4466019417475,0.0,0.0,0.0,0.0,0.0,0.0,0.0,0.0,0.029494644,0.01797652575,0.15885754000000002,-2.34601875,-0.008379537999999999,-9.6426475,16.01867132075472,24.895807,101132.74211320754,0.6922463035416667,0.10070739479166667,-0.0663534053125,0.7115101479166667,56.900358759999996,14.980766919999999,-15.03104956,-0.0320913316,2.707337368,-0.00610063894,0.0741862905,-0.2543549835,0.47986477899999996,4772.267089843863,5737.167480468643,4784.284667968749,5732.3710937498945,"1,1,25",0
839,59798000,64.4080000000006,-0.0008839749976470589,-0.05928441676470588,-0.00022638692941176475,0.26122834411764706,1219.2912621359224,1302.2912621359224,1217.7087378640776,1304.4174757281553,0.0,0.0,0.0,0.0,0.0,0.0,0.0,0.0,0.03861574275,0.01644516575,0.1486710125,-2.333149725,-0.00538678825,-9.583092,16.054773076923077,24.895807,101132.34388461539,0.6893826,0.10071201576470588,-0.06592310176470588,0.7143239929411764,56.898330259999994,15.116057419999999,-15.03270356,-0.055770396599999994,2.707626068,-0.00579801619,0.07109859091666666,-0.2550185804166667,0.480097045,4780.485351562579,5734.541015624919,4769.957031249711,5735.072021484535,"1,1,25",0
840,59848000,64.4580000000006,-0.001068015293877551,-0.06022223255102041,-0.0003191387510204082,0.26107330510204085,1219.2061855670104,1302.0,1217.7938144329896,1304.381443298969,0.0,0.0,0.0,0.0,0.0,0.0,0.0,0.0,0.03142536466666667,0.020328767222222224,0.15390113,-2.3284941444444445,0.025139289,-9.496868222222222,16.048452884615386,24.895807,101132.41038461539,0.6865296612244898,0.1007009958367347,-0.06536466448979592,0.7171193134693877,56.894876159999995,15.25149704,-15.0340542,-0.07948181039999999,2.706638544,-0.00572612576,0.06690221933333333,-0.25377705142857143,0.4805040657142857,4769.958984374956,5737.317382812568,4771.887695312408,5730.414062499959,"1,1,25",0
841,59898000,64.50800000000059,-0.00048791124625,-0.059641035125,0.00041123000125,0.260824025,1219.721649484536,1302.0,1217.278350515464,1302.8350515463917,0.0,0.0,0.0,0.0,0.0,0.0,0.0,0.0,0.04241091175,0.0127831555,0.1567270425,-2.304419075,0.0649428925,-9.48762275,16.075991730769232,24.89580526923077,101132.04269230769,0.68366125125,0.10076258125,-0.0648950525,0.7198875375,56.89062016,15.38702054,-15.035234200000001,-0.1032114204,2.704933144,-0.0057840222600000005,0.065470555,-0.25330440800000004,0.48228813,4775.105810546903,5729.21579589813,4762.504467773552,5736.197509765856,"1,1,25",0
842,59948000,64.5580000000006,-0.0004484511230769231,-0.05865727807692308,0.00031125334115384616,0.26076194346153847,1219.54,1302.23,1217.0,1302.23,0.0,0.0,0.0,0.0,0.0,0.0,0.0,0.0,0.023635580250000003,-0.0013649371000000001,0.15686021375,-2.3611322875,0.02828167825,-9.534761,16.033826326923077,24.895805,101132.5678076923,0.6807471245454545,0.1010057809090909,-0.06457779795454545,0.722639634090909,56.885448577319586,15.522321164948455,-15.036852237113402,-0.12581850226804123,2.7026928082474226,-0.005987383432989691,0.06367404391304349,-0.25302482173913043,0.48079625130434783,4772.761718749948,5726.027343749996,4776.907714843833,5722.862304687387,"1,1,25",0
843,59998000,64.6080000000006,0.00025753459937500006,-0.059056378625,6.634420375e-05,0.26058395500000003,1218.54,1302.73,1217.0,1302.73,0.0,0.0,0.0,0.0,0.0,0.0,0.0,0.0,0.0268311525,0.005859114,0.15552864249999998,-2.381333275,-0.020051278,-9.48522925,16.01296951923077,24.895805,101132.81615384616,0.6778188763461539,0.10114222211538461,-0.06444343911538461,0.725378973076923,56.87976197938144,15.657496422680412,-15.038716670103092,-0.14779416206185567,2.700151571134021,-0.006272568484536082,0.061850075899999996,-0.253216695,0.483415367,4769.018066406274,5724.731127929825,4773.411645507492,5727.521704101776,"1,1,25",0
844,60048000,64.6580000000006,0.00048627740826923083,-0.059621203346153846,-0.00016135370634615386,0.26035083057692304,1218.23,1302.31,1217.0,1302.77,0.0,0.0,0.0,0.0,0.0,0.0,0.0,0.0,0.035553196125,0.01158473,0.15376429375,-2.3581393,-0.009427002124999998,-9.565585875,16.031531764705882,24.895805,101132.6205882353,0.6749037125,0.10121049466666666,-0.064162194375,0.7281079052083334,56.87255725,15.7923749375,-15.040822562499999,-0.169404288125,2.6974882625000003,-0.006733824875,0.0589236724,-0.25190966649999996,0.483808282,4772.47070312463,5730.070800781267,4761.92089843777,5725.852050780938,"1,1,25",0
845,60098000,64.7080000000006,0.0004449148250000002,-0.058948212125,-0.00049314509875,0.260057809375,1218.73,1300.81,1217.0,1302.27,0.0,0.0,0.0,0.0,0.0,0.0,0.0,0.0,0.039148560874999995,0.0020640931,0.153464665,-2.2981346874999997,0.059406295625,-9.408613749999999,16.05162490566038,24.895805,101132.37075471699,0.6719670876923077,0.10140685173076923,-0.06382853492307693,0.7308204740384615,56.86470189285715,15.927126276785714,-15.0430319375,-0.190857756875,2.6947726375,-0.007270540410714285,0.0576925293,-0.252607919,0.48310616,4763.7689964659185,5725.577171688782,4767.748279389669,5719.147484189158,"1,1,25",0
846,60148000,64.7580000000006,-0.0005136492294117645,-0.058495790352941175,0.00018585253137254904,0.25993499176470586,1219.0,1300.23,1216.77,1301.77,0.0,0.0,0.0,0.0,0.0,0.0,0.0,0.0,0.05026722125,0.005792274125,0.150701625,-2.2997806625,0.03366863071706625,-9.447671,16.02108727272727,24.895805,101132.73527272727,0.6690212572549019,0.10178661266666666,-0.06343047382352941,0.7335003870588236,56.855861306818184,16.061626613636363,-15.044856454545455,-0.21254480761363637,2.692501853409091,-0.006296732634090909,0.057438319200000004,-0.2508979615,0.48384036,4773.102539062361,5720.121093750018,4758.583984375207,5715.408203124617,"1,1,25",0
847,60198000,64.8080000000006,-0.00016939137755102036,-0.05859133142857143,0.0005994241530612245,0.2598552248979592,1219.0,1300.73,1216.27,1301.27,0.0,0.0,0.0,0.0,0.0,0.0,0.0,0.0,0.041164889142857146,0.005288406571428571,0.15693625857142857,-2.2763727285714284,0.06105231214285715,-9.545511428571428,16.0006,24.89580613207547,101132.95909433962,0.66609948,0.1022016468,-0.06293117699999999,0.7361405,56.845864147727276,16.195832295454547,-15.046229181818182,-0.23450606329545454,2.690753273863636,-0.003549701838636363,0.052535185,-0.250712505,0.483251415,4769.958398437679,5717.743115234349,4766.547851562287,5710.542871093771,"1,1,25",0
848,60248000,64.8580000000006,-0.0007327283717307692,-0.059284394230769234,0.00047458203653846147,0.2599122763461539,1218.5353535353536,1301.0,1216.2323232323233,1301.4646464646464,0.0,0.0,0.0,0.0,0.0,0.0,0.0,0.0,0.051713705181818184,0.014865016545454546,0.15286549636363636,-2.325749818181818,0.03210423918181818,-9.483651272727272,15.99816221153846,24.89580855769231,101132.98153846154,0.6631596142857143,0.10249938121428571,-0.062311722785714285,0.7388000710714285,56.8345805,16.329305650000002,-15.0470575,-0.2566147385,2.688207695,-0.0008680350450000001,0.05218444,-0.249530308,0.484491496,4780.255859374747,5711.436035156464,4747.444335937649,5729.305664062292,"1,1,25",0
849,60298000,64.9080000000006,-6.520945170212768e-05,-0.0596640960212766,-7.23473404255319e-05,0.2599811074468085,1217.5252525252524,1301.0,1216.7373737373737,1302.4747474747476,0.0,0.0,0.0,0.0,0.0,0.0,0.0,0.0,0.025466431375,0.018841930625,0.15393073124999998,-2.3355439000000002,-0.0175074351875,-9.457845125,16.000507941176473,24.895810490196077,101132.95627450981,0.6602222680851064,0.1025935585106383,-0.06170721912765958,0.7414648529787233,56.8227455,16.46246515,-15.0476525,-0.2787865935,2.6853205449999997,0.0017856186049999999,0.04864787585,-0.2487638935,0.4855750395,4760.740876850274,5719.645944695843,4760.189787212062,5726.8377107319875,"1,1,25",0
850,60348000,64.95800000000061,0.0010284453220754716,-0.05899991420754717,-0.0002155087675471698,0.259992831509434,1217.2376237623762,1301.0,1217.2376237623762,1302.7623762376238,0.0,0.0,0.0,0.0,0.0,0.0,0.0,0.0,0.020673097249999998,0.0028294986480849995,0.1525991275,-2.3089083125,0.027234217874999998,-9.616013,16.011673113207546,24.895812811320752,101132.8220754717,0.657283106122449,0.1024929581632653,-0.06151602169387755,0.7441011291836734,56.80950525,16.59492115,-15.0473998,-0.3003488325,2.6819425199999998,0.003430339155,0.04712452195,-0.2497265495,0.48423939650000003,4764.436499023506,5720.178149413963,4760.974414062625,5727.423217773368,"1,1,25",0
851,60398000,65.0080000000006,0.00121437469375,-0.0581633315,-3.182363500000001e-05,0.25997836,1217.7326732673268,1301.0,1217.7326732673268,1302.2673267326732,0.0,0.0,0.0,0.0,0.0,0.0,0.0,0.0,0.0299605695,-0.005592582625,0.1547962525,-2.2801780999999997,-0.0017954862250000002,-9.49301225,16.017483942307692,24.895816615384614,101132.76826923077,0.6543119677966102,0.10265664949152542,-0.06140707594915254,0.7467004667796611,56.795662750000005,16.72707565,-15.0467838,-0.3216498075,2.67835412,0.004642659804999999,0.042000523199999994,-0.24986775549999998,0.485892481,4763.935815429832,5719.168139648373,4780.265283203046,5702.131494140817,"1,1,25",0
852,60448000,65.0580000000006,-3.261705384615386e-05,-0.058628628576923074,0.0001477047776923077,0.2603348946153846,1218.23,1301.23,1218.0,1301.77,0.0,0.0,0.0,0.0,0.0,0.0,0.0,0.0,0.0567253,0.011451847,0.15579495,-2.3127987,0.0035914662,-9.42358,16.023262403846154,24.89582046153846,101132.715,0.6512797533333333,0.103011588,-0.06101883886666667,0.7493313426666667,56.7801245,16.859256050000003,-15.0458773,-0.343189038,2.67424919,0.00558185316,0.043070587523809524,-0.25059833809523807,0.485962580952381,4775.828497023967,5714.193243117544,4760.0061616440735,5728.967959449707,"1,1,25",0
853,60498000,65.1080000000006,0.000443623743125,-0.058774791875,0.0005191244250000001,0.2605288325,1218.73,1301.73,1218.0,1301.27,0.0,0.0,0.0,0.0,0.0,0.0,0.0,0.0,0.04101294285714285,0.012897110714285715,0.16241473,-2.376929357142857,0.015562478714285712,-9.602629142857143,16.050439230769232,24.89582398076923,101132.3898076923,0.6482344251923078,0.10334979057692309,-0.060294615096153845,0.75197845,56.7638595,16.99144755,-15.0448463,-0.364830378,2.66992289,0.00640399196,0.039678916700000004,-0.24750529500000001,0.486947954,4769.733642578174,5724.1450683593675,4772.200415039055,5726.757910156216,"1,1,25",0
854,60548000,65.15800000000061,0.00035680504596153847,-0.05869796230769231,0.0005141862721153846,0.2606631496153846,1218.7676767676767,1301.7676767676767,1218.0,1301.2323232323233,0.0,0.0,0.0,0.0,0.0,0.0,0.0,0.0,0.03874927,0.0046270905,0.15779226624999998,-2.2812254750000003,0.07227513625,-9.502887875,16.056759423076922,24.89582773076923,101132.28788461539,0.6451747515909091,0.10356289818181819,-0.05978687693181818,0.7546171545454545,56.74597295,17.1234308,-15.0436564,-0.38715398,2.666354305,0.00646429073,0.03865614295652174,-0.24762409521739132,0.48888138434782613,4777.555175781408,5718.837402343896,4769.553710937505,5730.936035156153,"1,1,25",0
855,60598000,65.20800000000061,6.218612382978723e-05,-0.05871615021276596,0.00020603974723404253,0.26076592510638297,1218.2626262626263,1301.2626262626263,1218.0,1301.7373737373737,0.0,0.0,0.0,0.0,0.0,0.0,0.0,0.0,0.0215718985,-0.00426137115,0.1576591,-2.2918497,0.05147551,-9.604341,16.019379999999998,24.8958335,101132.74250000001,0.6421576405882353,0.10377736323529411,-0.05947624294117647,0.7571806352941176,56.72739145,17.255324799999997,-15.0423984,-0.40976998000000003,2.663110455,0.0061980866299999994,0.037957467714285716,-0.2466173042857143,0.4883043714285714,4781.478759765557,5724.1308593750355,4779.418701171779,5718.010498046822,"1,1,25",0
856,60648000,65.2580000000006,-0.0011657556358490567,-0.05904888709433962,-0.0004426680630188679,0.26088594716981134,1218.4948453608247,1301.7422680412371,1218.4948453608247,1301.5051546391753,0.0,0.0,0.0,0.0,0.0,0.0,0.0,0.0,0.032357232625,0.0169110025,0.1567936575,-2.334645775,0.03202261025,-9.40173075,16.045563653846155,24.895838846153847,101132.4348076923,0.6391377924489796,0.1038855837755102,-0.05922616102040816,0.7597362612244898,56.70751705,17.386694849999998,-15.0415387,-0.430771864,2.65846265,0.00749045626,0.03373172875,-0.24677147,0.48791314,4771.453125000198,5720.385253906363,4770.893066406283,5740.614746093808,"1,1,25",0
857,60698000,65.3080000000006,-7.33664386363634e-05,-0.05851693868181818,0.00023073789568181827,0.26132492886363634,1219.5257731958764,1303.2886597938145,1219.5257731958764,1300.4742268041236,0.0,0.0,0.0,0.0,0.0,0.0,0.0,0.0,0.01924147575,-0.007323813,0.157858875,-2.245462025,-0.0436940225,-9.4274705,16.043959882352944,24.89584288235294,101132.41764705883,0.636094248076923,0.10397890392307692,-0.059027027115384614,0.76228893,56.68708855,17.51784035,-15.040849699999999,-0.451081984,2.65321315,0.00945078606,0.03214696125,-0.24601214,0.48806196,4774.931030273591,5736.25598144559,4797.5020996094645,5720.55163574188,"1,1,25",0
858,60748000,65.35800000000062,-0.00018827109090909086,-0.058573960927272725,0.00069947081,0.26157217272727273,1220.0,1303.4807692307693,1220.2596153846155,1300.5192307692307,0.0,0.0,0.0,0.0,0.0,0.0,0.0,0.0,0.04127886,0.0021307366,0.15339811,-2.2900543,-0.020350548,-9.591171,16.06252169811321,24.895847603773586,101132.19320754717,0.6330480717647059,0.10421648117647059,-0.05879657070588235,0.7648059725490196,56.66534195,17.6485613,-15.0399213,-0.47182573299999997,2.64906195,0.0105468708,0.029828759625,-0.243898705,0.490228395,4790.720772879794,5732.675083705276,4788.584542410383,5723.3826729913135,"1,1,25",0
859,60798000,65.40800000000061,-0.001115331863265306,-0.05863962495918368,0.0001768953875510204,0.2617140612244898,1220.0,1302.5192307692307,1220.7403846153845,1301.4807692307693,0.0,0.0,0.0,0.0,0.0,0.0,0.0,0.0,0.05838986525,0.010186478875,0.1541304425,-2.2529438,-0.043993291425,-9.508871,16.016942211538463,24.895851384615383,101132.79730769231,0.6299717150943396,0.10462713509433962,-0.058107806000000005,0.7673383558490566,56.64303045,17.7791003,-15.0388903,-0.49275532299999997,2.6453814500000004,0.0112725648,0.028110334142857143,-0.2418805814285714,0.4900215771428571,4796.67019042952,5733.042895507856,4782.465405273734,5733.865942382658,"1,1,25",0
860,60848000,65.45800000000061,-0.00027205135098039214,-0.057940731333333335,4.5585846470588235e-05,0.2618125558823529,1220.0,1302.23,1221.0,1302.0,0.0,0.0,0.0,0.0,0.0,0.0,0.0,0.0,0.04730748627272727,0.011790386909090908,0.15354333636363637,-2.2367289,-0.04429256326363636,-9.617507818181817,16.04168125,24.895855230769232,101132.45076923077,0.6268832647058823,0.10497665529411764,-0.057399378647058824,0.7698695729411765,56.618883562499995,17.9093595,-15.0379156875,-0.514435325,2.6414177687500002,0.011027008,0.02601365304347826,-0.2439638095652174,0.49072389565217395,4797.267089843795,5734.624511718639,4784.626464843783,5739.3212890625055,"1,1,25",0
861,60898000,65.5080000000006,-0.0005907420591836734,-0.058084866857142856,2.2138851224489804e-05,0.26188682142857145,1220.0,1302.73,1221.0,1302.0,0.0,0.0,0.0,0.0,0.0,0.0,0.0,0.0,0.03932588066666667,0.015978816,0.15215534333333333,-2.3147939666666666,0.003990504333333339,-9.636264333333333,16.098382403846156,24.89585901923077,101131.81951923076,0.623809583902439,0.10513630243902439,-0.05681510734146342,0.7723844487804878,56.59395008035714,18.039498785714287,-15.03696524107143,-0.5364369321428571,2.637332724107143,0.010365200857142856,0.022699842666666668,-0.24221274,0.49146523000000003,4793.777880859167,5740.5071777344665,4793.151928711153,5733.093530273306,"1,1,25",0
862,60948000,65.55800000000062,-0.0010830508458333334,-0.0587971943125,-4.110400552083335e-05,0.2618808710416667,1220.0,1303.0,1221.0,1301.7676767676767,0.0,0.0,0.0,0.0,0.0,0.0,0.0,0.0,0.0454069785,0.01265025125,0.15106777000000002,-2.34123,0.006284947875,-9.62439225,16.057752596153847,24.89585998076923,101132.29548076923,0.6207292988461538,0.10523190961538462,-0.056250835980769236,0.7748889701923077,56.567912840909095,18.169366477272728,-15.036531193181819,-0.5584484714772727,2.6325715,0.009117932104545454,0.021967808550000002,-0.2419000235,0.4912259135,4793.05585937509,5736.596069335856,4783.875634765205,5740.171142578328,"1,1,25",0
863,60998000,65.60800000000062,-0.00046647288627450984,-0.058417910764705885,0.00017371557980392155,0.26184843568627447,1220.0,1303.0,1221.0,1301.2626262626263,0.0,0.0,0.0,0.0,0.0,0.0,0.0,0.0,0.035186998625,0.01404781475,0.15519576124999998,-2.2655137625,0.03531464349999999,-9.556457875,16.025971057692306,24.895862826923075,101132.64894230769,0.6176493,0.1053669025,-0.05576582125,0.7773628262500001,56.54057988636364,18.29891534090909,-15.036703352272728,-0.5804716703409091,2.6270165,0.007183382331818183,0.0187142654,-0.24051390150000002,0.4929577715,4796.26141036168,5736.533100329165,4781.612510280202,5742.1680972443755,"1,1,25",0
864,61048000,65.65800000000061,0.0004429307886792452,-0.05765720869811321,3.525274830188676e-05,0.26187614150943395,1220.0,1302.7692307692307,1220.7692307692307,1301.0,0.0,0.0,0.0,0.0,0.0,0.0,0.0,0.0,0.02436788925,-0.001198347725,0.14940335999999999,-2.278981,0.012569723750000001,-9.414002,16.011344326923076,24.895863903846152,101132.82365384615,0.6146031863636364,0.10547830079545455,-0.05552659988636364,0.7797765222727273,56.51129495,18.4282781,-15.037231,-0.6025919495000001,2.621507875,0.00598703455,0.0157352926,-0.2409421395,0.49448517599999997,4795.1540527344405,5740.118212890492,4793.2880615233025,5723.10451660179,"1,1,25",0
865,61098000,65.70800000000061,-0.0005540562247058823,-0.057941199352941175,-4.559791823529409e-05,0.2617707517647059,1220.0,1302.2884615384614,1220.2884615384614,1301.0,0.0,0.0,0.0,0.0,0.0,0.0,0.0,0.0,0.042458326000000005,0.012821328,0.15141975714285713,-2.314509042857143,0.04685811928571429,-9.651026857142858,16.04727470588235,24.895864,101132.39,0.6115328999999999,0.10563392823529412,-0.05519649023529412,0.7821882176470589,56.48117345,18.5575611,-15.037911,-0.6247538345,2.6160191250000002,0.00510705905,0.014628829999999999,-0.23886923000000002,0.49227303125,4798.9777832030695,5733.855224609332,4781.30908203132,5737.178222656175,"1,1,25",0
866,61148000,65.75800000000062,-0.000301350541632653,-0.05790670495918367,-8.849538102040816e-05,0.26151902367346935,1219.7938144329896,1302.2061855670104,1220.0,1301.0,0.0,0.0,0.0,0.0,0.0,0.0,0.0,0.0,0.03003450733333333,0.009173067277777778,0.15126755666666666,-2.284334377777778,0.036711258,-9.506311722222222,16.044448867924526,24.895864,101132.45452830188,0.6084442836734694,0.10578634306122449,-0.0547571532244898,0.784603681632653,56.44925002884615,18.68649119230769,-15.038628221153846,-0.6473295875,2.6103489471153845,0.0041865727461538466,0.014189178714285714,-0.2386795114285714,0.49348754857142857,4792.9932338169565,5735.1484142485915,4787.433500743997,5724.3091750371705,"1,1,25",0
867,61198000,65.80800000000062,-0.00011116406249999993,-0.0581998253125,-0.000397678088375,0.261342474375,1219.278350515464,1302.721649484536,1220.0,1301.0,0.0,0.0,0.0,0.0,0.0,0.0,0.0,0.0,0.03065964,0.012250467125000001,0.15269901375,-2.3210289875,0.021697626,-9.567231,16.057662884615386,24.895864,101132.26711538462,0.6053295584615385,0.10581019384615384,-0.05439363673076923,0.787030875,56.41655435576923,18.815270038461538,-15.03936139423077,-0.6700827125,2.6046010144230767,0.0032487246692307695,0.0106841556,-0.2388619215,0.4937169925,4792.769555663889,5726.121777343806,4778.479296875072,5738.199926757789,"1,1,25",0
868,61248000,65.85800000000062,0.0004892165040384615,-0.0581488025,-0.00021609245303846154,0.26116503115384615,1219.0,1302.54,1220.0,1301.0,0.0,0.0,0.0,0.0,0.0,0.0,0.0,0.0,0.01804304625,0.010320022750000001,0.15719306,-2.262221625,-0.004488963299999999,-9.443331749999999,16.0369865,24.895863249999998,101132.51000000001,0.6021879010416666,0.10575896520833333,-0.054078053333333334,0.78946619375,56.38290888541667,18.94389246875,-15.04011371875,-0.6917365096875,2.59907868125,0.0012130167937500001,0.00876750645,-0.237801921,0.494951947,4779.279956054583,5731.160009765514,4788.037695312535,5725.487402343768,"1,1,25",0
869,61298000,65.90800000000061,1.6195946250000003e-05,-0.057895334375,-0.00031137251512500003,0.26081326374999997,1219.0,1301.54,1220.0,1301.0,0.0,0.0,0.0,0.0,0.0,0.0,0.0,0.0,0.03395510575,0.0097539014375,0.15722642375,-2.2747910875,0.014814290624999997,-9.5738150625,16.00538528846154,24.895863,101132.92307692308,0.5990239990384616,0.10575780365384616,-0.053842576538461535,0.7918853069230769,56.34868128125,19.07241903125,-15.04087778125,-0.7127165253125001,2.59369461875,-0.00149557289375,0.006506297,-0.2364801695,0.493331234,4782.405712890487,5719.099389648293,4779.783105468713,5730.081127929852,"1,1,25",0
870,61348000,65.95800000000062,0.0002057161878846153,-0.057987543076923075,-6.850417344423077e-05,0.2604497892307692,1218.54,1301.23,1219.77,1300.77,0.0,0.0,0.0,0.0,0.0,0.0,0.0,0.0,0.02601023922222222,0.014085339888888888,0.15428577555555556,-2.2738266333333335,-0.005320282993666666,-9.511764777777778,16.002225192307694,24.89586098076923,101132.93557692308,0.5958607458333334,0.105783584875,-0.053542386375,0.7942855600000001,56.31296695,19.200583299999998,-15.0420464,-0.7332529085,2.58778161,-0.002519475145,0.0039879799,-0.235471816,0.49482014,4769.825683593637,5716.844261532686,4782.117582775175,5718.066452752957,"1,1,25",0
871,61398000,66.00800000000062,0.0006271513250000003,-0.058331570625,0.00011180089541875,0.260307686875,1217.54,1301.73,1219.27,1300.27,0.0,0.0,0.0,0.0,0.0,0.0,0.0,0.0,0.03235754475,0.0101864005,0.15646074,-2.318784525,-0.002394037,-9.51575575,16.02913051923077,24.89586,101132.60711538461,0.5927146951923077,0.10576808434615385,-0.053210811230769234,0.7966598896153846,56.27661545,19.3285923,-15.043388400000001,-0.7535991635,2.58164191,-0.002821368495,0.0019707382250000005,-0.2335106555,0.494560873,4775.04929199225,5713.3833007813155,4770.984960937373,5730.195019531154,"1,1,25",0
872,61448000,66.05800000000062,0.001542214165531915,-0.058576389340425535,0.000276947294893617,0.26018429765957446,1217.69,1301.54,1218.31,1300.69,0.0,0.0,0.0,0.0,0.0,0.0,0.0,0.0,0.023968455,0.00952083375,0.15239942,-2.2640171000000002,-0.011671569000000001,-9.538500875,16.03143931372549,24.89586,101132.57764705883,0.5895720405882353,0.1057722462745098,-0.052892768156862745,0.7990093117647059,56.238763125,19.4556603125,-15.045037562500001,-0.77353184,2.574751375,-0.00242081546875,-0.0010792261569565218,-0.2350913334782609,0.4954050282608696,4769.826660156202,5726.244628906321,4780.746582031046,5703.254394531466,"1,1,25",0
873,61498000,66.10800000000062,-0.0011982340977358492,-0.05897481877358491,0.00023975482679245284,0.26022145188679247,1219.19,1300.54,1216.81,1302.19,0.0,0.0,0.0,0.0,0.0,0.0,0.0,0.0,0.0540624,0.012783191499999999,0.152066435,-2.3235729,-0.019153450000000002,-9.512763,16.00281462264151,24.89586,101132.93735849057,0.5864388108163265,0.10585839653061226,-0.05242202836734694,0.8013313542857143,56.200267589285716,19.582325044642857,-15.04681836607143,-0.7932872685714285,2.5675390535714286,-0.0017192139955357144,-0.00023083769066666667,-0.23324002666666668,0.4956729,4776.821655273544,5722.581713866932,4757.576660156019,5724.041552734614,"1,1,25",0
874,61548000,66.15800000000063,-0.0016049527471153845,-0.058546985653846154,3.853680384615385e-05,0.2600508596153846,1220.0,1300.23,1216.23,1302.54,0.0,0.0,0.0,0.0,0.0,0.0,0.0,0.0,0.040613221750000005,-0.0003331498175,0.15349794625,-2.2369326375,0.029628415624999998,-9.617061375,16.02308182692308,24.895861557692307,101132.70346153846,0.5832377232692308,0.10619906809615386,-0.051769856749999996,0.8036613425,56.161100909090905,19.70842028409091,-15.048522795454545,-0.8132907797727272,2.5598752227272725,-0.0006908888954545455,-0.0012587292224999999,-0.23132156150000002,0.495749408,4773.493749999825,5714.873022460945,4770.689599609631,5710.107495116918,"1,1,25",0
875,61598000,66.20800000000062,-0.0004578940031250002,-0.0580489815,0.00014048410125,0.26001162499999997,1220.0,1300.73,1216.73,1301.54,0.0,0.0,0.0,0.0,0.0,0.0,0.0,0.0,0.04281011775,0.00033307579770250003,0.1515339475,-2.257133625,0.014066098,-9.348759000000001,16.041139519230768,24.89586348076923,101132.4775,0.5800204529166667,0.10657285591666667,-0.05143657941666666,0.8059588416666668,56.12114636363636,19.833846988636363,-15.05013756818182,-0.8335855184090909,2.5516813590909093,0.000720981331818182,-0.00507071454,-0.2313213045,0.497194603,4779.840869140835,5703.304077148493,4766.967871093535,5713.332983398596,"1,1,25",0
876,61648000,66.25800000000062,-0.0007212026403846153,-0.05864930701923077,0.0003128149344230769,0.26011852115384615,1219.77,1300.77,1216.77,1301.23,0.0,0.0,0.0,0.0,0.0,0.0,0.0,0.0,0.024567663125,0.005592613650000001,0.14577479000000002,-2.3318033375,-0.016609608374999998,-9.545682375,16.024075,24.895864884615385,101132.67115384615,0.576859825,0.10678753520833334,-0.051097761124999995,0.8082172375,56.080146400000004,19.95875975,-15.051200900000001,-0.853344751,2.54327383,0.00200840274,-0.008764553391304348,-0.23177483478260869,0.49822966173913047,4774.548339843615,5727.701171874934,4770.519042968694,5699.327148437692,"1,1,25",0
877,61698000,66.30800000000062,-0.0007956648437500002,-0.058980154374999996,0.00016521401812500002,0.259983161875,1219.27,1300.27,1216.27,1301.73,0.0,0.0,0.0,0.0,0.0,0.0,0.0,0.0,0.0420779285,0.0115849005,0.1564607425,-2.262521,0.04668710325,-9.5498725,16.031658826923078,24.895867615384617,101132.5873076923,0.5736942423076923,0.10684495423076923,-0.05069404557692308,0.8104843903846154,56.0386984,20.08345225,-15.0520279,-0.872874481,2.53477473,0.0032424889400000005,-0.00995504805,-0.2296859665,0.4972377985,4770.261816406371,5716.454711913633,4761.911889648289,5720.942236328612,"1,1,25",0
878,61748000,66.35800000000063,-0.0011475298015384615,-0.05856233894230769,0.00019787723346153846,0.2599685275,1219.0,1300.0,1216.4646464646464,1301.7676767676767,0.0,0.0,0.0,0.0,0.0,0.0,0.0,0.0,0.034421369125,-0.0006660587650000001,0.15209981375,-2.28691145,0.00957697075,-9.408165375,16.037707923076923,24.89587073076923,101132.53115384615,0.5704526442307692,0.10708493673076923,-0.05024137080769231,0.8127659596153846,55.99618465,20.20758265,-15.05260745,-0.891234035,2.52577695,0.00472576702,-0.012022754699999999,-0.2292211375,0.496898048,4770.759472656091,5711.421679687532,4771.749780273939,5708.5524414057845,"1,1,25",0
879,61798000,66.40800000000063,-0.0002065233034042554,-0.05805755712765957,7.415274010638298e-05,0.2600038510638298,1219.0,1300.0,1217.4747474747476,1301.2626262626263,0.0,0.0,0.0,0.0,0.0,0.0,0.0,0.0,0.03961461775,-0.0005324395250000001,0.1567935975,-2.3047184,-0.03082517975,-9.538502,16.037979423076923,24.895873961538463,101132.50884615384,0.5672076208333333,0.10743057020833334,-0.050017107645833336,0.81500256875,55.95321415,20.331472150000003,-15.05308095,-0.909092085,2.51656545,0.00631584162,-0.0126937131,-0.228381863,0.498661079,4774.746196546315,5709.4789782070575,4770.315403988218,5713.7151264393415,"1,1,25",0
880,61848000,66.45800000000062,0.00028143603846153835,-0.058159224384615384,0.00013983946423076922,0.26008692615384615,1219.0,1300.2376237623762,1218.0,1301.0,0.0,0.0,0.0,0.0,0.0,0.0,0.0,0.0,0.032956585,0.005659137725,0.153930725,-2.2290022,0.015861753325000002,-9.4897175,16.024436153846153,24.895879153846153,101132.66076923077,0.5639116076595745,0.10772837829787234,-0.049704867574468084,0.8172664180851064,55.90913275,20.45496405,-15.05313515,-0.9267177,2.50804471,0.0080194306,-0.013709979550000001,-0.226733215,0.5003566065,4773.073242187394,5710.716796875182,4770.602050781602,5719.0371093746335,"1,1,25",0
881,61898000,66.50800000000062,0.0007853412816326529,-0.05811611316326531,0.000380961406122449,0.26018819469387755,1219.0,1300.7326732673268,1218.0,1301.0,0.0,0.0,0.0,0.0,0.0,0.0,0.0,0.0,0.020506528142857142,-0.005592735671428571,0.15199041,-2.3191266571428573,-0.029414316714285717,-9.478988142857142,15.96186625,24.89588325,101133.40000000001,0.560647200754717,0.10791452584905661,-0.049493360641509436,0.819497070754717,55.86457525,20.57828555,-15.05300965,-0.9442437,2.49982001,0.0097716686,-0.015738833125,-0.226772805,0.498982745,4770.717447916813,5718.748674665123,4782.785853794538,5706.76832217277,"1,1,25",0
882,61948000,66.55800000000063,-5.890242884615379e-05,-0.05809739888461538,0.00048794883711538464,0.2603221898076923,1219.0,1300.54,1218.0,1301.46,0.0,0.0,0.0,0.0,0.0,0.0,0.0,0.0,0.04520737,0.003861704825,0.151999885,-2.2792799,0.040103050175,-9.5462815,16.015678173076925,24.895888269230767,101132.78730769231,0.5574039875,0.10814636302083333,-0.04918074614583333,0.8216951489583334,55.8189533125,20.70141325,-15.0525835625,-0.9623915125,2.4918298500000002,0.0111588596875,-0.01854888925,-0.2246570275,0.49931259,4773.920434570212,5715.276806640563,4776.8509033205455,5712.71276855445,"1,1,25",0
883,61998000,66.60800000000063,-0.0005324966250000002,-0.0579604140625,-0.00017917433875,0.260421615,1219.0,1299.54,1218.0,1302.46,0.0,0.0,0.0,0.0,0.0,0.0,0.0,0.0,0.05466161025,0.0029958816,0.15279882,-2.235286875,0.00628494673405,-9.54179375,16.014504423076925,24.895894038461538,101132.79884615385,0.5540908625,0.10849847562500001,-0.0485427675,0.8239242693750001,55.7728751875,20.824457892857144,-15.052028651785715,-0.9808058160714286,2.483940207142857,0.012389602098214287,-0.0194972565,-0.22168948500000002,0.5019698125,4779.181616210878,5715.931958007743,4773.800512695241,5717.241772461269,"1,1,25",0
884,62048000,66.65800000000063,-0.0012810179262115386,-0.05805373071153846,-0.0005944990501923076,0.26049331115384616,1219.0,1299.2233009708739,1218.2233009708739,1302.7766990291261,0.0,0.0,0.0,0.0,0.0,0.0,0.0,0.0,0.05253100975,0.01278319525,0.15106776,-2.284068875,0.04788420775,-9.621697000000001,15.998978218181819,24.895899890909092,101132.9870909091,0.5507553538461538,0.10882432403846154,-0.047793922134615384,0.8261580571153846,55.72585027272727,20.947376147727272,-15.051316045454545,-1.0000163602272727,2.476021231818182,0.0128806694375,-0.022489686857142855,-0.22153984142857144,0.5007510828571429,4786.900878906123,5711.878417968697,4761.752441406595,5733.119140624732,"1,1,25",0
885,62098000,66.70800000000062,-0.00025840561823529414,-0.057714962705882354,-0.0003492410894117647,0.26049840588235296,1219.0,1299.7087378640776,1218.7087378640776,1302.2912621359224,0.0,0.0,0.0,0.0,0.0,0.0,0.0,0.0,0.0274839812,0.00937438436,0.14961636,-2.3415294,0.0220268258,-9.5660332,16.052600339622643,24.895906301886793,101132.34584905661,0.5474659288235294,0.10901086705882353,-0.04729987811764706,0.8283457005882352,55.677713909090905,21.07014603409091,-15.050418318181817,-1.020161621590909,2.4680678227272725,0.0125034225625,-0.024478399374999998,-0.21990521875,0.4990035775,4780.669628906272,5713.0990722655415,4778.377856445411,5718.6825683593215,"1,1,25",0
886,62148000,66.75800000000064,0.001146246818367347,-0.0577915686122449,-0.00022604095795918366,0.26066401836734693,1219.0,1300.618556701031,1219.0,1301.7938144329896,0.0,0.0,0.0,0.0,0.0,0.0,0.0,0.0,0.01677791225,0.0032622976999999997,0.1583915275,-2.2885578,-0.05357010375,-9.554661,16.06145883018868,24.895913849056605,101132.2420754717,0.544230528490566,0.10899649924528301,-0.04718028645283019,0.8304836658490565,55.62770790291262,21.192606708737863,-15.049086427184466,-1.0391513941747572,2.4603911932038836,0.012876617844660194,-0.024420581099999998,-0.22065768400000002,0.50223876,4780.3631591797075,5712.673120117257,4774.595629882713,5726.172851562601,"1,1,25",0
887,62198000,66.80800000000063,0.00221173536125,-0.058063025500000004,0.00038617236,0.260855505,1219.0,1302.1649484536083,1219.0,1301.278350515464,0.0,0.0,0.0,0.0,0.0,0.0,0.0,0.0,0.007190557225,0.002929364275,0.1459412275,-2.232892675,0.017956683,-9.6043415,16.074907461538462,24.895919653846153,101132.07038461538,0.5410242807692308,0.10888974159615385,-0.04709910901923077,0.8325947707692307,55.57690062135922,21.31493486407767,-15.047568466019417,-1.0576459572815533,2.4528331834951453,0.013571431194174756,-0.02791791935,-0.2177921525,0.501452149,4775.40673828135,5738.783789062558,4795.714599609265,5701.422875976616,"1,1,25",0
888,62248000,66.85800000000063,0.00022658285861538465,-0.05854225411538462,0.00023595699,0.2611675207692308,1219.46,1302.77,1219.23,1301.23,0.0,0.0,0.0,0.0,0.0,0.0,0.0,0.0,0.059921105,0.0156462965,0.1494033375,-2.28436795,-0.02334330525,-9.4262715,16.054503115384616,24.895926326923078,101132.31307692308,0.537790496875,0.10894517837499999,-0.0466395416875,0.83470577125,55.52481251428571,21.436645533333333,-15.045490266666667,-1.0766734323809524,2.4447335876190475,0.015320372685714286,-0.03026030515,-0.21854177049999998,0.501050455,4791.697705078421,5724.688964843555,4770.477929687033,5726.960083008231,"1,1,25",0
889,62298000,66.90800000000063,-0.00033373269224999994,-0.0581894935625,9.400967937500001e-05,0.26162771125,1220.46,1302.27,1219.73,1301.73,0.0,0.0,0.0,0.0,0.0,0.0,0.0,0.0,0.05459500785714286,0.004717560571428571,0.15465350571428574,-2.2413148142857144,0.037794349,-9.440339142857143,16.03981717647059,24.895932294117646,101132.51647058823,0.534426088125,0.10928798802083334,-0.0456426911875,0.8368740175,55.47200394285714,21.558008866666665,-15.043096933333333,-1.0960006704761904,2.4363293495238096,0.017662261257142858,-0.03238673426086956,-0.21779263652173914,0.5027952652173913,4790.329589843943,5723.348330543034,4788.81535993324,5733.819800967318,"1,1,25",0
890,62348000,66.95800000000064,-8.118052038461553e-05,-0.05752972011538462,3.8562594230769206e-05,0.26201869384615384,1220.77,1302.23,1220.0,1302.23,0.0,0.0,0.0,0.0,0.0,0.0,0.0,0.0,0.042876905624999996,0.00828898375,0.1497029575,-2.290503125,0.046537468124999995,-9.53820175,15.991387169811322,24.895938811320754,101133.07962264151,0.5310515845833333,0.1096086259375,-0.04493512489583333,0.8390158229166667,55.418118239130436,21.678718467391302,-15.04067652173913,-1.1154536880434782,2.427527125,0.017399257336956523,-0.0362650106,-0.214076131,0.5020319695,4802.151074218973,5724.94611816419,4783.447998046653,5733.545507812448,"1,1,25",0
891,62398000,67.00800000000064,0.0005817989568749999,-0.057712751124999996,-0.000209562296875,0.262194176875,1220.27,1302.73,1220.0,1302.73,0.0,0.0,0.0,0.0,0.0,0.0,0.0,0.0,0.026365245625,0.008189287637499999,0.15373098875000002,-2.2743422375,0.0070331348749999995,-9.653572749999999,16.000329134615384,24.895945519230768,101132.96134615384,0.5277260026923077,0.10975644126923077,-0.04448566265384616,0.8411158442307692,55.36331497826087,21.79887118478261,-15.038233043478261,-1.1350138510869565,2.418385875,0.014917270923913043,-0.0359268296,-0.211570178,0.503114705,4793.563354492168,5736.9302246093675,4804.299609374941,5729.373852539113,"1,1,25",0
892,62448000,67.05800000000063,-0.001202202421730769,-0.05823223853846154,6.810800333653846e-05,0.26203132173076926,1220.23,1303.23,1220.23,1302.54,0.0,0.0,0.0,0.0,0.0,0.0,0.0,0.0,0.039059624333333334,0.01411474288888889,0.15570617666666667,-2.2859305555555554,0.06158435222222222,-9.642114666666666,16.0123375,24.89594925,101132.825,0.5243775125000001,0.10982800133333334,-0.044081203125,0.84321970625,55.307061499999996,21.91857925,-15.0360881,-1.15444111,2.40946852,0.01288984065,-0.03776221154166667,-0.21155802666666668,0.5040366104166667,4796.198242187648,5730.545898437378,4789.935407365775,5740.454287574561,"1,1,25",0
893,62498000,67.10800000000063,-0.0013990854174999998,-0.057950871375,0.00041346704065625,0.262105306875,1220.73,1303.73,1220.73,1301.54,0.0,0.0,0.0,0.0,0.0,0.0,0.0,0.0,0.032190956375,0.0008321170874999999,0.1558948225,-2.287659975,0.012420091250000001,-9.642348375000001,16.00132230769231,24.89595426923077,101132.9536923077,0.5210511807692307,0.10999397471153846,-0.04362118161538462,0.8452813076923077,55.2501865,22.038096749999998,-15.0340711,-1.1738114099999999,2.40064712,0.01105722015,-0.03914512,-0.2100474925,0.504154675,4805.149267578232,5736.077832031444,4804.487133789111,5728.116381835537,"1,1,25",0
894,62548000,67.15800000000064,-0.0010635853107692308,-0.05821457125,0.0003773184903846155,0.2622798107692308,1221.0,1304.0,1221.23,1301.0,0.0,0.0,0.0,0.0,0.0,0.0,0.0,0.0,0.033455903625,0.010752557625,0.15456323125000002,-2.2801777875,-0.005087513387499999,-9.533712375,15.989584807692308,24.895957346153846,101133.07926923077,0.517734075,0.11014143135416667,-0.04321687195833333,0.84731873,55.19167312621359,22.157584330097087,-15.031993621359224,-1.193191082524272,2.3918721660194175,0.008773379932038835,-0.041033446749999994,-0.2113112975,0.5054715425,4802.833837890578,5732.135351562301,4798.132006835769,5738.617407226949,"1,1,25",0
895,62598000,67.20800000000064,-0.0009496176749999997,-0.0581768985,8.636021562500001e-05,0.2623102325,1221.0,1304.0,1221.73,1301.0,0.0,0.0,0.0,0.0,0.0,0.0,0.0,0.0,0.03328954175,0.010452600250000001,0.1507349425,-2.259528275,-0.0164599695,-9.75398025,15.98347705882353,24.895959294117645,101133.15529411765,0.5143710557692307,0.11018585451923077,-0.042757515288461535,0.8493818251923076,55.13245759223301,22.277059087378642,-15.02989022330097,-1.2125747718446602,2.383117117475728,0.006296159834951456,-0.04282660173913043,-0.20776988086956522,0.5049134739130434,4803.780761718577,5736.905427631916,4801.0965254937755,5736.066817433769,"1,1,25",0
896,62648000,67.25800000000064,0.00013478069090909093,-0.05747772465454545,0.00018821922945454547,0.2622373238181818,1220.7676767676767,1303.7676767676767,1221.7676767676767,1301.4646464646464,0.0,0.0,0.0,0.0,0.0,0.0,0.0,0.0,0.03285669175,0.008522280125,0.15093466125,-2.2851160125,0.05192442,-9.644293124999999,15.978985283018869,24.89596120754717,101133.20415094339,0.5110606170909091,0.11022970872727272,-0.04236436687272727,0.8513916043636364,55.071863199999996,22.396167600000002,-15.02764788,-1.23200906,2.3736419079999997,0.0035820238543999997,-0.0440724896,-0.207283997,0.5063837035,4802.821142578166,5739.439721679461,4799.466601562265,5728.598266601777,"1,1,25",0
897,62698000,67.30800000000063,-0.0012379139622727274,-0.05798011045454546,-0.0003866271709090909,0.26215587863636364,1220.2626262626263,1303.2626262626263,1221.2626262626263,1302.4747474747476,0.0,0.0,0.0,0.0,0.0,0.0,0.0,0.0,0.04202958636363636,0.019319950454545456,0.14761177363636366,-2.2870066636363635,-0.00152341490909091,-9.590521,16.00382205882353,24.895962,101132.91862745098,0.5077091045454546,0.11030869227272727,-0.04185631763636364,0.8534102463636364,55.0104932,22.5150701,-15.02532738,-1.25147181,2.363761608,0.0007346226893999996,-0.0467276755,-0.207677955,0.5059051,4801.239746093562,5737.868652343877,4797.215820312777,5737.309326171867,"1,1,25",0
898,62748000,67.35800000000064,-0.0007905376711320755,-0.058128598452830194,-3.794574716981143e-06,0.26222153698113204,1220.2307692307693,1303.0,1221.2307692307693,1302.7692307692307,0.0,0.0,0.0,0.0,0.0,0.0,0.0,0.0,0.044408166750000005,0.01404813125,0.1508680925,-2.281075875,0.01646030725,-9.64384425,16.014153490566038,24.895962,101132.78773584905,0.5043399795918367,0.1103089593877551,-0.04127317236734694,0.8554332844897959,54.94791406185567,22.633250175257732,-15.023528701030928,-1.270349212371134,2.3544037597938146,-0.0012033185201030926,-0.04934729776190476,-0.20432708142857142,0.5049169866666667,4800.51909179707,5732.730444335829,4791.769799804496,5742.331665039109,"1,1,25",0
899,62798000,67.40800000000064,-0.0003739948411764704,-0.057547834352941175,0.00029101397247058823,0.2623695423529412,1220.7115384615386,1303.0,1221.7115384615386,1302.2884615384614,0.0,0.0,0.0,0.0,0.0,0.0,0.0,0.0,0.02390190625,0.00086545245,0.147672275,-2.226906975,-0.011671569825,-9.5301205,16.02023363636364,24.89596109090909,101132.69727272727,0.5009780214545455,0.11040493127272727,-0.040875978854545456,0.8574128963636364,54.884654783505155,22.751023886597938,-15.022023546391754,-1.2888973567010311,2.3453397907216496,-0.0026296885046391753,-0.05034895525,-0.2043093165,0.5079134405,4806.341514185749,5740.679713199252,4808.15612150539,5728.376593338541,"1,1,25",0
900,62848000,67.45800000000064,3.337469183673468e-05,-0.05743755587755102,0.0002465421143673469,0.2624337987755102,1220.8,1303.0,1222.0,1302.0,0.0,0.0,0.0,0.0,0.0,0.0,0.0,0.0,0.03621909533333333,0.005503958733333333,0.15588367333333333,-2.2693043333333334,0.019951849438953333,-9.651825500000001,16.00626924528302,24.895959245283017,101132.87343396226,0.49763002533333334,0.11052672533333333,-0.04058156993333333,0.8593593666666667,54.82039505,22.867964800000003,-15.0218898,-1.3072911200000001,2.33589815,-0.0055153681,-0.05059737130434783,-0.20136426217391304,0.5061889386956522,4805.137207031413,5731.299316406175,4806.821289062052,5733.633789062589,"1,1,25",0
901,62898000,67.50800000000064,-0.0006195530882352942,-0.05769060852941177,0.00019110537647058822,0.2621092994117647,1220.3,1303.0,1222.0,1302.0,0.0,0.0,0.0,0.0,0.0,0.0,0.0,0.0,0.036884584,0.01617884075,0.15180023250000002,-2.283170625,-0.023044026999999998,-9.59775775,15.980254333333333,24.895956666666667,101133.19733333333,0.4942183598181818,0.110630855,-0.040054653109090906,0.8613363036363636,54.75570655,22.9845488,-15.0223438,-1.32561872,2.32629465,-0.009026466100000002,-0.0557828705,-0.2002492605,0.5074258375,4800.46314761478,5729.896895559399,4797.266267475722,5736.972142269545,"1,1,25",0
902,62948000,67.55800000000065,0.0005055673916666667,-0.057958105833333336,-0.00016446867083333333,0.26184469916666664,1220.0,1302.7938144329896,1221.7938144329896,1301.5876288659795,0.0,0.0,0.0,0.0,0.0,0.0,0.0,0.0,0.040813187,0.011318564,0.15020221,-2.2729955,-0.0200512735,-9.61301975,16.045021538461537,24.895952769230767,101132.42153846154,0.49080224384615384,0.11061688038461538,-0.03953286592307692,0.8633137461538462,54.6899243,23.10044435,-15.0233375,-1.342920085,2.316075745,-0.012505045075,-0.05722278847619048,-0.19923084952380954,0.5075049361904762,4796.561376953279,5732.4570312499,4795.5664794918375,5728.991064453084,"1,1,25",0
903,62998000,67.60800000000064,0.0002943834955102041,-0.058098514591836736,5.059255040816327e-05,0.2613323706122449,1220.0,1302.278350515464,1221.278350515464,1300.5567010309278,0.0,0.0,0.0,0.0,0.0,0.0,0.0,0.0,0.0376834425,0.01271635275,0.14441,-2.2697035999999997,-0.03262083625,-9.569326,16.071026,24.89594920754717,101132.10735849057,0.48741435022222224,0.11066780466666666,-0.038970607444444444,0.8652505444444444,54.6236733,23.21604485,-15.0245625,-1.3597816349999998,2.305593095,-0.015969687325,-0.05721955665,-0.19811602550000001,0.5083608805,4797.480957030964,5725.779272460885,4781.322485351835,5730.804711913896,"1,1,25",0
904,63048000,67.65800000000064,0.00041930652692307693,-0.057439632653846155,0.0002642057223076923,0.26096893846153846,1219.77,1302.0,1220.54,1300.0,0.0,0.0,0.0,0.0,0.0,0.0,0.0,0.0,0.031125732500000003,-9.985657183250001e-05,0.15416375375,-2.2498015625,0.010624439999999999,-9.602246125,16.057121365384614,24.895946153846154,101132.27557692309,0.4840358525,0.110816865,-0.03853367419642857,0.8671445892857143,54.55637615,23.330869749999998,-15.02569265,-1.37757618,2.294800695,-0.018177422,-0.05960930855,-0.195944289,0.50732797,4789.0819091796575,5716.817016601223,4794.916967773436,5708.205688476531,"1,1,25",0
905,63098000,67.70800000000064,-0.00011340945624999999,-0.0580000795,0.00044281425374999994,0.26065548,1219.27,1302.0,1219.54,1300.0,0.0,0.0,0.0,0.0,0.0,0.0,0.0,0.0,0.038482219,0.018908797,0.149137105,-2.2703017,-0.022744751,-9.5373025,16.000419423076924,24.895942307692305,101132.98365384615,0.48062395863636365,0.11090633204545454,-0.038111154113636365,0.8690485636363636,54.488630650000005,23.445362250000002,-15.026782149999999,-1.39577058,2.283875545,-0.019846482,-0.06092252665217391,-0.1947492656521739,0.5072986813043479,4786.279296874718,5716.645141601728,4778.824877929622,5721.223901367191,"1,1,25",0
906,63148000,67.75800000000065,0.00016662342884615387,-0.05823153719230769,0.0005134656463461538,0.26062694519230767,1219.0,1301.5208333333333,1219.2395833333333,1300.2395833333333,0.0,0.0,0.0,0.0,0.0,0.0,0.0,0.0,0.034427374727272725,0.014865271272727272,0.15206651363636364,-2.293101181818182,0.06061700418181818,-9.518149909090909,15.982280294117647,24.895938450980392,101133.1837254902,0.47719300645833335,0.11086282,-0.03751791479166666,0.8709680770833333,54.419832,23.559062,-15.0277502,-1.413021345,2.2725739,-0.0196438113,-0.06298346299999999,-0.19518111149999998,0.508414,4778.4537353515925,5727.941308593915,4784.684399414119,5712.148779296806,"1,1,25",0
907,63198000,67.80800000000065,-0.00033837472568181814,-0.05771189863636363,6.774942227272729e-05,0.2606208284090909,1219.0,1300.4791666666667,1219.7604166666667,1300.7604166666667,0.0,0.0,0.0,0.0,0.0,0.0,0.0,0.0,0.0474574506,0.00394165048,0.152705682,-2.26539358,-0.0035911368000000003,-9.4400978,16.019560576923077,24.89593453846154,101132.77115384616,0.4737389926923077,0.11102701317307692,-0.03694018498076923,0.8728549788461539,54.350582,23.672422,-15.0286662,-1.429867695,2.2611109,-0.018638970300000002,-0.0654187375,-0.191430225,0.5092589233333333,4790.234444754423,5715.904320126381,4774.388741629448,5722.247977120742,"1,1,25",0
908,63248000,67.85800000000064,-0.0003763751833928571,-0.05758390248214286,0.0002571425123214286,0.2606567582142857,1219.2596153846155,1300.2596153846155,1219.4807692307693,1301.2596153846155,0.0,0.0,0.0,0.0,0.0,0.0,0.0,0.0,0.040124961888888894,-0.002189822177777778,0.15727444666666668,-2.2400415555555555,0.023277126111111116,-9.477846555555557,16.053750943396228,24.895930924528304,101132.3562264151,0.47025757562500003,0.11135485385416666,-0.03639255883333333,0.874717200625,54.27983505,23.7851709,-15.0294863,-1.446868675,2.24975906,-0.0175283796,-0.06480832833333333,-0.19161851041666667,0.5093342416666666,4784.565429687674,5707.711425781429,4789.75390624974,5714.55029296878,"1,1,25",0
909,63298000,67.90800000000064,-0.0013258567375,-0.057986347,0.0005022293114125,0.260794940625,1219.7403846153845,1300.7403846153845,1218.5192307692307,1301.7403846153845,0.0,0.0,0.0,0.0,0.0,0.0,0.0,0.0,0.037650514249999996,0.0033289138125,0.14920359375,-2.2589292624999997,0.032321894125,-9.484930125,16.01625,24.895929921568626,101132.78137254903,0.46680565500000004,0.11159134999999999,-0.035976693769230766,0.8765510128846153,54.20844655,23.897657900000002,-15.0302653,-1.463935925,2.23845486,-0.0163724676,-0.067720596,-0.18665151500000002,0.5098528,4793.648852539107,5714.887377929637,4773.424414062335,5720.972265625139,"1,1,25",0
910,63348000,67.95800000000065,-0.00010936622291666653,-0.057869968020833336,9.311699739583332e-05,0.260694438125,1220.2323232323233,1300.7676767676767,1218.0,1302.0,0.0,0.0,0.0,0.0,0.0,0.0,0.0,0.0,0.018908747,0.007989449,0.14913699,-2.3008277,0.07062912,-9.473858,16.0945,24.895926,101131.85,0.463378595625,0.11164607416666666,-0.0357111916875,0.8783717895833334,54.13569454545455,24.009325313131313,-15.031156222222222,-1.4807797212121212,2.225969504040404,-0.015993146474747474,-0.07099091875,-0.1886390025,0.5102709775000001,4778.017810639696,5726.469935826108,4786.71888950916,5704.912155877508,"1,1,25",0
911,63398000,68.00800000000065,-0.00030230449803921576,-0.0574607912745098,0.00015527145509803923,0.26060022274509803,1220.7373737373737,1300.2626262626263,1218.0,1302.0,0.0,0.0,0.0,0.0,0.0,0.0,0.0,0.0,0.032424045,-0.0008655736749999999,0.156793605,-2.247856025,-0.030226626750000003,-9.595362,15.981639423076922,24.895924076923077,101133.17692307691,0.4598906105882353,0.111759556,-0.03551408111764706,0.8801960823529412,54.06235818181818,24.120641474747476,-15.032095111111111,-1.4975277515151515,2.2129779383838386,-0.01594665001010101,-0.07120427060000001,-0.18617446499999998,0.510867906,4783.24926757832,5711.712646484184,4788.688720702914,5712.90747070324,"1,1,25",0
912,63448000,68.05800000000065,-0.0014002238846153848,-0.05741772823076923,0.00025686339615384613,0.26046546153846156,1220.7525773195875,1300.2474226804125,1218.0,1302.0,0.0,0.0,0.0,0.0,0.0,0.0,0.0,0.0,0.051132753,0.0031958637,0.14887072,-2.299631,-0.008379541,-9.544485,16.00746192307692,24.895922153846154,101132.87,0.45635030785714287,0.11206751457142858,-0.034991016285714285,0.8820183071428571,53.987690693069304,24.23060295049505,-15.032483108910892,-1.5140545702970298,2.200054296039604,-0.015265015831683168,-0.074087008,-0.1847831,0.512219976,4784.18603515629,5712.791015624953,4781.455566406152,5709.514648437537,"1,1,25",0
913,63498000,68.10800000000064,-0.0011613919211111113,-0.05782935468888889,0.00034609538133333333,0.2603992093333333,1220.2371134020618,1300.7628865979382,1218.0,1302.0,0.0,0.0,0.0,0.0,0.0,0.0,0.0,0.0,0.043609278,0.010452683,0.15413048000000001,-2.2367829500000003,-0.0445918495,-9.476251750000001,16.034439433962266,24.895922,101132.53101886791,0.4528440071428571,0.11229325999999999,-0.03430608157142857,0.8838227,53.912505544554456,24.340037603960397,-15.032656871287129,-1.5304953623762376,2.1871570683168318,-0.014336383653465347,-0.0742569755,-0.1832486855,0.5111875565,4784.759106445352,5708.400903320274,4771.300561523332,5721.009887695447,"1,1,25",0
914,63548000,68.15800000000065,-0.00045708080363636374,-0.05781742909090909,0.0002809593632727273,0.26058398672727273,1220.0,1300.7403846153845,1218.2596153846155,1302.0,0.0,0.0,0.0,0.0,0.0,0.0,0.0,0.0,0.03189146125,-0.0004661089350000001,0.1531317425,-2.2762877500000003,0.04489145125,-9.52682875,16.057572846153846,24.895920346153847,101132.24915384615,0.4493477117647059,0.11238460823529411,-0.033860367705882355,0.8856108176470588,53.8358673,24.44801965,-15.03190855,-1.54733649,2.173923685,-0.01220691315,-0.0750466683,-0.1811097635,0.511096035,4779.788085937492,5714.905273437524,4786.879394531414,5714.2675781249045,"1,1,25",0
915,63598000,68.20800000000065,-0.00012629851020408151,-0.0573428452244898,0.000165478727277551,0.26080188346938776,1220.0,1300.2596153846155,1218.7403846153845,1302.0,0.0,0.0,0.0,0.0,0.0,0.0,0.0,0.0,0.0285624235,-0.0014645579500000001,0.1494699475,-2.28376915,0.004190019825,-9.562743000000001,16.020915115384614,24.89592,101132.72038461539,0.4458569657142857,0.11253448857142857,-0.033685875000000004,0.8873612142857144,53.7586063,24.55537915,-15.03076505,-1.56434919,2.160546235,-0.00956279765,-0.07770616571428572,-0.17910456,0.5118144857142858,4787.732714843828,5713.4975830077165,4788.587329101289,5711.774780273751,"1,1,25",0
916,63648000,68.25800000000065,-0.0004856401976923078,-0.057532070692307695,0.00014364256449423077,0.2609896544230769,1220.0,1300.23,1218.77,1302.46,0.0,0.0,0.0,0.0,0.0,0.0,0.0,0.0,0.03345606275,0.00572588115,0.14880410624999998,-2.290353575,0.017507766075,-9.540745125,15.99238375,24.89592,101133.0475,0.44237193340909087,0.11270828386363636,-0.033343265795454546,0.8890948295454546,53.6802183,24.66185105,-15.02906855,-1.5808231,2.14728971,-0.008646497749999999,-0.0784537251,-0.1778076875,0.5128397215,4787.174316406269,5724.543945312584,4790.4550781250955,5710.288574218745,"1,1,25",0
917,63698000,68.30800000000065,-0.0007271891712500001,-0.057999879875,0.000105975974375,0.26111456250000004,1220.0,1300.73,1218.27,1303.46,0.0,0.0,0.0,0.0,0.0,0.0,0.0,0.0,0.03762678442857143,0.004603714571428571,0.15069683285714286,-2.2442222142857147,-0.009405625428571426,-9.538157142857143,15.989855673076924,24.89592,101133.08865384615,0.43888330115384616,0.11279726699999999,-0.03289779788461539,0.8908264865384615,53.6013473,24.767942549999997,-15.02713505,-1.5970661,2.13408501,-0.00847069025,-0.08000403652173914,-0.17718570391304347,0.5122391591304348,4789.756835937521,5717.872558593561,4789.206542968592,5719.662597656603,"1,1,25",0
918,63748000,68.35800000000066,-0.0006529768807692303,-0.057643898673076926,0.00015927519115384618,0.26143547634615383,1220.46,1301.23,1218.23,1303.54,0.0,0.0,0.0,0.0,0.0,0.0,0.0,0.0,0.04194489625,0.0057922745,0.14800514625,-2.3255181875,0.0164603076875,-9.6184073125,16.00701048076923,24.89592,101132.87134615384,0.43536695999999997,0.11297233991666666,-0.032366002916666664,0.8925480527083334,53.5213416,24.87345655,-15.0251809,-1.61345897,2.120343585,-0.007929521005,-0.0821702179,-0.1756896085,0.512917385,4799.079272461086,5724.296972656601,4784.552709961273,5727.046289062039,"1,1,25",0
919,63798000,68.40800000000065,0.0002737699437499999,-0.0570100751875,0.0007138443,0.261781984375,1221.46,1301.73,1218.73,1302.54,0.0,0.0,0.0,0.0,0.0,0.0,0.0,0.0,0.02826271,0.00223048625,0.1568935,-2.2791306125,0.0070331348749999995,-9.590873250000001,16.002766923076923,24.89592,101132.9476923077,0.4318503071153846,0.11318838615384615,-0.031928987,0.8942428905769231,53.4408496,24.97872305,-15.0232179,-1.62991607,2.106372135,-0.007231768155,-0.08296101428571429,-0.17480677333333333,0.5132471019047619,4799.866601562765,5730.504711914045,4804.915429687177,5718.88054199228,"1,1,25",0
920,63848000,68.45800000000065,-0.000729098880576923,-0.057152896,0.0007621752363461538,0.2618526401923077,1221.7766990291261,1302.0,1219.2233009708739,1302.2233009708739,0.0,0.0,0.0,0.0,0.0,0.0,0.0,0.0,0.045540202,0.013315779,0.14887068,-2.1966805,0.047884203,-9.5732155,16.035090788461538,24.89592,101132.56711538462,0.4283167760416667,0.11334551427083334,-0.03147411179166667,0.8959373429166667,53.35896813043478,25.083208913043478,-15.021790826086956,-1.6475604217391304,2.0930965869565217,-0.008113408034782608,-0.08479470239130435,-0.1720130356521739,0.5121544808695653,4805.1920805431,5726.1461356026075,4782.550851004322,5732.595098586337,"1,1,25",0
921,63898000,68.50800000000065,-0.00021463861764705884,-0.05710361794117647,0.0004204599382352941,0.26186913529411765,1221.2912621359224,1302.0,1219.7087378640776,1302.7087378640776,0.0,0.0,0.0,0.0,0.0,0.0,0.0,0.0,0.0248338875,0.0025300168,0.15160048,-2.26551335,0.02663566475,-9.598954625,16.061636,24.895918884615387,101132.25450000001,0.42482117588235296,0.11339420176470588,-0.03103733723529412,0.8976089064705882,53.276491173913044,25.187360217391305,-15.02059343478261,-1.6657135956521738,2.080119282608696,-0.009671930513043478,-0.0855562925,-0.1702014325,0.514014975,4805.0221782482895,5724.92868523861,4801.839689555696,5719.328304893106,"1,1,25",0
922,63948000,68.55800000000066,0.00016351986153846155,-0.05771049769230769,0.0001719252,0.26204136538461537,1221.2061855670104,1302.0,1220.2061855670104,1303.0,0.0,0.0,0.0,0.0,0.0,0.0,0.0,0.0,0.028828579875,0.019840497625,0.14617429875,-2.2976856875,0.040252685625,-9.492711,16.037257596153847,24.89591696153846,101132.55365384616,0.42134620461538463,0.11333779576923077,-0.030738929769230768,0.8992627107692308,53.19337017647059,25.290911,-15.019703470588235,-1.6828055470588235,2.0667056294117647,-0.011029028705882352,-0.08713130275,-0.1700558,0.5143148399999999,4803.977465820326,5736.45488281281,4785.780517577951,5732.788525390627,"1,1,25",0
923,63998000,68.60800000000066,0.00069959052,-0.0572183364,0.000174133084,0.26227245,1221.721649484536,1302.0,1220.721649484536,1303.0,0.0,0.0,0.0,0.0,0.0,0.0,0.0,0.0,0.02876190825,0.01085246825,0.14960311,-2.30860935,-0.0457889405,-9.63696225,16.014685,24.89591503846154,101132.80557692307,0.4178597056603774,0.11327052141509435,-0.03033054337735849,0.9009103056603773,53.10928311764706,25.393561,-15.019274647058824,-1.6983056647058823,2.052637452941177,-0.012083990470588236,-0.08880721,-0.1678482925,0.514341025,4802.596142578155,5740.715893554412,4805.963793945252,5720.438818359637,"1,1,25",0
924,64048000,68.65800000000065,-0.0005067480788461539,-0.057121241615384614,0.0003128058021153846,0.2621909980769231,1222.0,1302.0,1220.7676767676767,1302.7676767676767,0.0,0.0,0.0,0.0,0.0,0.0,0.0,0.0,0.05752423,0.014114974,0.14807177,-2.2505496,0.01915378,-9.615114,16.012608365384615,24.895913115384616,101132.81653846154,0.4142936,0.11341601977272728,-0.02970627459090909,0.9025588727272728,53.02387555,25.49523625,-15.01908055,-1.7151892149999999,2.039019465,-0.013484296875000001,-0.09108792208695651,-0.16713935,0.5143440095652174,4815.046619233814,5729.350120907677,4785.8993908106495,5737.26409040191,"1,1,25",0
925,64098000,68.70800000000065,-0.0006693754,-0.056985051914893614,0.0005983376534042553,0.2620578285106383,1222.0,1302.0,1220.2626262626263,1302.2626262626263,0.0,0.0,0.0,0.0,0.0,0.0,0.0,0.0,0.03437697541666667,0.010541549875,0.15368663666666668,-2.219425,0.016859340416666663,-9.637461583333334,16.006123529411763,24.895910352941176,101132.88911764706,0.41071874705882355,0.11358345117647059,-0.02895544211764706,0.90419394,52.93790205,25.59649375,-15.01898705,-1.7326656649999999,2.025594415,-0.015032608125000001,-0.0919095215,-0.1644853845,0.5145142100000001,4807.294555664112,5733.94624023423,4798.643823242077,5722.7761474610725,"1,1,25",0
926,64148000,68.75800000000066,-0.0005290083773584905,-0.05697578641509434,0.000591416589245283,0.2619378803773585,1221.7623762376238,1302.0,1220.2376237623762,1302.0,0.0,0.0,0.0,0.0,0.0,0.0,0.0,0.0,0.037417481249999995,0.00845542775,0.151067835,-2.230498275,-0.0005983845500000008,-9.5142595,16.02363245283019,24.895906867924527,101132.67896226415,0.4071539142857143,0.11362482224489796,-0.028400829020408164,0.9058172542857142,52.8504127,25.6969767,-15.018582050000001,-1.749726945,2.012170135,-0.015562798775000001,-0.09674579750000001,-0.1623157395,0.5159516,4811.824536132892,5725.4827148436825,4789.560693359301,5732.517236328144,"1,1,25",0
927,64198000,68.80800000000066,0.000473619334125,-0.057033595,0.00030992766875,0.26194411625,1221.2673267326732,1302.0,1220.7326732673268,1302.0,0.0,0.0,0.0,0.0,0.0,0.0,0.0,0.0,0.02350228575,0.01111870425,0.1591904975,-2.2541413,-0.035912856,-9.54867425,16.049356442307694,24.895903038461537,101132.38711538463,0.4035760565384615,0.11358233703846153,-0.027993331615384615,0.90743471,52.7622737,25.797127699999997,-15.01804355,-1.766610295,1.998746185,-0.015656652025000002,-0.09445577,-0.16035569700000002,0.515010255,4800.672094726578,5730.030712890785,4804.456103515451,5723.886425781218,"1,1,25",0
928,64248000,68.85800000000066,-0.0008487257940000001,-0.057754113653846154,0.0004273795567307692,0.26202301134615386,1221.0,1302.2323232323233,1221.0,1301.7676767676767,0.0,0.0,0.0,0.0,0.0,0.0,0.0,0.0,0.0286290695,0.016012278499999998,0.1548628125,-2.2316952625,0.040701599375,-9.506029750000001,16.017303365384613,24.895897846153847,101132.765,0.39998771833333335,0.11346977020833333,-0.027665427770833334,0.9090465760416666,52.67281433009709,25.896175330097087,-15.01750345631068,-1.7825183679611651,1.98394613592233,-0.015466398485436895,-0.0969612458,-0.15913179,0.5163510215,4802.794140625044,5730.684448242178,4793.008129882679,5735.161328125148,"1,1,25",0
929,64298000,68.90800000000065,-0.0007495339276595745,-0.05783168302127659,0.0006651992191489362,0.26218788276595745,1221.0,1302.7373737373737,1221.0,1301.2626262626263,0.0,0.0,0.0,0.0,0.0,0.0,0.0,0.0,0.02143841925,0.00978685275,0.1504020525,-2.2427688750000003,-0.02124837725,-9.518748,16.00538705882353,24.895893725490197,101132.90309803921,0.3964242635294118,0.11336940235294117,-0.027357110352941177,0.9106278882352942,52.582789087378636,25.99475008737864,-15.016962679611652,-1.7980084650485437,1.9685563300970874,-0.015154384893203884,-0.09927313130434783,-0.1592525591304348,0.5163809565217392,4803.001284950626,5742.064864309425,4802.946468955734,5723.601331208943,"1,1,25",0
930,64348000,68.95800000000067,-0.000544488516981132,-0.05757938713207547,0.000436724200754717,0.26223492622641514,1221.0,1303.0,1221.0,1301.0,0.0,0.0,0.0,0.0,0.0,0.0,0.0,0.0,0.033555664,0.0039945883,0.15233289,-2.261324,0.002394368,-9.542091,16.010875849056607,24.895888188679248,101132.85611320756,0.39284266448979593,0.11344656857142857,-0.027051749836734695,0.9121782591836735,52.4920184,26.09209012,-15.01648448,-1.813485412,1.95363328,-0.016119397599999998,-0.100969008,-0.158300914,0.5171051400000001,4812.062360491273,5732.789667038529,4798.462402343534,5728.811314174109,"1,1,25",0
931,64398000,69.00800000000066,-0.0006487976936170212,-0.05738260623404255,0.0004153741472340426,0.262122565106383,1221.0,1303.0,1221.0,1301.0,0.0,0.0,0.0,0.0,0.0,0.0,0.0,0.0,0.0320244965,0.001398177525,0.153198355,-2.2134395,-0.021547649500000002,-9.628281999999999,15.985882980769231,24.895880961538463,101133.1235,0.38921086,0.1136611111764706,-0.026687648411764707,0.913717765882353,52.4008284,26.188735620000003,-15.01604148,-1.828954962,1.93897278,-0.0178027376,-0.10021794510000001,-0.15265359750000002,0.5168404125,4809.078022203854,5728.61531147215,4802.000848067653,5725.1693050984295,"1,1,25",0
932,64448000,69.05800000000066,-0.00016743737358490573,-0.057066292094339624,0.0006206099267924528,0.26209689433962263,1220.7623762376238,1303.0,1221.2376237623762,1301.0,0.0,0.0,0.0,0.0,0.0,0.0,0.0,0.0,0.030826175249999997,0.00958738475,0.16118784,-2.243666375,0.03561391825,-9.650428875,16.00655903846154,24.895874923076924,101132.91317307691,0.3855733033962264,0.1137617024528302,-0.026395268622641507,0.91525446,52.308899816513765,26.284145981651378,-15.015640678899082,-1.8443790311926607,1.9244595651376146,-0.019403169064220183,-0.10347271565217392,-0.15390896956521738,0.5158819473913043,4802.810546875213,5728.224121093667,4800.720703124793,5735.367187499994,"1,1,25",0
933,64498000,69.10800000000066,-0.00010735499999999995,-0.05710933675,0.00022907391999999998,0.26203193812500003,1220.2673267326732,1303.0,1221.7326732673268,1301.0,0.0,0.0,0.0,0.0,0.0,0.0,0.0,0.0,0.02759704875,0.0052263281375,0.1555619225,-2.2246623125,-0.004638598124999997,-9.6303786875,16.017446666666668,24.895867215686273,101132.76970588235,0.38191412227272725,0.11378439154545456,-0.02609749084090909,0.9167938863636363,52.21655577981652,26.378861577981652,-15.015263614678899,-1.8597775174311928,1.9100291981651376,-0.02095696447706422,-0.1026427839,-0.1524631615,0.5175666329999999,4805.636962890484,5729.544921875081,4803.410156250303,5722.597167968476,"1,1,25",0
934,64548000,69.15800000000067,0.00015122752156862757,-0.057516210803921566,0.00011362660745098037,0.2620387054901961,1220.2277227722773,1302.7722772277227,1222.0,1301.2277227722773,0.0,0.0,0.0,0.0,0.0,0.0,0.0,0.0,0.032490257,0.014913687,0.15313186,-2.2625206,0.011971174,-9.458294,16.04639754716981,24.895859320754717,101132.40386792453,0.3782816764285714,0.113759625,-0.025775826035714284,0.9183096749999999,52.123771477272726,26.47274931818182,-15.015321102272727,-1.8744587863636364,1.8954577329545454,-0.021673336704545455,-0.104591382,-0.148663024,0.51623117,4800.551269531432,5734.037109374893,4800.487304687139,5725.298828125252,"1,1,25",0
935,64598000,69.20800000000067,-0.0008647157496,-0.0576548458,0.0001160339376,0.262073954,1220.7227722772277,1302.2772277227723,1222.0,1301.7227722772277,0.0,0.0,0.0,0.0,0.0,0.0,0.0,0.0,0.03332286575,0.005159772375,0.15086809125,-2.2195748875000003,-0.013766494874999998,-9.591023125,16.088425098039217,24.8958508627451,101131.91686274509,0.3746244315555556,0.11376557722222222,-0.02535402028888889,0.9198196086666667,52.03047034090909,26.565665227272728,-15.01588871590909,-1.8882981045454545,1.8807206306818183,-0.021406646931818183,-0.107717467,-0.1488404075,0.5166188375,4807.445996093587,5727.711425781068,4794.151391602104,5734.4180175781385,"1,1,25",0
936,64648000,69.25800000000066,4.233033019607847e-05,-0.05713882503921569,-0.0006658787898039217,0.2619596758823529,1220.7755102040817,1302.0,1222.0,1301.3265306122448,0.0,0.0,0.0,0.0,0.0,0.0,0.0,0.0,0.027297401,-0.0042610201,0.154330195,-2.24875415,-0.00059838134683,-9.685744,16.01938,24.895844,101132.76,0.3709592074509804,0.11389701888235294,-0.02508141719607843,0.92129461,51.93588349514563,26.657643349514565,-15.017320699029126,-1.9025838611650485,1.8662523252427186,-0.023229151990291262,-0.1082000864,-0.14608287,0.515907194,4807.315499442009,5718.707124255683,4808.336704799171,5729.304268973317,"1,1,25",0
937,64698000,69.30800000000066,0.0009552799468085106,-0.05699694410638298,-0.0006517723587234043,0.26153134042553194,1220.265306122449,1302.0,1222.0,1299.795918367347,0.0,0.0,0.0,0.0,0.0,0.0,0.0,0.0,0.01890835175,0.014114752250000001,0.1547296725,-2.249951525,0.021547988749999997,-9.542092499999999,16.037096981132077,24.89583456603774,101132.52981132075,0.3673118294117647,0.11391004117647059,-0.024964504058823528,0.9227564411764706,51.84074563106796,26.749219563106795,-15.019123126213591,-1.9170609485436894,1.851899218446602,-0.025947026262135922,-0.10971261791304347,-0.14655051869565217,0.5170238917391304,4790.975830077851,5723.734375000433,4804.082031250283,5722.577880858559,"1,1,25",0
938,64748000,69.35800000000067,0.0009598656000000001,-0.05724416761538462,0.0003770649676923078,0.26136459692307695,1220.0,1301.7623762376238,1221.7623762376238,1299.4752475247524,0.0,0.0,0.0,0.0,0.0,0.0,0.0,0.0,0.03249074,0.0087886555,0.15712646,-2.2601264,0.016759576,-9.421184,16.016942211538463,24.895824961538462,101132.79076923078,0.36367048333333335,0.11379294250000001,-0.02468393575,0.9242197375,51.74471191752578,26.83974312371134,-15.021268742268042,-1.9306051701030928,1.837458994845361,-0.025664080051546394,-0.1097482780952381,-0.14276571904761906,0.5169590276190476,4790.370117187692,5726.97949218749,4801.690429687076,5711.754882812839,"1,1,25",0
939,64798000,69.40800000000067,-0.00021085153673469387,-0.05754880081632653,0.00028616494024489794,0.2613418848979592,1220.0,1301.2673267326732,1221.2673267326732,1300.4653465346535,0.0,0.0,0.0,0.0,0.0,0.0,0.0,0.0,0.056225860249999995,0.014414184625,0.15153395,-2.2384292125,-0.033668296375000004,-9.512914,15.990307115384615,24.89581621153846,101133.10557692307,0.3599709403773585,0.11381821452830189,-0.023959031773584903,0.9256822915094339,51.648174288659796,26.92967456701031,-15.023607402061856,-1.9436246546391753,1.8229697680412371,-0.02369317231958763,-0.112671803,-0.141258796,0.51659204,4801.159448241948,5720.347363281336,4784.559814453362,5731.139892577904,"1,1,25",0
940,64848000,69.45800000000067,7.649914423076931e-05,-0.05686240240384615,0.00013781363565384616,0.26099483634615384,1219.5353535353536,1301.0,1221.0,1300.7676767676767,0.0,0.0,0.0,0.0,0.0,0.0,0.0,0.0,0.04151590688888889,0.0013908141,0.1559428422222222,-2.2778168222222224,-0.004256193555555558,-9.655948333333333,16.03698625,24.89580673076923,101132.53807692308,0.35622826395833335,0.113982609375,-0.023156156416666667,0.9271298208333333,51.55060027272727,27.018770515151516,-15.025608595959596,-1.9576178535353537,1.8075895505050505,-0.023189611767676768,-0.11360053380952381,-0.1408336304761905,0.5166119738095238,4793.880208333488,5717.589285714097,4791.424316406213,5717.119838169533,"1,1,25",0
941,64898000,69.50800000000066,0.0002977242148936171,-0.05681097693617021,-1.5057000000000015e-05,0.260697634893617,1218.5252525252524,1301.0,1221.0,1300.2626262626263,0.0,0.0,0.0,0.0,0.0,0.0,0.0,0.0,0.041412007,0.0025302564499999998,0.15779232999999998,-2.25653505,1.6299999999747072e-07,-9.4277695,16.043774784313726,24.895797764705883,101132.43411764706,0.35249115181818186,0.11415068672727273,-0.02261317123636364,0.9285491825454545,51.45258209090909,27.107508393939394,-15.027465161616162,-1.9720283585858587,1.7918274797979796,-0.023314914292929294,-0.11552146217391304,-0.13737031826086957,0.5179948991304347,4795.6813964841085,5706.8315429686745,4786.973632812639,5715.79370117188,"1,1,25",0
942,64948000,69.55800000000067,0.0008182124861538459,-0.057461158,-7.096663846153852e-05,0.2607663323076923,1218.4752475247524,1301.0,1220.7623762376238,1299.7623762376238,0.0,0.0,0.0,0.0,0.0,0.0,0.0,0.0,0.031158648,0.018109586,0.15313184,-2.2361844,-0.04908097,-9.421184,16.053689384615385,24.89578830769231,101132.31692307693,0.34873914272727274,0.11417458454545455,-0.02217119181818182,0.9299734763636364,51.354095455445545,27.19528014851485,-15.028753475247525,-1.9854470742574257,1.7759893396039603,-0.0219234049009901,-0.11775606,-0.13508977,0.51629245,4781.435058593855,5716.787109375153,4789.749023437326,5715.060058593857,"1,1,25",0
943,64998000,69.60800000000067,0.00022072672020408162,-0.057595155081632654,0.00050905874,0.2608413716326531,1219.4653465346535,1301.0,1220.2673267326732,1299.2673267326732,0.0,0.0,0.0,0.0,0.0,0.0,0.0,0.0,0.043342850375,0.013515729375,0.14823823625,-2.267010125,-0.040252351875,-9.571420374999999,16.013179056603775,24.895780981132077,101132.8076981132,0.34506386641509434,0.11410463962264152,-0.02173828328301887,0.9313615803773585,51.255426643564356,27.282676188118813,-15.029820801980199,-1.998480094059406,1.7601216168316831,-0.019942024207920794,-0.116653617,-0.134306185,0.5193834475,4794.990893554754,5719.32045898432,4776.415649414058,5720.927636718477,"1,1,25",0
944,65048000,69.65800000000067,0.0003639892505882354,-0.0572638752745098,5.661008078431377e-05,0.2607133423529412,1220.0,1301.23,1220.23,1298.77,0.0,0.0,0.0,0.0,0.0,0.0,0.0,0.0,0.025932476875,-0.0029627851875,0.15449665,-2.2008701,-0.042048004374999996,-9.532067125,16.031347647058823,24.89577350980392,101132.57952941177,0.34141830345454544,0.11417632745454545,-0.021354602218181817,0.9327041581818182,51.1562334,27.3688696,-15.03059215,-2.01105103,1.744485015,-0.0179312377,-0.1178912963,-0.1324507405,0.5182679085,4789.943359374912,5711.519531249864,4789.780761718728,5708.212402344029,"1,1,25",0
945,65098000,69.70800000000067,0.0007709909391836736,-0.05702878124489796,-4.120556081632648e-05,0.26080469673469386,1220.0,1301.73,1220.73,1298.27,0.0,0.0,0.0,0.0,0.0,0.0,0.0,0.0,0.030226836,0.0009320810699999999,0.1531317775,-2.1966801,-0.001795483875,-9.556756,16.038513698113206,24.895765867924528,101132.50830188679,0.3377219095555556,0.11432245622222222,-0.021122819155555556,0.9340371546666667,51.0568154,27.454547599999998,-15.03123665,-2.02342393,1.728947465,-0.0159078487,-0.11950257642857143,-0.1297423857142857,0.5179631114285714,4788.307885742221,5710.971923828078,4785.879858398544,5725.34277343759,"1,1,25",0
946,65148000,69.75800000000068,0.001305963747392857,-0.056654375964285714,0.00039778908392857146,0.26078401714285715,1220.23,1301.54,1220.08,1299.15,0.0,0.0,0.0,0.0,0.0,0.0,0.0,0.0,0.0277635385,-0.00226356095,0.1514007075,-2.2113446750000003,0.049081308750000004,-9.4942075,16.041861423076924,24.895758826923075,101132.48103846154,0.3340307859090909,0.114470665,-0.020899336909090908,0.9353502829545455,50.956280549999995,27.53887145,-15.03147095,-2.03584296,1.71228274,-0.01500795095,-0.1209883425,-0.1284844925,0.519623825,4786.278173828118,5718.770996093772,4796.281494140545,5698.172363281107,"1,1,25",0
947,65198000,69.80800000000067,-0.0012640158535000001,-0.057791123113636364,0.00015631487272727273,0.2608562725,1220.73,1300.54,1218.08,1301.65,0.0,0.0,0.0,0.0,0.0,0.0,0.0,0.0,0.045140667999999995,0.008988179249999999,0.15186676999999998,-2.27000285,-0.03262083725,-9.4496145,16.03707653846154,24.89575153846154,101132.50992307693,0.33033467096153846,0.11459613615384616,-0.020430442153846155,0.936656314423077,50.855267049999995,27.62261495,-15.03152945,-2.04828176,1.69513494,-0.01458954945,-0.1220560575,-0.1266703925,0.5182717075000001,4795.88261718775,5716.947973632807,4776.735156249698,5718.369189453395,"1,1,25",0
948,65248000,69.85800000000067,-0.0015475447682692307,-0.05800812153846154,0.00020490329615384612,0.26091452596153847,1221.0,1300.0,1217.46,1303.0,0.0,0.0,0.0,0.0,0.0,0.0,0.0,0.0,0.03657420888888889,0.005030291055555555,0.15079407777777779,-2.241638077777778,0.011705154222222229,-9.47611788888889,16.023894423076925,24.895744884615386,101132.65557692308,0.32664048874999996,0.11469529214285715,-0.01982965125,0.9379516241071428,50.75362145,27.7055174,-15.031769950000001,-2.06017365,1.678629705,-0.01325883165,-0.12245463428571428,-0.12610814,0.5196552714285714,4793.412644159064,5720.784807477835,4783.672340030135,5708.061616443006,"1,1,25",0
949,65298000,69.90800000000067,-0.0006483322968749998,-0.057410484625,9.10180875e-05,0.26106189125,1221.0,1300.0,1218.46,1303.0,0.0,0.0,0.0,0.0,0.0,0.0,0.0,0.0,0.03668510075,-0.00139804619,0.151067835,-2.22600945,0.035314647,-9.44033775,16.01712278846154,24.895739596153845,101132.76807692308,0.32292731354166665,0.11481849370833333,-0.019387893354166668,0.939231304375,50.65170495,27.7880594,-15.03208845,-2.07183115,1.662399855,-0.01153712115,-0.1234000827,-0.125794984,0.518553995,4792.605004882957,5717.5666259765385,4787.7604003904735,5715.478613281557,"1,1,25",0
950,65348000,69.95800000000068,-0.0010779918542307694,-0.05704065669230769,-2.12094425e-05,0.26133913384615387,1221.23,1300.23,1219.0,1302.77,0.0,0.0,0.0,0.0,0.0,0.0,0.0,0.0,0.031591862625,0.001497827775,0.1537309675,-2.1998224875,0.031573700625,-9.43225775,16.03752798076923,24.895734346153848,101132.5325,0.3191589858333333,0.114987203875,-0.018972476874999998,0.9405063139583334,50.5487955,27.86952305,-15.03272475,-2.0839454,1.64652179,-0.00956560879,-0.1248978885,-0.1214432525,0.51974201,4791.718090820245,5723.19934082058,4801.714697266031,5712.860058593383,"1,1,25",0
951,65398000,70.00800000000068,-0.0005706714224999999,-0.05678488775,0.00033758783687500005,0.261530033125,1221.73,1300.73,1219.0,1302.27,0.0,0.0,0.0,0.0,0.0,0.0,0.0,0.0,0.047803833500000004,0.0005993761450000001,0.1523327875,-2.22361485,0.0053871209750000005,-9.54927375,16.056849307692307,24.895728576923077,101132.275,0.31541921096153847,0.11518023934615385,-0.018484232673076924,0.9417528615384616,50.445460499999996,27.95052455,-15.03349725,-2.0962554,1.63079449,-0.00748703849,-0.1243608425,-0.11913969370000001,0.51818285,4804.581640625173,5719.138769531179,4795.311743163866,5722.316796875264,"1,1,25",0
952,65448000,70.05800000000067,-0.0010336595401960783,-0.05756493039215686,0.00022911536211764707,0.2615526223529412,1221.77,1301.0,1219.0,1302.0,0.0,0.0,0.0,0.0,0.0,0.0,0.0,0.0,0.04057985025,0.0032625696875,0.1548295675,-2.3048684374999997,0.0285809505,-9.46398025,16.060345921568626,24.8957231372549,101132.23776470587,0.3116745803636364,0.11531540374545454,-0.017908381127272728,0.9429933072727272,50.34128305,28.0301194,-15.0344983,-2.108557315,1.613376935,-0.00738349866,-0.1253556525,-0.117968417,0.5200243234999999,4801.153076171558,5716.9298095703025,4797.11894531295,5724.829370117006,"1,1,25",0
953,65498000,70.10800000000067,-0.0007707340683673471,-0.057459203795918366,0.00011918333983673471,0.26142447142857145,1221.27,1301.0,1219.0,1302.0,0.0,0.0,0.0,0.0,0.0,0.0,0.0,0.0,0.0247674005,0.0110522255,0.15140073999999998,-2.2966381,0.0329204435,-9.6187065,16.0850220754717,24.895717283018868,101131.96188679246,0.3079398266666667,0.11534718422222222,-0.017524114533333333,0.9442237444444445,50.23674455,28.1091114,-15.0355973,-2.120855765,1.595234985,-0.00812640046,-0.127433625,-0.1147430865,0.5206711430000001,4798.401971726296,5720.16424851178,4791.547293526632,5728.721772693523,"1,1,25",0
954,65548000,70.15800000000068,0.00010841542115384612,-0.05693861311538462,-2.3276756153846106e-05,0.26107005384615384,1221.0,1301.2323232323233,1218.5353535353536,1302.0,0.0,0.0,0.0,0.0,0.0,0.0,0.0,0.0,0.011717978,0.0014646395,0.15219965000000002,-2.2834699,-0.061650527499999996,-9.578005000000001,16.070689642857143,24.895710392857143,101132.11526785714,0.30426243645833334,0.11533817908333333,-0.017423245604166665,0.9454177520833333,50.13146673786408,28.186775941747573,-15.036957291262135,-2.1322013970873788,1.5783534485436894,-0.00873817740776699,-0.12837361476190476,-0.11384740923809525,0.5193526133333333,4788.283877417717,5725.635997954098,4801.905529204427,5703.174711680733,"1,1,25",0
955,65598000,70.20800000000068,0.0002278268638297872,-0.05723335693617022,0.0001788624063829787,0.2608252538297873,1221.0,1301.7373737373737,1217.5252525252524,1302.0,0.0,0.0,0.0,0.0,0.0,0.0,0.0,0.0,0.0410125425,0.0031960646250000003,0.15160049250000002,-2.255338,-0.0161606980311975,-9.48493025,16.04782617647059,24.895704941176472,101132.39117647058,0.30057779470588236,0.1153863705882353,-0.017220486764705882,0.9465931588235293,50.0258720776699,28.263871572815535,-15.03842913592233,-2.143138678640777,1.5620120893203884,-0.009293757990291262,-0.13050417450000001,-0.11425395299999999,0.520961295,4791.359040913155,5720.359272204166,4792.261436060297,5703.864155016768,"1,1,25",0
956,65648000,70.25800000000068,-0.0008890236792452829,-0.05741366769811321,0.0005081403158490566,0.26084176320754715,1220.7623762376238,1301.5247524752476,1217.7128712871288,1302.0,0.0,0.0,0.0,0.0,0.0,0.0,0.0,0.0,0.05444696833333333,0.010859744111111111,0.1535164111111111,-2.270900466666667,0.04136665377777778,-9.508706777777778,16.01946858490566,24.89569924528302,101132.73792452831,0.2968365646938776,0.1154907412244898,-0.016505943163265306,0.9477729775510204,49.91946839175258,28.339912350515466,-15.040666546391753,-2.154180330927835,1.5449473113402061,-0.008821605020618557,-0.13083854666666667,-0.11200404471428571,0.5208943714285714,4796.101167224614,5717.591331845232,4774.5173456102775,5723.668364025151,"1,1,25",0
957,65698000,70.30800000000067,-0.00012307877375,-0.056788606625,-0.000452516050625,0.26079779000000003,1220.2673267326732,1300.5346534653465,1219.1980198019803,1302.0,0.0,0.0,0.0,0.0,0.0,0.0,0.0,0.0,0.04203987057142857,0.003538291485714286,0.15792546857142856,-2.2876597142857147,0.02531029957142857,-9.574241642857142,16.098768181818183,24.895694454545456,101131.77636363637,0.2930145594230769,0.11564725511538462,-0.015825725384615387,0.9489539153846154,49.81260962886598,28.415359773195878,-15.043334587628866,-2.1652806917525775,1.5274756103092784,-0.007771351927835052,-0.1309620875,-0.108659878,0.5205630050000001,4791.857840401815,5712.359886532597,4788.092215401699,5715.302246093864,"1,1,25",0
958,65748000,70.35800000000069,0.0003885424046153847,-0.057341869903846154,-0.0006405681742307692,0.26058626461538464,1220.0,1300.2233009708739,1219.5533980582525,1301.7766990291261,0.0,0.0,0.0,0.0,0.0,0.0,0.0,0.0,0.02849565,0.0061248387,0.15100129,-2.2601264,0.0035914686,-9.526528,16.0945,24.895689,101131.84,0.28921087865384615,0.11573880832692307,-0.015461419413461538,0.9501151615384615,49.70450719417476,28.490080796116505,-15.0458136407767,-2.1764175669902914,1.5107565126213591,-0.0067149590097087385,-0.13264358260869566,-0.10600044,0.5226255086956522,4789.926060267726,5712.819010416964,4786.622047060971,5710.6558779757515,"1,1,25",0
959,65798000,70.40800000000068,0.0006726955529411766,-0.057736671117647055,-4.985206470588233e-06,0.2603047917647059,1220.0,1300.7087378640776,1218.5825242718447,1301.2912621359224,0.0,0.0,0.0,0.0,0.0,0.0,0.0,0.0,0.026764805750000002,0.00026624579999999997,0.1533315125,-2.26671085,-0.0227447515,-9.46158725,16.032490566037737,24.895685226415093,101132.58528301887,0.28545809333333333,0.11571410666666666,-0.015160332333333333,0.9512573833333333,49.59587175728155,28.56449050485437,-15.048211699029126,-2.1875700912621356,1.494359959223301,-0.005655934737864078,-0.134315565,-0.103968165,0.521261025,4778.851947985227,5713.100611636626,4787.683285361624,5704.464432565942,"1,1,25",0
960,65848000,70.45800000000068,-0.0007702202448979592,-0.05765494965306123,0.00044939135367346936,0.26002484122448977,1219.7938144329896,1300.7938144329896,1217.7938144329896,1300.5876288659795,0.0,0.0,0.0,0.0,0.0,0.0,0.0,0.0,0.04653884925,0.0021972149,0.14853781,-2.231994775,0.020051606050000004,-9.625887250000002,16.016039326923078,24.895681384615383,101132.81076923077,0.2816992515555556,0.11572852111111111,-0.014624031822222222,0.9523841944444444,49.486305333333334,28.637732,-15.049997,-2.1995165,1.4773091333333332,-0.005823163466666666,-0.13372500499999998,-0.0999896475,0.5233703275,4793.14848632841,5706.151635741891,4767.750170898233,5717.861914062544,"1,1,25",0
961,65898000,70.50800000000068,-0.00051485444125,-0.0573244171875,0.0005299843425,0.25945052375,1219.278350515464,1300.278350515464,1217.278350515464,1299.5567010309278,0.0,0.0,0.0,0.0,0.0,0.0,0.0,0.0,0.030169829999999998,0.006733964828571429,0.15160998857142857,-2.2873176714285712,0.02274508257142857,-9.49967957142857,16.00639970588235,24.895678352941175,101132.90411764706,0.27795908711538464,0.11576375778846154,-0.014050565894230769,0.9534864230769231,49.37621522916667,28.710316375,-15.051437625,-2.21190946875,1.4598902791666666,-0.0066801595083333335,-0.13645449434782608,-0.09889325869565217,0.5225450078260869,4779.731491815455,5698.639625186071,4771.423828124747,5696.854492187561,"1,1,25",0
962,65948000,70.55800000000069,0.00032835519230769235,-0.057608797596153845,0.0005139889510576923,0.25938548615384616,1218.77,1300.23,1217.46,1299.0,0.0,0.0,0.0,0.0,0.0,0.0,0.0,0.0,0.02532941588888889,0.018938054222222223,0.1531909811111111,-2.305350077777778,0.029395639777777774,-9.497664888888888,16.013090471698114,24.895676339622643,101132.81105660376,0.27424786395833334,0.11566588166666666,-0.0137251146875,0.9545772979166667,49.265165384615386,28.781321076923078,-15.051981884615385,-2.222905126923077,1.4422799038461538,-0.004872114780769231,-0.13757035291666667,-0.09784000583333334,0.5215647770833333,4775.835635230539,5701.262207031224,4759.226795014735,5713.9418015257115,"1,1,25",0
963,65998000,70.60800000000069,0.0017762799,-0.05741770375,0.0002011631303125,0.259457028125,1218.27,1300.73,1218.46,1299.0,0.0,0.0,0.0,0.0,0.0,0.0,0.0,0.0,0.0079895515,0.005392620775000001,0.160056015,-2.196979475,0.03711029175,-9.4035285,16.070212403846153,24.895674423076922,101132.11192307691,0.270493735,0.1154853823076923,-0.013603306576923076,0.9556711719230769,49.15374230769231,28.85171146153846,-15.052177557692309,-2.2333573865384615,1.424595048076923,-0.0020276653096153842,-0.1369446304347826,-0.09782348165217392,0.5204847826086957,4761.744262695305,5710.94331054709,4779.122558593931,5691.339233398239,"1,1,25",0
964,66048000,70.65800000000068,0.0010355554258823529,-0.05741532333333333,0.00042607835647058827,0.2596947088235294,1218.2323232323233,1300.7676767676767,1218.7676767676767,1299.2323232323233,0.0,0.0,0.0,0.0,0.0,0.0,0.0,0.0,0.040879333375,0.0094542935625,0.15832498,-2.262521,-0.015711779999999998,-9.591621,16.0498975,24.895674,101132.395,0.2667374958181818,0.1154809169090909,-0.013405429872727272,0.9567294116363636,49.0421,28.921167999999998,-15.051463333333334,-2.2423144666666666,1.4072156,0.00031825683333333316,-0.139086631,-0.0937291965,0.522413865,4771.644677734559,5706.931054687331,4771.13811035128,5709.734106445863,"1,1,25",0
965,66098000,70.70800000000068,-0.0001974522258333333,-0.057457566,0.0004077275316666666,0.2598667575,1218.7373737373737,1300.2626262626263,1218.2626262626263,1299.7373737373737,0.0,0.0,0.0,0.0,0.0,0.0,0.0,0.0,0.04074664,-0.0011985694000000002,0.159123825,-2.28347,0.0544682555,-9.3948485,16.034753098039214,24.895675450980395,101132.55725490196,0.2629147386363636,0.11567147227272727,-0.012762210227272728,0.9577736490909091,48.930334375,28.99009925,-15.050237291666667,-2.2504305083333334,1.39000794375,0.0023837573541666667,-0.138433586,-0.0925199264,0.52117594,4777.614257812618,5704.2180175781,4775.63696289072,5704.229003906284,"1,1,25",0
966,66148000,70.75800000000069,-0.001210622306153846,-0.05784372569230769,-4.013741538461536e-05,0.2603181315384615,1219.0,1300.4948453608247,1218.7422680412371,1300.2474226804125,0.0,0.0,0.0,0.0,0.0,0.0,0.0,0.0,0.0440754405,-0.0011983402749999998,0.148737535,-2.2643164000000002,-0.049080975,-9.458891999999999,16.069218923076924,24.895677384615386,101132.11692307692,0.2590716791666666,0.11590513458333333,-0.0121406475,0.9587997316666667,48.81812198019802,29.05830403960396,-15.04842405940594,-2.2591472495049505,1.373377700990099,0.006049562826732673,-0.139801268,-0.08941337799999999,0.52020808,4790.525390625013,5704.02294921885,4769.336425781321,5714.974121093975,"1,1,25",0
967,66198000,70.80800000000069,-7.792810222222212e-05,-0.057731661733333335,-0.0003306067002222222,0.2609737713333333,1219.0,1301.5257731958764,1220.2886597938145,1300.7628865979382,0.0,0.0,0.0,0.0,0.0,0.0,0.0,0.0,0.02237063975,0.002063815375,0.1470730575,-2.2415713250000002,0.013467549749999998,-9.40681875,16.05800237735849,24.89567928301887,101132.24716981132,0.2552764058490566,0.11606167613207548,-0.011722239773584905,0.9598032056603774,48.70573584158416,29.126226316831684,-15.046382475247524,-2.268097596039604,1.356972007920792,0.010337709113861386,-0.1400584745,-0.0859874285,0.5203022694999999,4785.210131835751,5728.090649414209,4795.993310547276,5705.141284179764,"1,1,25",0
968,66248000,70.85800000000069,-0.000298107567272727,-0.05761138712727273,-0.0003124983961818182,0.2613357314545455,1219.5242718446602,1302.0,1221.0,1301.2621359223301,0.0,0.0,0.0,0.0,0.0,0.0,0.0,0.0,0.049002107,-0.0034619425,0.15579498,-2.225411,-0.034715757,-9.502588,16.042854,24.895680607843136,101132.44823529411,0.25147524625,0.116213896875,-0.011353404982142858,0.9607918803571428,48.59280205,29.19316665,-15.04445575,-2.2774594049999997,1.3406148199999999,0.0119095955,-0.14184183333333333,-0.085834931,0.5217049766666667,4798.432617187657,5715.282714843624,4794.637695312171,5721.029296875308,"1,1,25",0
969,66298000,70.90800000000068,-0.001299100461125,-0.05744051408333333,-0.000144017105,0.2616003608333334,1220.495145631068,1302.0,1221.0,1301.7475728155339,0.0,0.0,0.0,0.0,0.0,0.0,0.0,0.0,0.0464722535,0.007157275500000001,0.15243266749999998,-2.2346879875,0.024540736625000004,-9.5185976875,16.059107076923077,24.895682153846153,101132.25230769231,0.2476169275,0.11640606568181819,-0.01064227703409091,0.9617794615909091,48.47963355,29.25968615,-15.04257825,-2.2869975549999997,1.3242784200000002,0.012317370499999999,-0.142362246,-0.08509092025000001,0.522628818,4799.310906661264,5722.5492650083315,4796.731239720555,5726.054970189001,"1,1,25",0
970,66348000,70.9580000000007,-0.0007667239291538462,-0.056816146615384616,-0.000319883633076923,0.26181077461538466,1220.7623762376238,1302.2376237623762,1221.2376237623762,1301.5247524752476,0.0,0.0,0.0,0.0,0.0,0.0,0.0,0.0,0.03565303625,0.011884394999999999,0.15043532124999998,-2.2354365625,0.027683126500000002,-9.612420875,16.071026,24.895684076923075,101132.08923076924,0.24377022297872342,0.11646869638297871,-0.010091938680851063,0.9627595161702128,48.365920450000004,29.325397499999998,-15.0412716,-2.297935565,1.30782155,0.01109543525,-0.14125620200000003,-0.0825866002,0.523233372,4798.889892578033,5719.589404296823,4794.491723632686,5736.7326660158415,"1,1,25",0
971,66398000,71.00800000000069,8.280631224489785e-05,-0.05683506995918367,-0.00028201618040816324,0.26176128346938776,1220.2673267326732,1302.7326732673268,1221.7326732673268,1300.5346534653465,0.0,0.0,0.0,0.0,0.0,0.0,0.0,0.0,0.026631579500000002,0.008255703875,0.1470730925,-2.2397761750000003,-0.01945272475,-9.570222249999999,16.054903056603774,24.895685981132075,101132.30075471698,0.23996000603773585,0.11644032433962263,-0.009767609358490565,0.963722698490566,48.25197395,29.390762499999997,-15.0402096,-2.309473515,1.29131305,0.009175052749999999,-0.14295233750000003,-0.08020622250000001,0.52132081,4799.553564453086,5734.650170898713,4810.9131103516365,5713.675512694842,"1,1,25",0
972,66448000,71.05800000000069,4.506553461538446e-05,-0.05748361773076923,-0.00010437928153846158,0.2619796603846154,1220.46,1303.0,1221.77,1300.46,0.0,0.0,0.0,0.0,0.0,0.0,0.0,0.0,0.048169816875,0.011551640625,0.15479626125,-2.241122625,0.015113562499999997,-9.476849125000001,16.04023619230769,24.895687,101132.48576923077,0.23618963395833334,0.1163933525,-0.009341680218749999,0.9646637891666667,48.13693422330097,29.455244378640778,-15.039257941747573,-2.319815186407767,1.2744269611650485,0.008510932708737864,-0.1440117225,-0.07944808,0.5231313824999999,4803.192138671937,5731.213940429413,4800.216308593453,5725.16372070375,"1,1,25",0
973,66498000,71.10800000000069,-0.0014990876771875,-0.057610455625,-0.00013800944062500005,0.262159308125,1221.46,1303.0,1221.27,1301.46,0.0,0.0,0.0,0.0,0.0,0.0,0.0,0.0,0.058123679250000004,0.0201068685,0.1470730125,-2.25833075,-0.0535701,-9.58249425,16.048542576923076,24.895687,101132.38557692307,0.23234230711538462,0.1163351675,-0.008423613798076922,0.9656127838461539,48.021425970873786,29.51934777669903,-15.038353572815534,-2.3296441669902914,1.2573790485436893,0.00838521086407767,-0.14556881043478262,-0.07508323426086957,0.5233762130434783,4809.322338867309,5734.448852539105,4791.781591797159,5735.626904296543,"1,1,25",0
974,66548000,71.1580000000007,-0.0005722740243137255,-0.057008287235294115,0.0003691423568627451,0.262003652745098,1221.54,1302.77,1221.0,1302.0,0.0,0.0,0.0,0.0,0.0,0.0,0.0,0.0,0.04261019,0.0066578817,0.1533982,-2.2038627,0.0490813,-9.697714,16.053441764705884,24.895687,101132.34235294118,0.22851014960784313,0.11630583352941176,-0.007593651,0.966537391372549,47.904821240000004,29.58245124,-15.038064160000001,-2.340226056,1.23982388,0.006685245624,-0.14729107826086957,-0.07275256869565216,0.5223371065217391,4806.74023437505,5728.653808593488,4799.239257812402,5727.896972656351,"1,1,25",0
975,66598000,71.2080000000007,-0.0004979219881632652,-0.056875800020408165,2.180055673469387e-05,0.26176190469387756,1220.54,1302.27,1221.0,1302.0,0.0,0.0,0.0,0.0,0.0,0.0,0.0,0.0,0.0354200305,0.00392808565,0.1484046525,-2.1847091,0.004489295025,-9.53820125,16.061901094339625,24.895686320754717,101132.20339622642,0.22469121226415095,0.11634308358490567,-0.007090101252830189,0.9674317460377359,47.78759974,29.64499224,-15.03812066,-2.3512314560000003,1.22198338,0.004099768474,-0.14764789571428572,-0.07201167714285714,0.5244391357142857,4806.766235351135,5723.411547851873,4794.82744140663,5723.621191406071,"1,1,25",0
976,66648000,71.25800000000069,-0.00039457767215686284,-0.05734264996078431,-0.00012319800884313725,0.261818188627451,1220.23,1302.23,1221.23,1301.54,0.0,0.0,0.0,0.0,0.0,0.0,0.0,0.0,0.03129207,0.009387615,0.1488707375,-2.205359175,-0.026036778,-9.53101925,16.083034076923077,24.895684423076922,101131.9551923077,0.22092079680851065,0.1162729110638298,-0.006707210523404256,0.9683113268085106,47.6692037113402,29.706321020618557,-15.03825250515464,-2.361515082474227,1.2042861113402061,0.0035401281804123713,-0.1482979765,-0.067299998,0.522680287,4799.088378906223,5728.244140624815,4800.312011718673,5720.421386719166,"1,1,25",0
977,66698000,71.30800000000069,-6.197844081632666e-05,-0.05735699032653061,0.000243931861244898,0.2618944510204082,1220.73,1302.73,1221.73,1300.54,0.0,0.0,0.0,0.0,0.0,0.0,0.0,0.0,0.04054636825,0.01864207725,0.1508681725,-2.26281995,0.047884205250000006,-9.606735500000001,16.0733725,24.8956825,101132.10250000001,0.21710860632653062,0.11612940204081633,-0.0062606602204081626,0.969193118367347,47.550147010309274,29.76696792783505,-15.038426731958763,-2.3713927113402065,1.1866694103092783,0.004120021118556701,-0.1502183955,-0.0662382879,0.523707226,4798.380493163897,5730.126684570803,4797.147436523731,5731.213818358816,"1,1,25",0
978,66748000,71.3580000000007,0.00017902752884615372,-0.05703527771153846,0.0007721668876923077,0.2618600715384615,1221.0,1303.0,1221.5208333333333,1300.4791666666667,0.0,0.0,0.0,0.0,0.0,0.0,0.0,0.0,0.039314956124999995,0.0081228455,0.15243269375,-2.217180625,0.014963927625,-9.57456175,16.082581923076923,24.895680788461537,101131.97961538461,0.21329458812500002,0.11605280104166667,-0.005695871341666666,0.9700522708333333,47.4307975,29.826434,-15.039475625,-2.38054085,1.168816705,0.00456673532,-0.15091257,-0.064904962,0.523505455,4800.993457031301,5732.881713866959,4804.174291992061,5717.06059570333,"1,1,25",0
979,66798000,71.4080000000007,-0.0007432364318181818,-0.05756264995454546,0.0007976127972727273,0.26184838113636366,1221.0,1303.0,1220.4791666666667,1301.5208333333333,0.0,0.0,0.0,0.0,0.0,0.0,0.0,0.0,0.0638493825,0.0096540815,0.153997245,-2.208052925,0.016460299,-9.43794275,16.04644529411765,24.895679294117645,101132.40294117646,0.2094282238983051,0.11607259372881355,-0.004909068962711864,0.970895220338983,47.3113225,29.885394,-15.040899375,-2.38937635,1.150862855,0.00495637292,-0.15074371649999999,-0.06089683285,0.522957925,4808.157299804536,5720.991748047017,4786.791552734471,5738.566943359321,"1,1,25",0
980,66848000,71.4580000000007,-0.00027887415857142853,-0.05774289930357143,7.688120428571432e-05,0.26173200089285714,1220.73,1302.73,1220.0,1301.19,0.0,0.0,0.0,0.0,0.0,0.0,0.0,0.0,0.02849573,0.0071904957,0.14993599,-2.2756891,-0.007182436,-9.680956,16.076605849056605,24.895675396226416,101132.04660377358,0.20552045533333335,0.116035674,-0.0040418219333333335,0.9717397893333334,47.1910285,29.94239715,-15.042318925,-2.3980211700000003,1.131502845,0.00285431194,-0.14977001565217393,-0.05839392860869565,0.5235769086956521,4798.422827148317,5734.194799804767,4799.536230468804,5720.43669433584,"1,1,25",0
981,66898000,71.50800000000069,-9.040386249999999e-05,-0.05722711088636363,0.00019426178363636363,0.26126061363636366,1220.23,1302.23,1220.0,1299.69,0.0,0.0,0.0,0.0,0.0,0.0,0.0,0.0,0.04354276525,0.00193071385,0.153198325,-2.286163325,0.017058856,-9.5905735,16.034638846153847,24.895671615384618,101132.52124999999,0.20164324583333335,0.11605600087500001,-0.003485545189583333,0.9725510679166667,47.070383500000005,29.99856165,-15.043736675,-2.40658427,1.111540195,-0.00031561985999999966,-0.15093419000000002,-0.0583512475,0.5242028224999999,4803.44694824222,5718.978637695462,4789.015722656162,5723.143676757314,"1,1,25",0
982,66948000,71.5580000000007,-0.0002477176119642857,-0.05718438346428571,0.0006471952696428571,0.26078793589285715,1219.7403846153845,1301.7403846153845,1220.0,1299.0,0.0,0.0,0.0,0.0,0.0,0.0,0.0,0.0,0.03588600725,0.0050600504625,0.15842481625,-2.2812256375,-0.012569392624999995,-9.570972375,16.087909884615385,24.89566776923077,101131.90009615384,0.19776885875,0.1161743605,-0.002885015425,0.97333411875,46.949588000000006,30.0533839,-15.0452792,-2.4144716600000002,1.09179773,-0.0016251998100000001,-0.15457508250000002,-0.0538260915,0.5237824775000001,4790.278027343558,5716.81918945301,4789.596948242251,5707.786352539036,"1,1,25",0
983,66998000,71.6080000000007,-0.00016307247500000005,-0.057440733625,0.00040263330749999997,0.26053153625000003,1219.2596153846155,1301.2596153846155,1220.0,1299.0,0.0,0.0,0.0,0.0,0.0,0.0,0.0,0.0,0.0458728855,0.01364860725,0.14780551,-2.229899925,-0.01855489975,-9.513062,16.056127403846155,24.895663923076924,101132.31884615384,0.19388207346153846,0.11620236971153847,-0.0023260672346153847,0.9741136134615385,46.828728,30.1076309,-15.0468752,-2.4220694600000003,1.07214963,-0.00213748611,-0.152611745,-0.052881900499999995,0.524077445,4792.225268554599,5711.379174804647,4772.006616211022,5726.064599609425,"1,1,25",0
984,67048000,71.6580000000007,0.0009107967811764706,-0.05708376705882353,0.00038546267647058825,0.2602353888235294,1218.7676767676767,1300.7676767676767,1219.7676767676767,1299.2323232323233,0.0,0.0,0.0,0.0,0.0,0.0,0.0,0.0,0.025100297,0.002663215775,0.15499598750000002,-2.195782275,-0.06763603275,-9.646241,16.015497596153846,24.895660076923075,101132.76115384616,0.18999236490196078,0.11623154156862746,-0.0018997850529411764,0.9748774,46.70737555,30.16021715,-15.048278,-2.4301386750000002,1.05290949,-0.00262756484,-0.1548245325,-0.050160109,0.5242151349999999,4781.202490234256,5713.187817382662,4787.337817382984,5700.461206054525,"1,1,25",0
985,67098000,71.7080000000007,0.00037632964333333334,-0.0572038695,0.00016607372291666667,0.25999520375,1218.2626262626263,1300.2626262626263,1219.2626262626263,1299.7373737373737,0.0,0.0,0.0,0.0,0.0,0.0,0.0,0.0,0.038249652375,0.0041613388,0.15802534125,-2.2230167625,-0.056712492375000007,-9.52084425,16.067775557692308,24.895658115384617,101132.13865384617,0.18609620125,0.1162816725,-0.0015775333249999999,0.9756233025,46.58581205,30.21209165,-15.049598,-2.438409925,1.03384419,-0.00310812604,-0.15454953739130436,-0.048797344086956525,0.5235169056521739,4784.873483758401,5702.586631373294,4776.309647409131,5711.367752878741,"1,1,25",0
986,67148000,71.7580000000007,-9.985667924528307e-05,-0.05773588701886793,-4.393103867924528e-05,0.25993876603773586,1218.2376237623762,1300.0,1218.5247524752476,1300.4752475247524,0.0,0.0,0.0,0.0,0.0,0.0,0.0,0.0,0.034354795,0.0154463705,0.15419704,-2.2170308,0.027533492,-9.55526,16.066698313725492,24.895655235294118,101132.15529411765,0.18216902408163266,0.11622173551020408,-0.0010776567612244899,0.9763719808163266,46.46349745,30.2628241,-15.05019105,-2.4464878,1.014152915,-0.00228381227,-0.153911574,-0.0459437794,0.523063944,4775.318638392841,5710.346865699629,4779.772181919638,5706.371582031049,"1,1,25",0
987,67198000,71.8080000000007,-0.0014328827625,-0.0580744215,2.773697999999998e-05,0.260068925,1218.7326732673268,1300.0,1217.5346534653465,1301.4653465346535,0.0,0.0,0.0,0.0,0.0,0.0,0.0,0.0,0.03315606975,0.012716716,0.15319841,-2.2119434250000003,-0.0089780909,-9.5295225,15.984831886792453,24.895655,101133.14943396227,0.17828355125,0.116131294,-0.0006793921274999999,0.977099575,46.34086095,30.3130671,-15.05047255,-2.4544828,0.994193365,-0.0009002663699999996,-0.1562298645,-0.04357590145,0.5226583300000001,4780.701269531273,5701.4325439453405,4769.561083984189,5713.409033203373,"1,1,25",0
988,67248000,71.8580000000007,-0.0006631812076923077,-0.05780934313461539,-3.3288912692307714e-05,0.26007653769230765,1219.23,1299.77,1217.23,1302.0,0.0,0.0,0.0,0.0,0.0,0.0,0.0,0.0,0.017843386,0.0013314567,0.15552858,-2.1978772,0.01675958,-9.581594,16.03066523076923,24.895653346153846,101132.58884615384,0.174406679375,0.11611922806250001,-0.000410025030625,0.9778014374999999,46.2176326,30.3616336,-15.050475275,-2.462372345,0.974126694,0.000992358905,-0.15529190350000002,-0.043329293,0.52298135,4773.497163318376,5710.748256138601,4785.645089286126,5698.536225817924,"1,1,25",0
989,67298000,71.9080000000007,-0.00028090208750000006,-0.057356304999999996,-3.6368529999999944e-05,0.26014113,1219.73,1299.27,1217.73,1302.0,0.0,0.0,0.0,0.0,0.0,0.0,0.0,0.0,0.04119041466666667,0.0009766734333333334,0.14958085333333332,-2.2736934333333334,0.03272092698626,-9.539696333333334,16.09097853846154,24.89565457692308,101131.86442307693,0.17056067208333334,0.1162034746875,-0.00019616248,0.9784694475,46.0941506,30.409481600000003,-15.050358525,-2.470216695,0.954014114,0.0031031610550000003,-0.15556414416666667,-0.039067383875,0.5247790041666667,4786.835766601696,5709.879125976174,4776.188842773359,5701.444116211441,"1,1,25",0
990,67348000,71.95800000000071,-0.0013761819117307692,-0.05762945990384616,-0.0007327163057692307,0.2603455230769231,1220.0,1299.4646464646464,1218.0,1301.7676767676767,0.0,0.0,0.0,0.0,0.0,0.0,0.0,0.0,0.04287679,0.009587375,0.14966969,-2.2110453,0.04549,-9.586384,16.075167647058823,24.895655,101132.05411764706,0.16667205625,0.11625126604166666,0.00036303409,0.9791334933333333,45.97048881553398,30.455946631067963,-15.050380077669903,-2.4777641699029127,0.9329011710679611,0.003888292627184466,-0.15712106,-0.038796805,0.5225623,4785.780761718597,5704.739257812397,4774.757812500261,5712.176757812638,"1,1,25",0
991,67398000,72.0080000000007,-0.0006212626365957447,-0.057630417872340425,-0.0004665516089361702,0.26035347659574465,1220.0,1300.4747474747476,1218.0,1301.2626262626263,0.0,0.0,0.0,0.0,0.0,0.0,0.0,0.0,0.026098840749999998,0.00905457125,0.15419706500000002,-2.312799125,0.010774073675,-9.543888749999999,16.035451346153845,24.89565646153846,101132.51807692308,0.16278971345454546,0.11621508372727272,0.0007473297254545455,0.9797901723636364,45.84674998058253,30.501818961165046,-15.05046090291262,-2.485184412621359,0.9113595011650486,0.0041052796660194174,-0.15753972217391304,-0.03580545160869565,0.5235843552173913,4785.199951171827,5702.961425781183,4778.462646484241,5712.934570312527,"1,1,25",0
992,67448000,72.0580000000007,0.0003563049566037736,-0.05750164452830189,0.0003979700267924528,0.26047143245283016,1220.0,1300.7623762376238,1218.2376237623762,1301.4752475247524,0.0,0.0,0.0,0.0,0.0,0.0,0.0,0.0,0.009853536,0.006391312,0.15419705,-2.2469587,0.053869713,-9.516952,16.065532735849057,24.895657679245282,101132.18132075472,0.15897902222222224,0.11618495655555555,0.0008315810488888889,0.9804200088888889,45.723195670103095,30.546347515463918,-15.050488680412371,-2.4914652670103092,0.8907231474226804,0.006031972319587629,-0.15576107714285714,-0.033383723809523806,0.5220506857142857,4775.18483886686,5721.973730469136,4790.326245117738,5696.624926757243,"1,1,25",0
993,67498000,72.1080000000007,0.0003663414250000001,-0.0573004875625,0.00018869792750000002,0.26076626062499997,1220.0,1300.2673267326732,1218.7326732673268,1302.4653465346535,0.0,0.0,0.0,0.0,0.0,0.0,0.0,0.0,0.032723418875,0.004161333475,0.152366175,-2.2348377125,-0.047135686249999996,-9.504382625,16.073191923076923,24.89565926923077,101132.10596153846,0.15513931346153848,0.11617508588461538,0.0009889122057692309,0.9810351757692307,45.59974515463918,30.59012019587629,-15.0504866185567,-2.4971052154639173,0.8705960340206186,0.008920374381443299,-0.1589800925,-0.03299099925,0.522444675,4785.577050781454,5718.888647460591,4785.910644531149,5704.860839844376,"1,1,25",0
994,67548000,72.15800000000071,-0.0008398942196078433,-0.05754589792156863,0.0002591158815686274,0.260991942745098,1220.0,1300.0,1219.23,1302.54,0.0,0.0,0.0,0.0,0.0,0.0,0.0,0.0,0.05329662925,0.0066910704375,0.15715977125,-2.213738775,0.019303418,-9.521441750000001,16.04635262745098,24.89566243137255,101132.41490196079,0.15118360787234042,0.1162351075106383,0.0016607832595744681,0.9816448170212766,45.476144040404044,30.632502808080808,-15.050971757575757,-2.502818134343434,0.8503872838383838,0.00989165388888889,-0.1573103325,-0.02913102175,0.52456803,4792.60546874999,5710.611328125249,4781.850097656527,5731.633789062022,"1,1,25",0
995,67598000,72.20800000000071,0.00017132106938775509,-0.057169116285714285,0.0003925850930612245,0.26099547061224493,1220.0,1300.0,1219.73,1301.54,0.0,0.0,0.0,0.0,0.0,0.0,0.0,0.0,0.03458298428571428,-0.00795128,0.1589526914285714,-2.2592713285714283,-0.012654900642857143,-9.510968285714286,16.04429976923077,24.895665153846153,101132.42730769231,0.1472228945283019,0.11637672311320754,0.002298663641509434,0.9822282716981132,45.35247838383839,30.67428967676768,-15.051665696969696,-2.508562326262626,0.8301435464646465,0.010041309444444445,-0.1574586047826087,-0.027221926304347825,0.5244959173913044,4796.357282366121,5716.0754045757885,4792.845121837685,5712.783668154887,"1,1,25",0
996,67648000,72.2580000000007,0.00040365116862745086,-0.056973714568627445,-0.0002491488266666667,0.2609464835294118,1220.23,1300.23,1219.77,1301.0,0.0,0.0,0.0,0.0,0.0,0.0,0.0,0.0,0.04008060575,0.0013314241249999998,0.1586578475,-2.2664112750000003,-0.0278324265,-9.6360625,16.032020846153845,24.895668153846152,101132.5723076923,0.14329405725490196,0.11655862607843137,0.0027097255960784315,0.9827867166666667,45.22741688461539,30.714850576923077,-15.052123076923076,-2.514328942307692,0.8099469253846154,0.010614604846153846,-0.158451178,-0.02557806035,0.5231144215,4793.342407226285,5712.938916015727,4790.023754882955,5719.902099609416,"1,1,25",0
997,67698000,72.3080000000007,0.0003115967428571429,-0.05706445671428571,0.0002511614020408163,0.26095477061224487,1220.73,1300.73,1219.27,1301.0,0.0,0.0,0.0,0.0,0.0,0.0,0.0,0.0,0.028096443125,0.0050932671875,0.15542874,-2.25713365,0.01451501625,-9.633221625000001,16.02620103773585,24.89567196226415,101132.65049056604,0.13936447056603773,0.11662020698113208,0.003134579837735849,0.9833430420754716,45.10181255769231,30.75493471153846,-15.052488461538461,-2.5201042788461536,0.7897686273076923,0.011352649076923077,-0.15843684,-0.023012798333333334,0.5242346666666667,4787.854931640759,5717.147534179492,4796.407690429671,5714.477563476633,"1,1,25",0
998,67748000,72.35800000000071,-0.00023302894901960783,-0.057142559705882355,0.0005622390529411765,0.26091554607843137,1220.5353535353536,1300.7676767676767,1219.0,1301.2323232323233,0.0,0.0,0.0,0.0,0.0,0.0,0.0,0.0,0.044807770749999996,0.006857810125000001,0.1500691275,-2.2358852249999996,-0.0140657705,-9.48373375,16.023338529411767,24.895674901960785,101132.6936862745,0.13546876510638298,0.11661925808510638,0.0036062769595744683,0.9838862876595744,44.97606853846154,30.793807461538464,-15.053002769230769,-2.526049369230769,0.7696223046153846,0.010290031153846154,-0.1587908595,-0.020043170949999998,0.5241376059999999,4799.772753906448,5715.556665039096,4777.121386718481,5725.7564941407,"1,1,25",0
999,67798000,72.40800000000071,5.727836124999998e-05,-0.05736505120833334,-6.823525833333328e-05,0.26062136041666667,1219.5252525252524,1300.2626262626263,1219.0,1301.7373737373737,0.0,0.0,0.0,0.0,0.0,0.0,0.0,0.0,0.029361261,0.0013982907,0.15423035000000002,-2.2439657625,-0.0230440290625,-9.616311249999999,16.03707696153846,24.895677692307693,101132.52076923077,0.1315824325,0.11657842125000001,0.004101965825,0.9844162625,44.850245942307694,30.831998807692308,-15.053600846153847,-2.532089946153846,0.749493968076923,0.008214540769230769,-0.16018309,-0.018699043499999998,0.52422623,4787.979248046741,5712.22656249983,4789.614990234188,5708.807617187843,"1,1,25",0
1000,67848000,72.45800000000071,0.0002759600779245284,-0.05768108313207547,-5.7434305283018895e-05,0.26026172566037736,1219.0,1300.0,1219.0,1301.7623762376238,0.0,0.0,0.0,0.0,0.0,0.0,0.0,0.0,0.03496356942857143,0.0058208708,0.1534741542857143,-2.2192542142857143,0.027020446142857143,-9.551154142857142,16.073708857142858,24.895680357142858,101132.08857142857,0.12767033785714285,0.116493385,0.004447205771428571,0.9849392714285714,44.72398860215054,30.869188505376343,-15.053799569892474,-2.5384138731182793,0.7293324126881721,0.006775928875268817,-0.15940005499999998,-0.017089976333333333,0.5228602783333334,4788.147949218377,5701.617187500324,4777.143554687815,5717.592285155749,"1,1,25",0
1001,67898000,72.5080000000007,0.0008062931350000001,-0.0575199644375,9.533256812500001e-05,0.26004821625,1219.0,1300.0,1219.0,1301.2673267326732,0.0,0.0,0.0,0.0,0.0,0.0,0.0,0.0,0.0241279168,0.018269119,0.150308884,-2.25078926,-0.0227447484,-9.6105656,16.049233849056606,24.89568258490566,101132.41498113208,0.1237556031111111,0.11634200546666666,0.004806199655555556,0.9854558911111111,44.59738967741936,30.90559119354839,-15.053684516129032,-2.5449604322580646,0.7091447567741935,0.005837721509677419,-0.1604232880952381,-0.014759873523809523,0.5236329476190476,4771.650610351489,5716.222167968788,4784.828393554453,5699.730273437602,"1,1,25",0
1002,67948000,72.55800000000072,0.00030526835615384603,-0.057573637134615385,-0.00018844091805769232,0.26009880076923075,1219.23,1300.0,1219.0,1301.0,0.0,0.0,0.0,0.0,0.0,0.0,0.0,0.0,0.04982316175,0.015224457416666667,0.15202214583333334,-2.2658126583333336,-0.027632908666666667,-9.445724333333333,16.023623557692307,24.895687634615385,101132.71788461538,0.11982469572916667,0.11614413729166667,0.005364806120833333,0.9859615520833334,44.47057475,30.94070785,-15.0536374,-2.550198405,0.6901395450000001,0.006731952595,-0.16070783900000002,-0.0121740341,0.523077812,4782.146484375211,5709.504743303593,4767.689639136633,5715.760393415375,"1,1,25",0
1003,67998000,72.60800000000071,0.00047724295,-0.0572427498125,-0.00011273933106250001,0.260284184375,1219.73,1300.0,1219.0,1301.0,0.0,0.0,0.0,0.0,0.0,0.0,0.0,0.0,0.042510808125,0.0039281278749999995,0.14674016625,-2.2177792999999997,-0.06209944875,-9.5162045,16.058565192307693,24.89569121153846,101132.27646153847,0.11590812403846153,0.1161028926923077,0.006143241413461538,0.9864297288461539,44.343667249999996,30.97527335,-15.053619399999999,-2.554875555,0.671641095,0.008411514445,-0.16094580349999998,-0.01064214645,0.5240807975,4785.210913086103,5719.005444335792,4778.533447265734,5698.177441406189,"1,1,25",0
1004,68048000,72.65800000000071,-0.0013669745057692307,-0.05740856857692308,0.00026882828307692305,0.2604489005769231,1219.77,1300.23,1219.23,1300.77,0.0,0.0,0.0,0.0,0.0,0.0,0.0,0.0,0.059555006875000004,0.010918998125000001,0.1509346425,-2.2411226875,0.005536757812499999,-9.514707875000001,16.060009807692307,24.895697403846153,101132.24423076924,0.11200089333333332,0.11611702666666666,0.006955965925,0.98687416375,44.21629425,31.008672999999998,-15.05395035,-2.559711955,0.651824839,0.0096995615,-0.16136867700000002,-0.008334003750000001,0.523366527,4792.221801757962,5706.995898437406,4769.563769531049,5719.716162109601,"1,1,25",0
1005,68098000,72.70800000000071,-0.00112558395,-0.05743720425,0.000434570814375,0.2605666875,1219.27,1300.73,1219.73,1300.27,0.0,0.0,0.0,0.0,0.0,0.0,0.0,0.0,0.037151350625,0.0037284589874999998,0.15666041375,-2.2207717875,0.029778056000000004,-9.553314875,16.020734230769232,24.89570057692308,101132.74028846153,0.10805016740384615,0.11609326403846154,0.007648763136538461,0.9873119746153847,44.08872175,31.041573,-15.05443085,-2.5646166050000003,0.631443809,0.0108198165,-0.16235296899999999,-0.005197991675,0.5221676875,4786.4512695312405,5709.420971679781,4782.271899414242,5715.0603759763935,"1,1,25",0
1006,68148000,72.75800000000072,-0.00019741635576923087,-0.057429085384615386,0.00010539441903846154,0.2605720240384615,1219.0,1301.0,1220.23,1299.77,0.0,0.0,0.0,0.0,0.0,0.0,0.0,0.0,0.0212054115,-0.00143138151875,0.15423034749999998,-2.2634183875,-0.0228943895,-9.621550124999999,16.033464,24.895706461538463,101132.55644230769,0.10412451604166667,0.11613304625,0.007916128968749998,0.9877272574999999,43.960295599999995,31.0730142,-15.05479725,-2.56911459,0.61136457,0.0110079844,-0.160890835,-0.002699037565,0.523918015,4788.94279785165,5705.0201171872495,4784.037841796836,5715.100341796929,"1,1,25",0
1007,68198000,72.80800000000072,0.00023516760624999974,-0.057384302874999994,0.000215558440625,0.26047455625,1219.0,1301.0,1220.73,1299.27,0.0,0.0,0.0,0.0,0.0,0.0,0.0,0.0,0.013715322499999998,0.0103198245,0.15206652,-2.249053525,0.0167595787,-9.45230875,16.03391546153846,24.895714115384617,101132.57423076923,0.10024900932692307,0.11615339038461538,0.007994958076923077,0.988124900576923,43.8315036,31.103830199999997,-15.055114750000001,-2.57343829,0.59141467,0.0107966864,-0.161729602,-0.0006464358024999999,0.5231445145,4779.080517577988,5719.698095703298,4784.9477783207185,5702.549999999503,"1,1,25",0
1008,68248000,72.85800000000071,0.0004136299215686274,-0.05721806282352941,0.0001659516882352941,0.26045320470588235,1219.0,1300.77,1220.54,1299.23,0.0,0.0,0.0,0.0,0.0,0.0,0.0,0.0,0.035386730625,0.0032292351250000004,0.15116770499999999,-2.21523515,0.021547982,-9.5251835,16.05648853846154,24.895719884615385,101132.28576923077,0.09638842981818181,0.11613295145454545,0.00817313630909091,0.9885097250909091,43.7024729,31.1332056,-15.0556307,-2.578312505,0.5715813200000001,0.010113370699999999,-0.161002056,0.0011405585474999998,0.52420074,4783.4770507814455,5717.234863281034,4786.586914062171,5703.088378906505,"1,1,25",0
1009,68298000,72.90800000000071,-0.0005977052938775509,-0.057585291142857147,0.00021705035669387755,0.260323253877551,1219.0,1300.27,1219.54,1299.73,0.0,0.0,0.0,0.0,0.0,0.0,0.0,0.0,0.055778384111111114,0.009439466444444445,0.1523624222222222,-2.2665109333333335,0.02327713511111111,-9.666990555555556,16.0885171372549,24.895724803921567,101131.87647058823,0.09245215644444445,0.11611436288888889,0.008779964911111111,0.9888833244444445,43.5733399,31.1619636,-15.0562317,-2.583422655,0.55179792,0.0092277617,-0.162809292,0.0035083009700000002,0.521776172,4783.452380952131,5705.933082217242,4783.764741443698,5705.414829799021,"1,1,25",0
1010,68348000,72.95800000000072,-0.0004888541057692307,-0.05791055382692308,0.00036650256905769235,0.2600966992307692,1219.23,1300.23,1219.0,1300.0,0.0,0.0,0.0,0.0,0.0,0.0,0.0,0.0,0.052464046,0.022370664,0.15073499,-2.244564,-0.009576639,-9.585186,16.09830924528302,24.895732245283018,101131.77486792453,0.08845774708333333,0.11597236729166667,0.009633992895833334,0.9892569770833334,43.44379509259259,31.189228824074075,-15.056560101851852,-2.587732237037037,0.5322642333333334,0.010452508953703704,-0.161271042,0.006145857544999999,0.522482371,4781.761904762012,5709.117629278316,4772.418224516087,5710.964867001689,"1,1,25",0
1011,68398000,73.00800000000072,-0.000915327809375,-0.0580432950625,0.00072763878,0.2602359,1219.73,1300.73,1219.0,1300.0,0.0,0.0,0.0,0.0,0.0,0.0,0.0,0.0,0.05258541272727273,0.011378964909090909,0.15453594363636364,-2.222689890909091,-0.004788238436363636,-9.453178636363635,16.02877,24.895739176470588,101132.59894117647,0.08451030461538461,0.1157868751923077,0.01049852573076923,0.9896145980769231,43.31407379629629,31.215854287037036,-15.056771675925926,-2.5916987185185185,0.5128375666666667,0.01258169460185185,-0.16240545782608695,0.00963733360869565,0.5240145356521739,4781.977655319846,5709.2322358633155,4774.000162760691,5711.107003347956,"1,1,25",0
1012,68448000,73.05800000000072,-0.0005654704375,-0.0575617535576923,0.0006124590319230769,0.260404645,1220.0,1301.0,1219.2233009708739,1299.5533980582525,0.0,0.0,0.0,0.0,0.0,0.0,0.0,0.0,0.037497652400000005,0.0056460616,0.154516512,-2.24504294,-0.055545316399999996,-9.5543016,16.085641509433962,24.895746641509437,101131.9263018868,0.08057292820833334,0.11570018720833333,0.011184850104166666,0.9899458885416667,43.184153869565215,31.241225173913044,-15.056942369565219,-2.5956747010869567,0.4922441791304348,0.013950198217391303,-0.16313309666666667,0.011875458333333333,0.522426425,4780.782877604064,5711.77652994769,4777.372256324404,5710.561825707056,"1,1,25",0
1013,68498000,73.10800000000071,-0.00047144537058823525,-0.05706912188235294,0.0007524408635294118,0.2604327323529412,1220.0,1301.0,1219.7087378640776,1298.5825242718447,0.0,0.0,0.0,0.0,0.0,0.0,0.0,0.0,0.0443415385,-0.00019985879999999997,0.15206655,-2.20565875,0.005087845,-9.52802675,16.069581173076923,24.895754307692307,101132.13184615385,0.07666855823529412,0.11572676411764707,0.011739595,0.9902462235294117,43.05406473913043,31.265527347826087,-15.057078239130435,-2.599658777173913,0.47065691826086953,0.014670713434782608,-0.1624132405,0.01368463035,0.52193198,4792.229774876588,5708.039139597253,4776.723504317882,5711.773437499388,"1,1,25",0
1014,68548000,73.15800000000073,-1.619057346938799e-05,-0.05707516130612245,0.0006472026440816326,0.2603828275510204,1219.7938144329896,1301.0,1220.0,1298.4123711340205,0.0,0.0,0.0,0.0,0.0,0.0,0.0,0.0,0.02989397625,0.0027963743500000002,0.1563941625,-2.260724875,-0.0026933098,-9.5681275,16.054455411764707,24.89576288235294,101132.31411764705,0.07279385979591836,0.11576845612244899,0.012215141734693877,0.9905281448979592,42.92373525,31.28818545,-15.056649825000001,-2.6036568,0.44821722599999997,0.0138701621,-0.16373682173913046,0.015493489652173915,0.5238716695652174,4787.007812500063,5711.233398437545,4781.294433593302,5702.529296875313,"1,1,25",0
1015,68598000,73.20800000000072,-0.000450806975,-0.0577975909375,0.00016571618125,0.26021326875,1219.278350515464,1301.0,1220.0,1299.4432989690722,0.0,0.0,0.0,0.0,0.0,0.0,0.0,0.0,0.041312473625,0.0070905300624999985,0.15489607,-2.2210711625,-0.01765707025,-9.5778555,16.072443358490567,24.89577216981132,101132.1033962264,0.0688987485,0.1156579598076923,0.012615151153846154,0.9908143242307692,42.79330275,31.310138950000002,-15.055979575,-2.6076607999999997,0.425412206,0.012417725099999999,-0.16429950699999998,0.01679857615,0.5216646985,4792.053491210875,5706.9400634766,4765.282031250373,5717.745849609028,"1,1,25",0
1016,68648000,73.25800000000072,0.00048373963865384613,-0.05757514746153846,0.00016452051807692308,0.26025716538461535,1219.0,1301.2233009708739,1220.0,1299.7766990291261,0.0,0.0,0.0,0.0,0.0,0.0,0.0,0.0,0.009986806499999999,0.0085221509,0.14793861,-2.28706105,-0.02783243325,-9.494805875,16.029853788461537,24.895779711538463,101132.6225,0.06500168203846153,0.11554039230769231,0.012883554423076923,0.9910880534615385,42.66252991304348,31.32995043478261,-15.055295652173914,-2.609783808695652,0.4029805434782609,0.013224021347826086,-0.1637030495,0.017825409349999998,0.522973792,4780.30373535149,5716.793090820562,4780.999584960819,5698.553515624832,"1,1,25",0
1017,68698000,73.30800000000072,0.00042092809999999997,-0.05771716235294118,0.0005420891105882353,0.2605573788235294,1219.0,1301.7087378640776,1220.0,1299.2912621359224,0.0,0.0,0.0,0.0,0.0,0.0,0.0,0.0,0.02460097575,0.006325022625,0.15439676,-2.2952912999999997,0.015263203687499997,-9.4725100625,16.035090826923078,24.895788346153847,101132.54557692308,0.061128785361702125,0.11546676634042553,0.012955792234042553,0.9913424148936171,42.53161121739131,31.348843913043478,-15.054605869565219,-2.6111006782608692,0.3807088913043478,0.014998346130434784,-0.1605108845,0.02256075605,0.523689568,4785.318564967053,5716.613024259965,4777.831003289841,5714.237073396342,"1,1,25",0
1018,68748000,73.35800000000073,0.0005906477959183672,-0.057249972040816326,0.00026040753387755104,0.26087515673469386,1219.2083333333333,1301.7916666666667,1220.2083333333333,1299.4166666666667,0.0,0.0,0.0,0.0,0.0,0.0,0.0,0.0,0.02310303125,-0.006391476625,0.15406386125,-2.2309471375000003,0.043544718375,-9.59715925,16.04384857692308,24.89579855769231,101132.44088461538,0.05722178354716981,0.11553442230188679,0.013187468773584905,0.9915641075471698,42.40035523809524,31.36664904761905,-15.054075809523809,-2.613098776190476,0.3586351142857143,0.016387896952380954,-0.1627856145,0.02429893955,0.523527547,4787.860083007964,5721.447607421753,4792.072265625164,5706.34423828129,"1,1,25",0
1019,68798000,73.40800000000073,-0.00040968881276595747,-0.05701222517021277,-0.00020355694085106383,0.2610303329787234,1219.7291666666667,1301.2708333333333,1220.7291666666667,1300.4583333333333,0.0,0.0,0.0,0.0,0.0,0.0,0.0,0.0,0.04297373218181818,-0.006173618363636364,0.15758654,-2.234116681818182,0.002503195454545454,-9.513361181818182,16.02748117647059,24.89580868627451,101132.65815686274,0.053268505531914895,0.11571866212765956,0.013578597042553191,0.9917580706382979,42.26859333333333,31.38282166666667,-15.053785333333334,-2.6161187166666666,0.33685815,0.01720028683333333,-0.16118309826086957,0.02487693695652174,0.5221778234782609,4798.38867187506,5704.511230468633,4785.322509765471,5723.50854492214,"1,1,25",0
1020,68848000,73.45800000000072,-6.700863773584901e-05,-0.056948482396226414,-0.00013358649773584906,0.26100352924528303,1220.0,1301.4752475247524,1221.2376237623762,1300.5247524752476,0.0,0.0,0.0,0.0,0.0,0.0,0.0,0.0,0.027097557875,0.010020121375,0.151900095,-2.2548892375,0.0133179145,-9.59551125,16.009458490566036,24.89581828301887,101132.88116981133,0.049325955918367345,0.11579740693877551,0.014006774836734693,0.9919466987755102,42.136785465346534,31.397928297029704,-15.052880455445544,-2.618847599009901,0.3153807049504951,0.017625523603960396,-0.1625060905,0.02836797895,0.5231124925,4792.274291992085,5715.047802734413,4791.404174804634,5715.374340820351,"1,1,25",0
1021,68898000,73.50800000000072,0.001017289215625,-0.05702477925,5.6859913750000014e-05,0.26110537375,1220.0,1302.4653465346535,1221.7326732673268,1299.5346534653465,0.0,0.0,0.0,0.0,0.0,0.0,0.0,0.0,0.02606954133333333,0.009409821555555555,0.15413783,-2.2875269333333335,-0.002926078000000002,-9.485827333333333,16.02542980769231,24.895827326923076,101132.6791923077,0.04543139157692307,0.11572784711538461,0.014175021653846154,0.9921381846153846,42.00495972277228,31.412620376237623,-15.051736643564356,-2.621463292079208,0.2940197396039604,0.01790020083168317,-0.162923032,0.03085169415,0.521525489,4790.628930664057,5714.825659179632,4785.114648437642,5724.706640625041,"1,1,25",0
1022,68948000,73.55800000000073,0.001392279803846154,-0.05698151184615385,0.0003551066473076923,0.2612202761538462,1220.23,1302.54,1220.85,1299.92,0.0,0.0,0.0,0.0,0.0,0.0,0.0,0.0,0.018309354375,0.0011986240000000001,0.156360845,-2.2499515125,-0.011821202749999999,-9.62454325,16.033555846153845,24.895836423076922,101132.57115384616,0.0415338495,0.11565900666666666,0.014289696708333334,0.9923157220833333,41.8731751,31.4253552,-15.050201925,-2.62461302,0.272316506,0.016950783349999998,-0.161476489,0.03030516325,0.5221702795,4789.817333984397,5724.792309570122,4809.6715820314785,5702.934985351465,"1,1,25",0
1023,68998000,73.60800000000073,-0.0018813175062500002,-0.057883443874999996,0.0005370157175,0.26105695625,1220.73,1301.54,1218.35,1301.92,0.0,0.0,0.0,0.0,0.0,0.0,0.0,0.0,0.05352935675,0.024501255,0.1575926,-2.2421699,0.015263205249999998,-9.55645625,16.006197884615382,24.89584523076923,101132.89846153847,0.03760754480769231,0.11545869942307692,0.01476315860576923,0.992488143076923,41.7414081,31.4372512,-15.048499674999999,-2.62799162,0.250466586,0.01547675385,-0.1615126815,0.032562624500000005,0.5217783374999999,4796.745141601857,5715.785375976357,4777.814062499443,5727.038525391029,"1,1,25",0
1024,69048000,73.65800000000073,-0.0016769929538461542,-0.05766851278846154,0.0004915368907692307,0.26125132192307693,1221.0,1301.23,1217.46,1302.77,0.0,0.0,0.0,0.0,0.0,0.0,0.0,0.0,0.03498734975,0.0052596595000000005,0.15203321250000001,-2.1755812125,-0.0079306271875,-9.555557875,16.014323846153847,24.895853288461538,101132.81288461538,0.033656230354166664,0.11517203645833334,0.015493647927083333,0.9926526541666666,41.60941395,31.4478613,-15.0469761,-2.630688805,0.229489258,0.01604049225,-0.1633469365,0.0356605095,0.522627465,4800.791015624972,5725.669433593715,4790.437988281545,5716.630371093586,"1,1,25",0
1025,69098000,73.70800000000072,-0.00018939035,-0.0571634589375,0.0003593161525,0.261618338125,1221.0,1301.73,1218.46,1302.27,0.0,0.0,0.0,0.0,0.0,0.0,0.0,0.0,0.030859472375,0.0075236526625,0.152399395,-2.20805255,0.018106317875,-9.535807625,16.04276503846154,24.89586128846154,101132.4733076923,0.029750605875,0.11508430375,0.015876006125,0.99278093125,41.477322449999996,31.457920299999998,-15.0455291,-2.6330939549999997,0.20888589800000001,0.01747755975,-0.162848291,0.0364650134,0.5218081415,4802.5219726564565,5726.324340820179,4795.05378417955,5719.867895508055,"1,1,25",0
1026,69148000,73.75800000000073,-0.0005690593692307691,-0.05769443884615385,9.249425596153841e-05,0.2619202042307692,1221.2323232323233,1301.5353535353536,1219.2323232323233,1302.2323232323233,0.0,0.0,0.0,0.0,0.0,0.0,0.0,0.0,0.028662319875,0.0057258061875,0.15462982375,-2.3005286125,-0.027682792749999997,-9.484779875,16.041411096153848,24.895868307692307,101132.46696153846,0.025822784113636366,0.11498082840909091,0.01621378175,0.9928983488636364,41.34499925,31.466860699999998,-15.0445133,-2.634543815,0.188732869,0.01629493255,-0.1616231865,0.0399159156,0.5224476499999999,4799.6077148436325,5731.992333984608,4802.699755859893,5723.958349609097,"1,1,25",0
1027,69198000,73.80800000000073,-0.0007406353021276593,-0.05738691823404255,-0.0003309588917021277,0.26195424319148936,1221.7373737373737,1300.5252525252524,1219.7373737373737,1302.7373737373737,0.0,0.0,0.0,0.0,0.0,0.0,0.0,0.0,0.02929488,-0.0006656876725,0.1495364875,-2.2951416,0.0047885722499999995,-9.6647955,16.0123375,24.895876,101132.821,0.02188945925,0.114957446,0.016621842,0.99298779,41.21257675,31.4753217,-15.0436823,-2.635584265,0.168772839,0.01398957905,-0.160892906,0.04237457345,0.5210156455,4804.563656455746,5727.525082236528,4798.443128083617,5726.10472347874,"1,1,25",0
1028,69248000,73.85800000000073,-0.0007144258867924527,-0.057166286660377354,0.00019706426396226418,0.26158965754716984,1222.0,1300.2474226804125,1219.7525773195875,1302.7525773195875,0.0,0.0,0.0,0.0,0.0,0.0,0.0,0.0,0.029394463625,0.004194309625,0.15259919625,-2.2369327375,-0.050128438125,-9.57830375,16.00225705882353,24.89588307843137,101132.95109803922,0.0179725501875,0.1149758563125,0.017076922,0.993057386875,41.07982777777777,31.48236462962963,-15.042717444444445,-2.63718265,0.14893441287037038,0.011937981564814815,-0.16257296699999998,0.0433542925,0.52088416,4800.927709960606,5728.50292968801,4802.573339844134,5713.840893554152,"1,1,25",0
1029,69298000,73.90800000000073,-0.0002994052954545456,-0.05707726125,0.00046447438977272726,0.26152089295454545,1222.0,1300.7628865979382,1219.2371134020618,1302.2371134020618,0.0,0.0,0.0,0.0,0.0,0.0,0.0,0.0,0.043009885,0.01424779,0.15393078500000001,-2.2559367999999997,-0.03411721400000001,-9.6205015,16.000954150943397,24.89588813207547,101132.9622264151,0.014052378677083333,0.11488322827083333,0.017583370437500002,0.9931222275,40.94693888888889,31.488799814814815,-15.041695222222224,-2.63902015,0.12914810268518517,0.009995136657407408,-0.161796375,0.046147261999999994,0.5216372899999999,4800.517136346717,5727.531087239361,4792.469935825699,5719.3723958338705,"1,1,25",0
1030,69348000,73.95800000000074,-0.0007673777403846152,-0.05689286317307692,-1.4686599230769254e-05,0.26158428653846155,1221.7403846153845,1301.0,1219.0,1302.0,0.0,0.0,0.0,0.0,0.0,0.0,0.0,0.0,0.050533625,0.00572573315,0.15705990749999998,-2.2843679249999997,-0.038307062749999995,-9.593866250000001,16.040958076923076,24.895893807692307,101132.45099999999,0.010050396370833334,0.11472896841666666,0.018341198250000003,0.9931748395833333,40.813894375,31.4939295625,-15.040355937500001,-2.64098978125,0.10833034625,0.0082796351875,-0.16078623449999999,0.049909932899999995,0.5214915769999999,4807.21535644526,5716.70300292958,4792.3679443363035,5725.176904296614,"1,1,25",0
1031,69398000,74.00800000000073,-0.0006124042788461538,-0.057021589134615386,-5.23588203846154e-05,0.2615338346153846,1221.2596153846155,1301.0,1219.0,1302.0,0.0,0.0,0.0,0.0,0.0,0.0,0.0,0.0,0.03288987975,0.0131163025,0.1514673175,-2.1921911874999997,0.0098762518,-9.681403375,16.02877,24.895899384615383,101132.59023076923,0.006072490730769231,0.1146023026923077,0.018926763596153848,0.99321055,40.68071729166667,31.497947270833333,-15.0387465625,-2.64307196875,0.08663395041666666,0.006757796645833333,-0.16141692500000002,0.05210052575,0.5209377475,4800.930468750128,5725.3398193359735,4796.891748046514,5715.857299804825,"1,1,25",0
1032,69448000,74.05800000000073,-0.000589755049090909,-0.05750827936363636,-0.00017038492290909093,0.2615413290909091,1221.0,1301.0,1219.2323232323233,1302.0,0.0,0.0,0.0,0.0,0.0,0.0,0.0,0.0,0.040080668125,0.012084372625,0.15729291625,-2.2753893375,0.010175526124999994,-9.6032945,16.027957403846155,24.895903173076924,101132.64153846154,0.0020988756627450984,0.11436460029411764,0.019344324215686277,0.9932462321568627,40.54785231578948,31.500439242105262,-15.036166336842106,-2.6450663589473686,0.06508214154736842,0.0055623196526315795,-0.1623723225,0.05260382725,0.5214411375,4797.767187499827,5716.147900390544,4796.4298339847555,5728.276464843719,"1,1,25",0
1033,69498000,74.10800000000073,-1.5065113636363644e-05,-0.057231691818181815,-0.0002616175359090909,0.2615957072727273,1221.0,1301.0,1219.7373737373737,1302.0,0.0,0.0,0.0,0.0,0.0,0.0,0.0,0.0,0.026565119499999998,0.010253177499999998,0.156660435,-2.186205475,-0.021547645250000004,-9.65521725,16.014233557692307,24.895906076923076,101132.83492307692,-0.001919609323076923,0.11410556,0.019740185192307694,0.9932687276923077,40.41517863157895,31.501996084210525,-15.03299107368421,-2.6470069378947367,0.04361895049473684,0.0045668707052631576,-0.1593194408695652,0.05589111252173913,0.5226087643478261,4798.078125000062,5728.232910156248,4798.156738281136,5722.2031250000655,"1,1,25",0
1034,69548000,74.15800000000074,-3.4553173584905665e-05,-0.05713093133962264,0.00014475472698113206,0.2618288064150944,1221.24,1301.24,1220.24,1302.24,0.0,0.0,0.0,0.0,0.0,0.0,0.0,0.0,0.03695153525,0.0086551545,0.15459647999999998,-2.25743305,0.03471609,-9.5178505,15.991661442307693,24.895909923076925,101133.08107692307,-0.005874977911111111,0.11388438433333334,0.02006797888888889,0.993272511111111,40.283314356435646,31.50229798019802,-15.030197920792078,-2.6470489376237625,0.022474757304950493,0.0032079866712871287,-0.1606301945,0.05925709745,0.519722161,4801.487109375024,5719.360400390673,4786.375976562374,5734.036791992312,"1,1,25",0
1035,69598000,74.20800000000074,0.00043163519999999994,-0.057117919021276595,2.887236297872339e-05,0.2621742068085106,1221.74,1301.74,1220.74,1302.74,0.0,0.0,0.0,0.0,0.0,0.0,0.0,0.0,0.022636881,-0.0009989487889925,0.1563941325,-2.18291355,0.03411754761956,-9.532217,16.03545134615385,24.89591376923077,101132.54323076922,-0.009862199617647059,0.1138062494117647,0.02036592676470588,0.9932432764705883,40.15176485148515,31.502111841584156,-15.027553366336633,-2.6463526009900993,0.0014546188396039605,0.0017077667702970296,-0.1605192325,0.0606552721,0.5210030480000001,4806.544896176058,5733.586991159358,4807.792583264822,5720.765496505157,"1,1,25",0
1036,69648000,74.25800000000073,-3.436238490566032e-05,-0.056823291509433965,-0.00011077092226415094,0.26227028037735844,1222.0,1302.2376237623762,1220.7623762376238,1303.0,0.0,0.0,0.0,0.0,0.0,0.0,0.0,0.0,0.036964673999999996,0.00340882672,0.15414378,-2.1969195200000002,-0.027054312000000004,-9.6462394,15.970263076923077,24.895915807692308,101133.31442307691,-0.01384106295283019,0.11383520679245283,0.02071239990566038,0.9931851566037736,40.0203102,31.50085445,-15.025234699999999,-2.64549557,-0.019708678855,8.547953999999986e-05,-0.15983172857142858,0.062398917619047624,0.5202793047619048,4809.649135044632,5723.409109932992,4797.342726934314,5732.168968564053,"1,1,25",0
1037,69698000,74.30800000000073,0.0001314477624999999,-0.05709144225,2.1670361249999994e-05,0.26245461625,1222.0,1302.7326732673268,1220.2673267326732,1303.0,0.0,0.0,0.0,0.0,0.0,0.0,0.0,0.0,0.03165828825,-0.0002330893875,0.156660475,-2.2373815,0.058957384,-9.5359555,16.052425576923078,24.89591773076923,101132.33038461539,-0.017812875416666665,0.11380546354166667,0.021163451166666666,0.9931162270833334,39.8888962,31.499137949999998,-15.0230557,-2.6445696699999997,-0.040933330505000004,-0.0015891222600000001,-0.15987197849999998,0.06509539574999999,0.5204179325,4807.7884033203745,5736.909545898623,4811.376025390404,5722.9409179688955,"1,1,25",0
1038,69748000,74.35800000000074,-0.0001978317632692308,-0.05728890523076923,0.0001464192978846154,0.2625934501923077,1222.0,1302.54,1220.69,1303.0,0.0,0.0,0.0,0.0,0.0,0.0,0.0,0.0,0.049268715,0.004260884,0.159257,-2.2481554,-0.021547649,-9.743204,16.03527076923077,24.895918,101132.52453846154,-0.021788223,0.11374137633333334,0.0216646215625,0.9930333229166667,39.75740975,31.49610895,-15.021067799999999,-2.643671875,-0.0619102979,-0.00368613997,-0.16008171,0.06536352,0.5189371,4816.944893973416,5723.300664992263,4793.787295386641,5741.150971912282,"1,1,25",0
1039,69798000,74.40800000000074,0.000306659520625,-0.05649580625,-0.00020970224874999996,0.26268661374999996,1222.0,1301.54,1222.19,1303.0,0.0,0.0,0.0,0.0,0.0,0.0,0.0,0.0,0.021771435,0.0012648204249999999,0.151600445,-2.2293011750000002,0.0104747999071175,-9.559749,15.995453557692308,24.895918,101132.98634615385,-0.025757320865384615,0.11375121896153846,0.022130385423076923,0.9929267494230769,39.62589225,31.49251745,-15.0191618,-2.6427861249999998,-0.08278111490000001,-0.00596419307,-0.1607984865,0.0691770065,0.5198842635,4813.365161132811,5736.320141601549,4812.058471679795,5726.633789062528,"1,1,25",0
1040,69848000,74.45800000000074,0.0005575550423076924,-0.056277140576923075,-0.0002536951294230769,0.2627463751923077,1222.0,1301.23,1222.77,1303.0,0.0,0.0,0.0,0.0,0.0,0.0,0.0,0.0,0.031791339375000005,0.008022701825,0.15000259624999998,-2.1875522125,-0.011821205749999997,-9.590275125,16.0006,24.895918,101132.958,-0.029675674211538463,0.11378563596153846,0.02236624323076923,0.9928081919230769,39.494262,31.4872109375,-15.01789,-2.641890275,-0.10333624125,-0.007771809,-0.15752224950000002,0.0726889761,0.519802193,4818.280151367277,5730.6097656250695,4800.548828124455,5736.982202148591,"1,1,25",0
1041,69898000,74.50800000000073,0.0009588441817500001,-0.0564865711875,-4.014844124999997e-05,0.26279803687500003,1222.0,1301.73,1222.27,1303.0,0.0,0.0,0.0,0.0,0.0,0.0,0.0,0.0,0.01751039825,0.000998612595,0.1506017575,-2.2409728,0.00389074675,-9.66329825,16.01865769230769,24.895915153846154,101132.72615384615,-0.0336173631875,0.11375281708333333,0.022641396666666667,0.9926804072916666,39.362583428571426,31.481169419642857,-15.01689,-2.6409900964285713,-0.12375607160714286,-0.009377809,-0.1586135645,0.0724962845,0.518939587,4808.646704101422,5741.31835937502,4821.105615234342,5725.948486328418,"1,1,25",0
1042,69948000,74.55800000000075,-0.000988381237,-0.05703440217307692,-0.0001755004601923077,0.26271802192307697,1222.0,1301.77,1222.0,1302.77,0.0,0.0,0.0,0.0,0.0,0.0,0.0,0.0,0.04287695,0.003728258,0.14993596,-2.201469,0.086191446,-9.630676,15.970353365384614,24.895912653846153,101133.30625,-0.037572821520833334,0.11368024479166668,0.02302725079166667,0.9925378862500001,39.23081711363636,31.474372579545452,-15.016408545454546,-2.640303795454545,-0.14423787613636363,-0.011617746238636364,-0.1579478595652174,0.07500615,0.5193897743478261,4820.54708426365,5734.197800409239,4806.832031249598,5733.6807338169465,"1,1,25",0
1043,69998000,74.60800000000074,-0.001475851386875,-0.05673095375,-0.000171484881875,0.26259825125,1222.0,1301.27,1222.0,1302.27,0.0,0.0,0.0,0.0,0.0,0.0,0.0,0.0,0.031691677,0.0054591545000000005,0.15512915500000002,-2.23977615,0.007182773999999999,-9.6043415,16.009809423076923,24.895908192307694,101132.83490384616,-0.041540617559322035,0.1136109253220339,0.023646746677966103,0.9923721991525424,39.09894779545455,31.46668905681818,-15.016535818181818,-2.639868568181818,-0.16479243295454543,-0.014601870670454545,-0.15638169761904763,0.07766845171428571,0.5186804976190476,4812.627661132615,5732.657812499776,4818.410693359527,5725.1075683594,"1,1,25",0
1044,70048000,74.65800000000074,-0.0013009687894117647,-0.05711634588235294,8.985407803921571e-05,0.26232652274509805,1221.77,1301.46,1221.77,1301.77,0.0,0.0,0.0,0.0,0.0,0.0,0.0,0.0,0.0467649332,0.0127833246,0.159150552,-2.27018202,0.0921769348,-9.737457599999999,16.018441,24.89590430909091,101132.76045454545,-0.045563494545454546,0.11349168927272726,0.024175939636363636,0.9921978636363636,38.96704639393939,31.457671777777776,-15.016439303030303,-2.6390908535353534,-0.18576920202020203,-0.018121627191919194,-0.1574249542857143,0.08008186190476191,0.5178649285714286,4812.802083333366,5718.603352864473,4803.453822544176,5741.392926897644,"1,1,25",0
1045,70098000,74.70800000000074,-0.0009664249000000001,-0.057760861959183674,0.00043107119959183676,0.2618990995918367,1221.27,1302.46,1221.27,1301.27,0.0,0.0,0.0,0.0,0.0,0.0,0.0,0.0,0.022903439,0.0113183285,0.1549959675,-2.232293925,-0.0053867882749999985,-9.560048625,16.02584669811321,24.895899075471696,101132.68462264151,-0.04955127169811321,0.11319581226415094,0.024668660113207546,0.9920277867924528,38.83513124242424,31.44808288888889,-15.016246878787879,-2.6381663585858584,-0.2069269191919192,-0.021870940323232325,-0.156014318,0.08226009299999999,0.51899468,4802.352027529677,5731.001929873594,4804.7363513766895,5721.345726376044,"1,1,25",0
1046,70148000,74.75800000000075,-0.00036951496923076903,-0.05740450640384616,0.00039460137115384617,0.2618052525,1221.0,1303.0,1221.0,1301.0,0.0,0.0,0.0,0.0,0.0,0.0,0.0,0.0,0.041545338875,0.010919038499999999,0.1519999325,-2.2487543125,-0.018405261,-9.48522975,16.03825028846154,24.895892788461538,101132.52115384616,-0.05346682954545455,0.112966725,0.02498915609090909,0.9918430613636363,38.7030249009901,31.43726306930693,-15.015783099009901,-2.6362943792079205,-0.22717924752475246,-0.022100884356435643,-0.1579940605,0.08365530040000001,0.5182033555,4803.239672851627,5727.197363281094,4794.347998046645,5722.283422851768,"1,1,25",0
1047,70198000,74.80800000000075,-0.0005722141624999999,-0.0573535251875,0.00040252058187499997,0.2619926375,1221.0,1303.0,1221.0,1301.0,0.0,0.0,0.0,0.0,0.0,0.0,0.0,0.0,0.038516079375,0.0064581886875,0.15725965125,-2.187702,0.03172334,-9.544336125000001,16.010892884615384,24.89588676923077,101132.82826923077,-0.05739759201923077,0.1127867876923077,0.02549661601923077,0.9916302776923076,38.57084420792079,31.425964554455444,-15.015213792079209,-2.6340539336633664,-0.2470794801980198,-0.020962184851485148,-0.1564417625,0.084891623,0.5186776115,4802.450463867226,5734.468188476911,4800.231811523634,5721.0253906246835,"1,1,25",0
1048,70248000,74.85800000000074,-0.00013196369411764717,-0.05708207762745098,0.0002818694954901961,0.26226247549019605,1221.0,1303.0,1221.4842105263158,1301.0,0.0,0.0,0.0,0.0,0.0,0.0,0.0,0.0,0.05110858618181818,-0.0015493479636363634,0.15886966636363636,-2.219969109090909,0.003591470181818181,-9.608801909090909,15.994800294117647,24.895879019607843,101133.00039215686,-0.06135347705882353,0.11270819921568627,0.026096548235294118,0.9913866635294117,38.43913646464647,31.413498686868685,-15.014524363636363,-2.6309947292929294,-0.26670041616161616,-0.019819874696969695,-0.15518378600000002,0.08923592799999999,0.5189521445,4810.732812500154,5727.393920898165,4804.3129394531525,5733.904785156588,"1,1,25",0
1049,70298000,74.90800000000074,5.720110000000003e-05,-0.0568852215,0.00015791398000000002,0.262537275,1221.0,1303.0,1222.536842105263,1301.0,0.0,0.0,0.0,0.0,0.0,0.0,0.0,0.0,0.04627230375,0.00039952115000000006,0.152133125,-2.2723967,-0.013167943500000001,-9.58369175,16.00277982142857,24.89587142857143,101132.91785714286,-0.06535475122448979,0.11271631551020407,0.02679373812244898,0.9911117155102042,38.30763141414141,31.400532525252526,-15.013783454545456,-2.627584628282828,-0.28620165353535354,-0.01867601712121212,-0.154830945,0.09065957499999999,0.51843023,4818.047688801845,5729.371582031592,4803.716169085315,5729.797154017483,"1,1,25",0
1050,70348000,74.95800000000075,-1.3700663157894871e-05,-0.056871203754385966,0.0002050336657894737,0.26272168421052633,1221.2666666666667,1303.0,1223.2666666666667,1301.2666666666667,0.0,0.0,0.0,0.0,0.0,0.0,0.0,0.0,0.035819315625,0.004627277125,0.15829171250000001,-2.22570985,0.01601139125,-9.511415125000001,16.054813962264152,24.89586396226415,101132.29811320755,-0.06932314458333333,0.11271719604166666,0.027346167062500003,0.9908267897916667,38.17641733944954,31.3863427706422,-15.013552550458716,-2.6251227211009174,-0.30651016036697243,-0.018163787311926607,-0.153444677,0.094253646,0.5167331319999999,4811.973510742268,5734.795288085866,4809.311962890442,5733.935156250301,"1,1,25",0
1051,70398000,75.00800000000075,-0.00027537563124999977,-0.0566455579375,3.749605875000002e-05,0.26285065375,1221.7428571428572,1303.0,1223.7428571428572,1301.7428571428572,0.0,0.0,0.0,0.0,0.0,0.0,0.0,0.0,0.03881578,-0.0013981527,0.15885751250000002,-2.237082325,0.02813203325,-9.46098675,16.04511203846154,24.89585526923077,101132.39461538462,-0.0733252999,0.1127093225,0.027817091300000003,0.9905255860000001,38.04531642201835,31.371677174311927,-15.013519981651376,-2.623029555963303,-0.3271326053211009,-0.017897190522935782,-0.15375949043478263,0.09288072869565217,0.5175987634782608,4816.3004092261135,5724.973539806763,4814.3528878354855,5736.173246837193,"1,1,25",0
1052,70448000,75.05800000000075,0.0002955118307692308,-0.05661009676923077,0.00018689857615384616,0.2629299353846154,1222.0,1303.23,1223.77,1301.77,0.0,0.0,0.0,0.0,0.0,0.0,0.0,0.0,0.02989411425,0.005725802175,0.155262265,-2.244265125,0.03321972125,-9.6438465,16.040416346153844,24.89584578846154,101132.48057692307,-0.0773269269,0.11270204724999999,0.0281871786,0.990213204,37.91432869565217,31.355535293478262,-15.014160630434782,-2.6200881576086954,-0.3481208566304348,-0.018074304717391305,-0.1529744875,0.0970977775,0.517195685,4815.065478515667,5735.120971679677,4818.8275634762795,5729.852319336218,"1,1,25",0
1053,70498000,75.10800000000074,-8.120918749999822e-06,-0.056858808000000004,0.00063354965875,0.26287880875,1222.0,1303.73,1223.27,1301.27,0.0,0.0,0.0,0.0,0.0,0.0,0.0,0.0,0.0431430955,0.01651161325,0.1541970825,-2.246060575,0.01107335075,-9.558850249999999,16.084207115384615,24.89583684615385,101131.97817307692,-0.08128554557692308,0.11249442923076923,0.028642355326923077,0.9899056338461538,37.783437391304346,31.33813583695652,-15.015374760869566,-2.616424190217391,-0.36942072076086957,-0.01862939493478261,-0.154446682,0.1008343605,0.5177782525,4821.067236328114,5737.582934570471,4800.5908935549405,5741.195654296399,"1,1,25",0
1054,70548000,75.15800000000075,0.0006308364403846153,-0.05656558838461538,-0.00012769225115384614,0.26271465615384615,1221.54,1303.31,1222.77,1301.0,0.0,0.0,0.0,0.0,0.0,0.0,0.0,0.0,0.02949438,0.0039948731,0.1553954925,-2.2358855,0.0065842217500000026,-9.5528665,16.072198750000002,24.895825249999998,101132.09826923076,-0.085234437375,0.11234081458333334,0.0290986238125,0.989577890625,37.6527271875,31.3193244375,-15.016559,-2.6127655,-0.38977306125,-0.020504986375,-0.152257638,0.101089304,0.5169702225,4811.951855468617,5740.25378417965,4816.789331054637,5725.097143554733,"1,1,25",0
1055,70598000,75.20800000000075,8.88036875e-06,-0.0566475544375,-0.000655468916875,0.262287686875,1220.54,1301.81,1222.27,1301.0,0.0,0.0,0.0,0.0,0.0,0.0,0.0,0.0,0.0445414925,0.004194554575,0.15998938,-2.277784,0.037708851,-9.672873749999999,16.01477528846154,24.89581275,101132.8035576923,-0.08923696134615385,0.11225297461538461,0.02959869546153846,0.9892196990384615,37.52209459821428,31.299907919642855,-15.01773042857143,-2.6091090714285716,-0.40971932017857143,-0.022946506910714287,-0.1528999675,0.103396226,0.515858695,4812.363842773479,5728.537988281417,4806.211816406143,5736.53903808541,"1,1,25",0
1056,70648000,75.25800000000075,0.00022654459807692313,-0.056628871634615385,-0.00048335820326923074,0.26185739442307693,1220.23,1301.46,1221.77,1301.0,0.0,0.0,0.0,0.0,0.0,0.0,0.0,0.0,0.044075158375,0.0022636953125000003,0.15496273625,-2.2334908875,-0.024390766874999997,-9.5512185,16.019289711538462,24.89580025,101132.73144230769,-0.09325465849999999,0.11216150153846154,0.030264374307692306,0.9888394317307693,37.391301886363635,31.279644079545456,-15.01900125,-2.6055158704545454,-0.4295445453409091,-0.02421886840909091,-0.150727459,0.1062085968,0.5158375534999999,4805.1980468749425,5725.125830078188,4806.399047851409,5721.9995605469185,"1,1,25",0
1057,70698000,75.30800000000075,-7.277048625e-05,-0.05690202225,-6.326506875000001e-05,0.261745408125,1220.73,1302.46,1221.27,1301.0,0.0,0.0,0.0,0.0,0.0,0.0,0.0,0.0,0.04347607025,0.008122781249999999,0.1492036,-2.2346884,0.0017958159999999987,-9.560048125,16.041499730769228,24.89578680769231,101132.47557692308,-0.09720348260416665,0.11205572354166667,0.0309262208125,0.9884510083333333,37.260321204545455,31.258385556818183,-15.02038875,-2.601996893181818,-0.4492276873863636,-0.024118738863636364,-0.15129573400000002,0.1093607775,0.51532233,4813.001098633063,5726.060595703251,4789.677612304396,5726.718994140658,"1,1,25",0
1058,70748000,75.35800000000076,0.00022437588057692308,-0.05736387965384616,0.0004416486811538461,0.26156856057692307,1221.23,1302.31,1220.77,1301.46,0.0,0.0,0.0,0.0,0.0,0.0,0.0,0.0,0.039481324250000005,0.0040612384,0.15932366,-2.256235925,0.026934940249999997,-9.5474785,15.991932211538462,24.89577425,101133.06557692308,-0.10111206385416667,0.11187232575,0.03150574820833334,0.9880611510416667,37.12942255,31.2354796,-15.0220342,-2.598676525,-0.469670587,-0.024308402,-0.1480080055,0.110994371,0.515921302,4800.60058593728,5723.322094726312,4803.06953125019,5715.8902587890725,"1,1,25",0
1059,70798000,75.40800000000075,-0.001564246946875,-0.05743578875,-2.038969500000004e-05,0.261512539375,1221.73,1300.81,1220.27,1302.46,0.0,0.0,0.0,0.0,0.0,0.0,0.0,0.0,0.045939192499999996,0.0126502285,0.15812526999999998,-2.2700025,0.04399363,-9.581595625,16.03120778846154,24.89576175,101132.58480769231,-0.10511607275,0.11169837125,0.032001682000000004,0.9876461937500001,36.99855905,31.2118676,-15.0237902,-2.5954412749999998,-0.490439097,-0.024622262,-0.1488248585,0.11310676,0.5170304179999999,4802.239062500046,5714.102172851323,4789.734228515537,5731.003173828412,"1,1,25",0
1060,70848000,75.45800000000075,-0.0011756903307692309,-0.05678488517307692,-3.413467807692307e-05,0.2613090217307692,1221.54,1300.23,1219.77,1302.77,0.0,0.0,0.0,0.0,0.0,0.0,0.0,0.0,0.02217089625,0.005858954125,0.15226626,-2.199373875,0.0595559425,-9.561244875,16.042041576923076,24.895748423076924,101132.45865384614,-0.1091179255625,0.11153104999999999,0.0324212410625,0.9872183343750001,36.8680375,31.18641915,-15.02600855,-2.59245715,-0.5119498625,-0.02490379215,-0.147315474,0.11534399105000001,0.51466486,4794.09135742166,5718.389697265886,4801.243554687677,5712.515405272868,"1,1,25",0
1061,70898000,75.50800000000075,-0.00031286568124999994,-0.0569869755625,0.00025476912625000005,0.261015181875,1220.54,1300.73,1219.27,1302.27,0.0,0.0,0.0,0.0,0.0,0.0,0.0,0.0,0.028629021499999997,0.012450285,0.1529320325,-2.233491025,0.01765740625,-9.560945375,16.046556615384617,24.89573575,101132.38692307692,-0.11299771802083333,0.11136174625,0.03258220147916667,0.9867954689583334,36.7376625,31.16018365,-15.02842505,-2.5895806500000003,-0.5337787375,-0.02517146665,-0.145955241,0.11725789049999999,0.515984613,4798.029687500009,5718.731469726577,4785.986767577814,5712.400512695757,"1,1,25",0
1062,70948000,75.55800000000076,-0.0009500155709615385,-0.05762293217307692,9.088466384615385e-05,0.26082804134615384,1220.2323232323233,1301.0,1218.7676767676767,1302.2323232323233,0.0,0.0,0.0,0.0,0.0,0.0,0.0,0.0,0.030470910833333333,0.010785714375,0.15100127083333334,-2.2462601583333335,0.025338799166666665,-9.47505375,16.079242,24.895724,101132.025,-0.11689155229166667,0.11104705125,0.03291810752083334,0.9863660275,36.6077495,31.13211695,-15.0315328,-2.5852876300000003,-0.55480921,-0.02338136585,-0.1454860015,0.1206863555,0.51464943,4784.664574032522,5719.984909784159,4790.966843378238,5700.841750371563,"1,1,25",0
1063,70998000,75.60800000000076,-0.001231107884680851,-0.057699614638297876,0.00031121886170212766,0.2607445285106383,1220.7373737373737,1301.0,1218.2626262626263,1302.7373737373737,0.0,0.0,0.0,0.0,0.0,0.0,0.0,0.0,0.0591889635,0.011717822,0.16118777,-2.274192625,0.058358837499999996,-9.53999575,16.05973923076923,24.89571175,101132.26576923077,-0.12084573225,0.11076526625000001,0.033475533625,0.98590146875,36.4780345,31.10326545,-15.0349368,-2.5803875300000003,-0.57549751,-0.02070936135,-0.145981676,0.12130515025000001,0.514696505,4792.583855879888,5710.785695929027,4775.648257606792,5726.391987048153,"1,1,25",0
1064,71048000,75.65800000000075,-0.0014631908256603774,-0.05761808720754717,0.0002832564894339623,0.26068372679245283,1221.0,1301.0,1218.2376237623762,1302.5247524752476,0.0,0.0,0.0,0.0,0.0,0.0,0.0,0.0,0.033655782625000005,-0.0022969792812622815,0.1502688575,-2.22241775,0.0520740625,-9.569774875,16.079150961538463,24.895700596153844,101132.03307692308,-0.124816571625,0.11053436,0.0341324464375,0.9854110843749999,36.34852956730769,31.07341716346154,-15.03742547596154,-2.575240716346154,-0.5961068129807692,-0.018717297596153846,-0.1449927115,0.1246303285,0.513659588,4793.04416503891,5711.1088623047435,4783.861083984766,5709.0754150382645,"1,1,25",0
1065,71098000,75.70800000000075,-0.000498881919375,-0.056993199187499996,0.00038594378625,0.26051109375000003,1221.0,1301.0,1218.7326732673268,1301.5346534653465,0.0,0.0,0.0,0.0,0.0,0.0,0.0,0.0,0.025632888,-0.0035284605675,0.1490704775,-2.2313964,0.029029860249999997,-9.3966435,16.085562076923075,24.895689384615384,101131.97057692308,-0.12863509895833333,0.11061245833333333,0.03439526775,0.984901986875,36.21911466346154,31.04314168269231,-15.039521870192308,-2.569988168269231,-0.6166822600961538,-0.01701663701923077,-0.1449219315,0.12423833949999999,0.513276192,4792.371117001592,5708.826148623547,4781.554082961129,5702.297944568609,"1,1,25",0
1066,71148000,75.75800000000076,-1.7379423076927317e-07,-0.05701043973076923,0.0003832651617307692,0.26039024423076923,1220.54,1300.77,1218.77,1301.23,0.0,0.0,0.0,0.0,0.0,0.0,0.0,0.0,0.01977403875,0.00246336575,0.15419704,-2.2182278999999996,0.02334363475,-9.6094285,16.04962703846154,24.895679634615387,101132.36788461538,-0.13246746326923076,0.11063067711538462,0.03456496675,0.984385398076923,36.09028411458333,31.012053072916668,-15.040538890625,-2.5649693770833335,-0.6368644727083332,-0.0154346296875,-0.1420164985,0.12704112950000002,0.5142528585,4783.366967773036,5710.001635742214,4793.614770508312,5693.32739257742,"1,1,25",0
1067,71198000,75.80800000000076,2.546195625000025e-05,-0.057235209875,7.841712315e-05,0.26008083875,1219.54,1300.27,1218.27,1301.73,0.0,0.0,0.0,0.0,0.0,0.0,0.0,0.0,0.042876832499999996,0.0207063575,0.1519333325,-2.26311955,0.02169762,-9.495854625,16.03662453846154,24.895670423076922,101132.52865384615,-0.13641929145833334,0.11045447270833333,0.034906169041666664,0.9838534364583333,35.96181171875,30.98046609375,-15.040894359374999,-2.56009385625,-0.656805670625,-0.0139253453125,-0.141006792,0.128814905,0.51335792,4778.254345703208,5714.978442382591,4777.70964355435,5705.8757812505855,"1,1,25",0
1068,71248000,75.85800000000076,-0.0005662306617307692,-0.057546651346153846,-3.4031792307692483e-08,0.2603164132692308,1219.46,1300.0,1218.23,1301.77,0.0,0.0,0.0,0.0,0.0,0.0,0.0,0.0,0.04976314014285714,0.004641304271428571,0.1542350642857143,-2.2936451,-0.017614320428571428,-9.474541,16.042854,24.895661846153846,101132.46961538462,-0.14040753479166665,0.11008298395833334,0.03558039416666667,0.983309634375,35.8335006,30.94747385,-15.040436099999999,-2.5542622550000003,-0.6761770595,-0.01066842895,-0.1419226304347826,0.1306114156521739,0.5129471565217392,4788.638671874815,5703.998535156547,4770.970703125395,5717.439453124717,"1,1,25",0
1069,71298000,75.90800000000075,-0.00012961236437499999,-0.056882167125,8.970297150000001e-05,0.260649121875,1220.46,1300.0,1218.73,1301.27,0.0,0.0,0.0,0.0,0.0,0.0,0.0,0.0,0.035914637,-0.004299293857142857,0.15910487285714284,-2.2007844000000003,0.02445522657142857,-9.462741285714285,16.045111692307692,24.895654153846156,101132.41673076923,-0.1443770613559322,0.11001920576271186,0.03622518771186441,0.9827175203389831,35.7052586,30.913879350000002,-15.039629099999999,-2.548020905,-0.6953042445,-0.0066625274500000005,-0.14190735304347826,0.13294781782608697,0.5114997695652174,4789.120744977781,5710.271042596558,4789.659970238283,5707.1419270835295,"1,1,25",0
1070,71348000,75.95800000000077,-0.00047074098235294116,-0.056489723666666665,-0.00016535860588235297,0.2610014968627451,1221.0,1300.2323232323233,1219.0,1301.2323232323233,0.0,0.0,0.0,0.0,0.0,0.0,0.0,0.0,0.044208575,-0.0018639553,0.1555286,-2.297237,0.06943202,-9.43914,16.072958235294116,24.895646843137254,101132.06558823529,-0.14832579363636364,0.11010169636363636,0.03673274636363636,0.9821025,35.5773673,30.878544650000002,-15.0379758,-2.54164617,-0.715097105,-0.00375858744,-0.139814,0.13615778,0.51263136,4795.797363281073,5716.44824218745,4787.138671875562,5707.874511718892,"1,1,25",0
1071,71398000,76.00800000000076,-0.00035210415416666685,-0.056719878375,-0.00014000621958333342,0.26133378208333335,1221.0,1300.7373737373737,1219.0,1301.7373737373737,0.0,0.0,0.0,0.0,0.0,0.0,0.0,0.0,0.041678499,0.00412795635,0.15699335,-2.29544105,-0.03651141250000001,-9.6049395,16.086350603773585,24.895640094339623,101131.91873584906,-0.15229171,0.11002818566037736,0.03729021701886792,0.9814817022641509,35.4496263,30.84246415,-15.035959799999999,-2.53521427,-0.735175255,-0.00132691664,-0.13931758857142856,0.13636391904761905,0.5101861457142858,4795.511847245289,5717.386076274649,4799.264031660878,5718.565044202611,"1,1,25",0
1072,71448000,76.05800000000076,-0.000235433083018868,-0.056810495849056605,0.0004388406160377358,0.26179307792452833,1221.2376237623762,1301.4752475247524,1219.2376237623762,1301.7623762376238,0.0,0.0,0.0,0.0,0.0,0.0,0.0,0.0,0.049301811125,0.00446067125,0.15579492375,-2.2423197875,0.039055583124999994,-9.492563,16.061636,24.895633807692306,101132.22523076923,-0.15626167875,0.10988031125,0.03794124525,0.98084962125,35.322757028846155,30.805100576923078,-15.033536346153845,-2.5287849451923075,-0.75535073125,-0.0005004737461538462,-0.138390761,0.140477268,0.509783985,4808.886669922023,5711.98237304686,4787.0168945312,5728.257104492193,"1,1,25",0
1073,71498000,76.10800000000076,0.0005079895637500001,-0.05660258125,0.0006510602406249999,0.26211642875,1221.7326732673268,1302.4653465346535,1219.7326732673268,1301.2673267326732,0.0,0.0,0.0,0.0,0.0,0.0,0.0,0.0,0.03095909875,0.00745680515,0.15845812125,-2.2524951,0.026785304625,-9.587282875,16.064705807692306,24.895627384615384,101132.17076923077,-0.160196069375,0.1097686315625,0.03850194975,0.9802052745833334,35.19626135576923,30.767187115384615,-15.03093826923077,-2.5223567240384615,-0.77556791875,-0.0003619856692307692,-0.1353377025,0.1412940725,0.5113120874999999,4805.092075892903,5725.886230468828,4808.9882347468565,5723.252232143025,"1,1,25",0
1074,71548000,76.15800000000077,0.0006834466950000001,-0.05665785330769231,0.0006693392296153846,0.26240875153846155,1222.0,1302.77,1220.23,1301.46,0.0,0.0,0.0,0.0,0.0,0.0,0.0,0.0,0.040556191,0.009739578357142857,0.1531317542857143,-2.1982192285714284,-0.010260695230112856,-9.683690857142857,16.077797346153847,24.89561998076923,101132.01211538461,-0.16410325354166666,0.1095896190625,0.038910302729166665,0.9795625491666667,35.069796505050505,30.728092414141415,-15.02913685858586,-2.516511295959596,-0.7956320535353536,-0.0010856767606060606,-0.13491342347826088,0.14322042869565216,0.50970485,4815.225585937516,5728.90332031287,4789.963867188195,5736.183593749377,"1,1,25",0
1075,71598000,76.20800000000077,0.0007167401531249999,-0.056551113625,0.000309333615,0.26272675125,1222.0,1302.27,1220.73,1302.46,0.0,0.0,0.0,0.0,0.0,0.0,0.0,0.0,0.03075954475,0.000998951385,0.1509346775,-2.30022915,-0.007481714625,-9.583093125,16.08511,24.895612999999997,101131.94,-0.1679773496153846,0.10940922057692308,0.03934627994230769,0.9789080490384615,34.94335054545454,30.68827372727273,-15.027823727272727,-2.511023063636364,-0.8156023818181818,-0.0023378002454545457,-0.13394428375,0.14741077083333334,0.5098642583333334,4815.395214843759,5738.079028320307,4818.553808593701,5719.482910156499,"1,1,25",0
1076,71648000,76.25800000000076,-0.00045182161826923077,-0.05670557565384616,-9.63720799999999e-05,0.2626054603846154,1222.0,1302.0,1221.23,1303.0,0.0,0.0,0.0,0.0,0.0,0.0,0.0,0.0,0.050733242,0.009720725500000001,0.15426361249999998,-2.19817685,0.0002994417500000006,-9.56573575,16.064885384615387,24.895604884615384,101132.20269230769,-0.171929144375,0.10926369052083333,0.039867676458333334,0.978217076875,34.81708509278351,30.647299164948453,-15.02717318556701,-2.505574706185567,-0.8358503919587629,-0.0033999525103092787,-0.1351377925,0.1479462,0.5105794295,4819.030419921891,5724.634448241975,4802.249365234135,5738.222460937688,"1,1,25",0
1077,71698000,76.30800000000076,0.00013286231175,-0.056455133125,-0.00038673600562499997,0.262587093125,1222.0,1302.0,1221.73,1303.0,0.0,0.0,0.0,0.0,0.0,0.0,0.0,0.0,0.0320907325,0.01051883375,0.156194515,-2.22361505,-0.029328808499999998,-9.533711499999999,16.084748846153847,24.89559544230769,101131.9525,-0.1758899978846154,0.10906600748076924,0.040418235326923076,0.977511981923077,34.690921175257735,30.605674422680412,-15.026895350515463,-2.500148778350516,-0.8562545981443299,-0.004355245963917526,-0.13151452916666667,0.1493615308333333,0.50863864375,4817.784106445043,5728.043139648743,4812.414477539093,5726.901318359418,"1,1,25",0
1078,71748000,76.35800000000077,-0.0007899259070000001,-0.05734265569230769,0.00016611095557692306,0.2626713434615385,1221.7676767676767,1302.0,1222.0,1302.7676767676767,0.0,0.0,0.0,0.0,0.0,0.0,0.0,0.0,0.030393330625,0.021738088750000002,0.15223293375,-2.1978773250000003,-0.02992735875,-9.513061125,16.041952115384618,24.895586653846156,101132.44692307693,-0.17976843833333334,0.10876844804166666,0.0407109419375,0.9768274487499999,34.5652108,30.5624395,-15.0270178,-2.4937407,-0.8765448645,-0.005997085625000001,-0.1323255695,0.151186588,0.5107063949999999,4809.718579101642,5735.325024414226,4800.169287109028,5742.314721679953,"1,1,25",0
1079,71798000,76.40800000000077,-0.0007902005021276596,-0.057257453659574464,0.0002754321659574468,0.2625680655319149,1221.2626262626263,1302.0,1222.0,1302.2626262626263,0.0,0.0,0.0,0.0,0.0,0.0,0.0,0.0,0.023269340875000002,0.0059254315,0.15765917875,-2.2462102625,0.0435447165,-9.700257875,16.06813576923077,24.89557694230769,101132.14788461538,-0.18364780647058823,0.10850270941176471,0.04093759035294118,0.976125445882353,34.4396948,30.518514500000002,-15.0273118,-2.4869117,-0.8967862995,-0.007933159375,-0.13180302300000002,0.15355121200000002,0.5088523475,4807.717567845428,5734.917943051062,4817.005062705627,5728.597913239882,"1,1,25",0
1080,71848000,76.45800000000077,-0.0007191779283018867,-0.056802685094339625,-0.00033343943094339625,0.26221134528301887,1221.0,1302.0,1221.7623762376238,1301.7623762376238,0.0,0.0,0.0,0.0,0.0,0.0,0.0,0.0,0.0363521455,0.00506017065,0.157392825,-2.23079745,0.009576975149999997,-9.5854855,16.083214,24.895566307692306,101131.96250000001,-0.18752959326530613,0.10840207591836734,0.041220869224489795,0.9753864502040817,34.31505106481482,30.472579592592595,-15.028122037037038,-2.4804255185185182,-0.9169462202777778,-0.00942380536574074,-0.13071273,0.15446343952380953,0.5102550219047619,4815.279956054896,5721.961743163748,4805.411669921679,5730.7883789062125,"1,1,25",0
1081,71898000,76.50800000000076,-0.0010077111012500002,-0.0568247905,-0.0003173632755625,0.26198154875,1221.0,1302.0,1221.2673267326732,1301.2673267326732,0.0,0.0,0.0,0.0,0.0,0.0,0.0,0.0,0.03344176314285714,0.010310215857142858,0.15876242285714284,-2.256364085714286,-0.031466489,-9.409041714285715,16.052516846153846,24.89555478846154,101132.3273076923,-0.19143661192307693,0.10826841096153847,0.04163357663461539,0.9746242384615385,34.19078115740741,30.4257832962963,-15.02915351851852,-2.474086259259259,-0.937071206388889,-0.01072355374537037,-0.12901409913043477,0.15739636739130436,0.5084761460869566,4799.393763950647,5722.852376302053,4811.207775297635,5725.030552455408,"1,1,25",0
1082,71948000,76.55800000000077,-0.0007423797199999998,-0.057294976461538465,0.00023194539013461543,0.26186424115384616,1220.77,1302.23,1221.23,1300.54,0.0,0.0,0.0,0.0,0.0,0.0,0.0,0.0,0.035353210749999996,0.0123168685,0.153930795,-2.288857225,-0.027533157500000002,-9.6016485,16.066059153846155,24.895544211538464,101132.1926923077,-0.19533833875,0.10800958283333334,0.041975242291666666,0.9738641718750001,34.066867423913045,30.377997445652174,-15.03016447826087,-2.467087858695652,-0.9568634836956522,-0.012120222141304347,-0.1274281275,0.15979696,0.50905417,4802.431909179877,5720.3185546873865,4799.4140136714905,5731.761865234593,"1,1,25",0
1083,71998000,76.60800000000077,-0.0003155431312500002,-0.057189877125000003,0.00056375664375,0.2616446725,1220.27,1302.73,1221.73,1299.54,0.0,0.0,0.0,0.0,0.0,0.0,0.0,0.0,0.02589924675,0.005858621875,0.155528625,-2.2119434250000003,0.020350883,-9.594765,16.128268826923076,24.89553080769231,101131.40788461539,-0.19917454846153845,0.10775767392307692,0.04230741105769231,0.9731001769230769,33.943257097826084,30.32936864130435,-15.03115795652174,-2.4595279673913044,-0.9763723423913043,-0.013599452032608695,-0.1269059025,0.1605381375,0.50812484,4799.27846679652,5727.799194336192,4802.938818359793,5715.0052246088035,"1,1,25",0
1084,72048000,76.65800000000077,0.000562950850980392,-0.05729378462745098,0.0003786053666666666,0.26141846117647055,1220.23,1302.54,1221.54,1299.69,0.0,0.0,0.0,0.0,0.0,0.0,0.0,0.0,0.0477370915,0.004793974125,0.15932364875,-2.26671085,0.0026936442375000043,-9.5604975625,16.04294448076923,24.895520961538463,101132.46269230769,-0.203027384,0.10759052,0.042713376836363635,0.9723040763636364,33.8200936,30.27960395,-15.03245735,-2.45059075,-0.9951588650000001,-0.0132037768,-0.12555019,0.1617552625,0.50676451,4798.46010742191,5717.335620116644,4800.321826171541,5715.530419922509,"1,1,25",0
1085,72098000,76.70800000000077,-0.0011330883102040816,-0.057716078530612246,-6.0159111020408176e-05,0.2614631142857143,1220.73,1301.54,1220.54,1301.19,0.0,0.0,0.0,0.0,0.0,0.0,0.0,0.0,0.0520915396,0.00617831722,0.157978702,-2.22469224,-0.025378371400000002,-9.4705054,16.025338903846155,24.895507884615384,101132.64923076924,-0.20697643142857142,0.10732925428571428,0.043441624285714284,0.9714684285714286,33.697121599999996,30.22935245,-15.03388785,-2.44106325,-1.013635815,-0.012004570800000001,-0.12636525761904763,0.16491277142857141,0.5061552285714285,4795.892041015501,5717.1632080079235,4794.304125976761,5727.599218749658,"1,1,25",0
1086,72148000,76.75800000000078,-0.001455663849019608,-0.05722027984313726,4.0774544117647084e-05,0.2615731080392157,1220.77,1301.23,1220.46,1301.31,0.0,0.0,0.0,0.0,0.0,0.0,0.0,0.0,0.04480755175,0.0042277312375,0.1560613275,-2.2656633375,0.0637457968625,-9.441535125,16.090075865384616,24.895496076923077,101131.89426923076,-0.21089233872340427,0.1071509529787234,0.044153325531914894,0.9706135212765957,33.574746,30.1773597,-15.0354111,-2.431940105,-1.033694835,-0.010625020300000001,-0.12373564819999999,0.167304975,0.506643533,4801.857519531296,5713.564770507641,4791.098437499918,5731.061499023777,"1,1,25",0
1087,72198000,76.80800000000077,-0.0002480311816326535,-0.05667842465306123,0.00029868502591836736,0.26150970918367344,1220.27,1301.73,1221.46,1299.81,0.0,0.0,0.0,0.0,0.0,0.0,0.0,0.0,0.02936142375,-0.0022637679,0.1497362075,-2.2361848,-0.037109968300000004,-9.46218625,16.12610175,24.89548375,101131.4509423077,-0.21474729591836736,0.1071119084489796,0.04459290612244898,0.9697519636734694,33.452626,30.1246207,-15.0369741,-2.4229902549999998,-1.054431885,-0.0091681793,-0.12373918857142857,0.16918137142857143,0.5057126285714286,4803.8604492183185,5715.731250000264,4800.058862305357,5717.568286131778,"1,1,25",0
1088,72248000,76.85800000000077,0.0011846329496153843,-0.056700708076923075,0.00043304483384615385,0.26136351307692307,1220.23,1302.0,1221.54,1299.23,0.0,0.0,0.0,0.0,0.0,0.0,0.0,0.0,0.02133835525,0.0033291053749999995,0.155462075,-2.2215203624999997,-0.0344164886625,-9.50109175,16.096847750000002,24.89547275,101131.82875,-0.21855656541666665,0.10712740479166666,0.044738163500000004,0.9688920929166667,33.3308847,30.07063185,-15.0384538,-2.414474615,-1.07403084,-0.007987764625,-0.122023487,0.1715007385,0.50701443,4796.782177734524,5718.680664062381,4807.661889648243,5706.66674804708,"1,1,25",0
1089,72298000,76.90800000000077,-0.00023967336125,-0.057386458187499996,0.00083379392,0.2613156225,1220.73,1302.0,1220.54,1299.73,0.0,0.0,0.0,0.0,0.0,0.0,0.0,0.0,0.04380908,0.015446499249999999,0.15532883,-2.251148625,0.004788570999999999,-9.647138,16.068407346153847,24.895461461538464,101132.13653846153,-0.22238112557692308,0.10687433192307692,0.045169731096153846,0.9680289628846154,33.2093057,30.01610735,-15.0398978,-2.406145065,-1.09314204,-0.006925818375,-0.119876011,0.1729615525,0.506272655,4801.991967773502,5724.6306396484115,4784.821411132858,5723.206274413895,"1,1,25",0
1090,72348000,76.95800000000078,-0.0004004912603846153,-0.05704621621153846,0.0007731326626923077,0.2612197680769231,1220.77,1302.0,1220.0,1300.0,123450.0,2.0,0.9996830607692307,0.9997887375,0.9997887375,0.9997887375,0.0,0.0,0.043542704749999994,0.004527296625,0.1566604575,-2.2439659499999998,0.0395045,-9.627685249999999,16.096397057692307,24.895450596153847,101131.79615384615,-0.22621690480769233,0.1065855223076923,0.04581559817307692,0.967141355,33.0889804375,29.960199375,-15.041424125,-2.3961107,-1.11233918125,-0.00596253690625,-0.1174576514,0.1744904595,0.5036479875000001,4798.890112304549,5720.224780273171,4797.6605957033735,5713.1049804689565,"1,1,25",0
1091,72398000,77.00800000000078,-0.00015461373125000006,-0.057108023875,0.000497785521875,0.26114914125,1220.27,1302.0,1220.0,1300.0,123450.0,2.0,0.9996830607692307,0.9997887375,0.9997887375,0.9997887375,0.0,0.0,0.0468717645,0.008255739125,0.15912384499999999,-2.293645125,-0.020649825499999996,-9.559450375,16.128177961538462,24.895439384615383,101131.435,-0.23006638596153847,0.10639389134615385,0.04638077615384615,0.9662271278846154,32.96919249107143,29.903698482142858,-15.042985732142858,-2.3853457000000002,-1.1315731544642857,-0.0050415403437499996,-0.1190281035,0.177421007,0.5044320745,4798.127734374791,5714.85092773463,4780.380395507703,5725.85544433561,"1,1,25",0
1092,72448000,77.05800000000077,0.0001946632846153845,-0.056880230615384615,0.0002973241855769231,0.26117192692307695,1220.0,1301.77,1220.0,1300.0,123450.0,2.0,0.9996830607692307,0.9997887375,0.9997887375,0.9997887375,0.0,0.0,0.024567621499999998,-0.00013315729755999998,0.160721805,-2.2661119000000003,0.061052312250000004,-9.55286525,16.108766173076923,24.89542844230769,101131.6821923077,-0.2339228475,0.106198875,0.046887486875,0.96529810625,32.85014414772728,29.846340727272725,-15.04430259090909,-2.375040072727273,-1.150821243181818,-0.003910824148863636,-0.11621965499999999,0.1798543735,0.5048939015,4786.168212890426,5717.936157226337,4798.594628906601,5708.354321289197,"1,1,25",0
1093,72498000,77.10800000000077,-0.00034179221250000007,-0.0565692990625,0.000191766055625,0.26120206500000004,1220.0,1301.27,1220.0,1300.0,123450.0,2.0,0.9995302530769231,0.9996868625,0.9996868625,0.9996868625,0.0,0.0,0.054960906875,-0.0052264669375,0.15562853625,-2.2165820375000003,-0.017657072125,-9.520692875,16.074095807692306,24.895418423076922,101132.07907692308,-0.23778512625,0.10619218177083332,0.04737150258333333,0.96433094,32.731964034090915,29.78797709090909,-15.045332136363637,-2.3652737090909093,-1.1700859022727272,-0.0025339153420454548,-0.1141367965,0.1801422325,0.503095909,4805.165771484323,5705.424047851633,4783.063867187264,5718.355761718799,"1,1,25",0
1094,72548000,77.15800000000078,0.00016386543173076926,-0.05700820436538462,0.0001652022346153846,0.261193165,1220.0,1301.46,1220.46,1300.0,123450.0,2.0,0.9993777678846154,0.9995852066346154,0.9995852066346154,0.9995852066346154,0.0,0.0,0.02696449425,0.013515476375,0.1563941625,-2.2709002750000002,-0.038905620499999995,-9.449615375,16.064073269230768,24.89540828846154,101132.19442307693,-0.24163269708333332,0.10603647791666666,0.0478977076875,0.9633651258333333,32.614396500000005,29.728342700000002,-15.0456928,-2.3547422200000003,-1.18912106,0.0009435569949999998,-0.1140913645,0.182073319,0.5032090300000001,4787.165698241967,5713.656591797206,4786.846533203038,5715.030249023727,"1,1,25",0
1095,72598000,77.20800000000078,0.0007491629468750001,-0.0570633031875,0.000202547745,0.261608375625,1220.0,1302.46,1221.46,1300.0,123450.0,2.0,0.9992253351923077,0.9994835864423077,0.9994835864423077,0.9994835864423077,0.0,0.0,0.020126035,-3.820907142857116e-05,0.15689823,-2.263717814285714,0.05660593314285714,-9.494206285714286,16.084387692307693,24.89539819230769,101131.97807692307,-0.24544539499999998,0.105891139375,0.048097457875,0.96240633125,32.4970915,29.6681637,-15.045766799999999,-2.34388282,-1.20805786,0.005321270845,-0.113991299,0.1837806645,0.503177945,4793.59528808615,5712.2654296875935,4789.174975585786,5718.0501220700635,"1,1,25",0
1096,72648000,77.25800000000078,0.0006103953192307691,-0.056843451634615384,0.00016547298407884614,0.26184181865384615,1220.69,1302.54,1221.31,1300.69,123450.0,2.0,0.9990770388888889,0.9993847141666666,0.9993847141666666,0.9993847141666666,0.0,0.0,0.029095157625,-0.0042276344125,0.15462978875,-2.2411226875,0.0083798704375,-9.441385375,16.09766053846154,24.89538901923077,101131.81086538461,-0.24922750636363636,0.10586115045454546,0.04830984952272727,0.9614273829545454,32.3802695,29.60625465,-15.04534555,-2.33375863,-1.22746737,0.0081377741,-0.111818468,0.1854201895,0.50290665,4793.728320312648,5720.714550780967,4799.478320312674,5700.431347656194,"1,1,25",0
1097,72698000,77.30800000000077,-0.00192330505,-0.057173044625,0.00031196194089374993,0.26207484375,1222.19,1301.54,1219.81,1302.19,123450.0,2.0,0.9989299092592593,0.9992866169444444,0.9992866169444444,0.9992866169444444,0.0,0.0,0.053696014125,0.005492666375,0.15323164125,-2.2706009,-0.027832433749999996,-9.546729249999999,16.086013884615383,24.89538076923077,101131.92144230769,-0.2530339280769231,0.10571885115384616,0.048822209865384616,0.9604215673076922,32.2636545,29.54360415,-15.044712050000001,-2.32394953,-1.24707947,0.010285187099999999,-0.1114809945,0.1885888115,0.501970849,4802.942773437467,5712.899658203113,4782.244287109165,5720.434838867388,"1,1,25",0
1098,72748000,77.35800000000079,-0.0013962326153846153,-0.05704876151923077,0.0004451844524038461,0.26237761326923076,1223.0,1301.2323232323233,1219.2323232323233,1303.0,123450.0,2.0,0.9987808261682243,0.9991872241121496,0.9991872241121496,0.9991872241121496,0.0,0.0,0.036751613,0.0074568237,0.15579492,-2.2493525,0.00478857,-9.582792,16.083846961538462,24.89537271153846,101131.96076923078,-0.25684155923076923,0.10546969,0.04936424359615385,0.9594101253846153,32.14745005,29.479127000000002,-15.04462245,-2.314425855,-1.26636852,0.0123550681,-0.1112772,0.18953404,0.5021882,4797.698474702143,5718.103864397487,4800.732793899334,5713.610049293024,"1,1,25",0
1099,72798000,77.40800000000078,-0.0006478282574468085,-0.057084614127659576,0.00026407831744680853,0.26268966382978726,1223.0,1301.7373737373737,1219.7373737373737,1303.0,123450.0,2.0,0.9986305457943926,0.9990870371962617,0.9990870371962617,0.9990870371962617,0.0,0.0,0.034854292375,0.0103865835,0.15236606375,-2.2709002625,-0.014963595375,-9.519645125,16.091370666666666,24.895364333333333,101131.88533333334,-0.26065120765957445,0.1052317970212766,0.04969526629787234,0.9583915829787234,32.03142155,29.413867,-15.04476595,-2.305024505,-1.28551912,0.014391721100000001,-0.1073813545,0.19178961049999999,0.5018940980000001,4798.17323704795,5724.108475534397,4792.392372532533,5717.41210937527,"2,6,123450,2,1,0.85,50,1,0.9,50,1,0.9,50,1,0.9,50",1
1100,72848000,77.45800000000078,-0.0015027502056603774,-0.05686455928301887,0.0001433527122641509,0.26292800641509434,1223.0,1302.0,1220.2376237623762,1303.2376237623762,123450.0,2.0,0.9984904800000001,0.99899366,0.99899366,0.99899366,0.0,0.0,0.0424774575,0.00505984375,0.152066505,-2.2110453,0.02573783325,-9.484631,16.09166528301887,24.895356283018867,101131.86739622641,-0.2644472351020408,0.10499489428571429,0.05011497881632653,0.9573549469387755,31.9161697,29.34746355,-15.045218850000001,-2.294299665,-1.30527809,0.01503257095,-0.10599392199999999,0.191414534,0.50139424,4802.360351562399,5716.869140624802,4794.811035156578,5722.029785156296,"1,1,60",1
1101,72898000,77.50800000000078,-0.0012794656875,-0.056771538375,-0.0001182491468125,0.26304238625000004,1223.0,1302.0,1220.7326732673268,1303.7326732673268,123450.0,2.0,0.99836148,0.99890766,0.99890766,0.99890766,0.0,0.0,0.03235738675,0.0100534565,0.1551957275,-2.213739075,0.0110733505,-9.561245,16.09567375,24.895348,101131.82,-0.26825246375,0.104869635,0.0504550425,0.9562911675,31.8012507,29.280570049999998,-15.045804350000001,-2.283007615,-1.32529779,0.01507521945,-0.10534152499999999,0.1949856275,0.500427625,4800.464038085888,5711.178466796824,4793.4721435545025,5726.540307617264,"1,1,60",1
1102,72948000,77.55800000000079,-0.00036169658461538464,-0.05697769696153846,0.00022117572878846154,0.26286640461538463,1223.0,1302.0,1220.7676767676767,1304.0,123450.0,2.0,0.9982159865384616,0.9988106619230769,0.9988106619230769,0.9988106619230769,0.0,0.0,0.00965404675,-0.0004661615374999999,0.147605705,-2.1811179,0.015263202,-9.491214625,16.122399134615385,24.895340307692308,101131.52134615385,-0.2720058279545455,0.10479453045454545,0.050539882045454544,0.9552351061363636,31.68725675,29.21277005,-15.04665445,-2.272443495,-1.34443556,0.01467961475,-0.10569368875,0.195102885,0.50170974,4794.400390624745,5722.342626953644,4803.593554688034,5699.596704100374,"1,1,60",1
1103,72998000,77.60800000000079,-0.0002278128872340423,-0.05706417331914893,0.00033004036914893617,0.26272962765957447,1223.0,1302.0,1220.2626262626263,1304.0,123450.0,2.0,0.9980435826923076,0.9986957196153846,0.9986957196153846,0.9986957196153846,0.0,0.0,0.03215760725,0.015646128250000002,0.15486283499999998,-2.23438875,0.04040232125,-9.6414495,16.104702596153846,24.895332788461538,101131.73096153846,-0.27575435625,0.10462910975,0.050611931125,0.9541729125,31.573659250000002,29.144581549999998,-15.047617950000001,-2.262191345,-1.3631953600000002,0.014096187250000001,-0.1032259725,0.1978739775,0.50064544,4786.658151727169,5720.969983552461,4791.144299958359,5709.684287623688,"1,1,60",1
1104,73048000,77.65800000000078,-0.0013704248086792454,-0.0570802760754717,0.0007618546213207547,0.26255346226415094,1223.24,1302.0,1220.0,1303.52,123450.0,2.0,0.997877323076923,0.9985848763461539,0.9985848763461539,0.9985848763461539,0.0,0.0,0.050466989000000004,0.01744368325,0.1564607325,-2.1966801,0.0463878285,-9.602245,16.114905192307695,24.895325923076925,101131.56999999999,-0.2795495318181818,0.10415825236363636,0.05106830288636364,0.9530962477272727,31.460997300000002,29.07557895,-15.0487967,-2.25189975,-1.3813938300000002,0.0135975434,-0.1021011525,0.19856251,0.4999040925,4790.30014648424,5716.290283203334,4776.270214843808,5717.60708007785,"1,1,60",1
1105,73098000,77.70800000000078,-0.001091985656170213,-0.05658439253191489,0.0013936045978723405,0.2624034138297872,1223.74,1302.0,1220.0,1302.52,123450.0,2.0,0.9977254,0.9984835974999999,0.9984835974999999,0.9984835974999999,0.0,0.0,0.04134555825,0.01255020775,0.1504353325,-2.2167319250000004,-0.032022283750000005,-9.5527161875,16.149214903846154,24.89531823076923,101131.19259615384,-0.28327472411764704,0.10375339247058823,0.051657867705882356,0.9520075764705882,31.3487363,29.00622745,-15.0500677,-2.24159125,-1.39935173,0.013135235399999999,-0.10042506500000001,0.20216880999999998,0.5003308049999999,4791.319849918051,5712.846602590456,4777.351099917472,5704.055098684259,"1,1,60",1
1106,73148000,77.75800000000079,-0.0006859535924528303,-0.05680650986792453,0.000559244059245283,0.2624736220754717,1223.7623762376238,1302.2376237623762,1220.2376237623762,1302.2376237623762,123450.0,2.0,0.9975742972222222,0.9983828648148148,0.9983828648148148,0.9983828648148148,0.0,0.0,0.03721765,0.00376171215,0.15709323875,-2.2212206125000002,-0.02064982875,-9.4487170625,16.089806,24.89531071153846,101131.87586538462,-0.2870522932653061,0.1034943241632653,0.05216779585714286,0.9508758081632653,31.23714695,28.9359488,-15.050822974999999,-2.230209545,-1.416403725,0.01514167095,-0.09873252,0.20286980999999998,0.4980112975,4788.019213866926,5705.414721679785,4781.206396484706,5707.917016601321,"1,1,60",1
1107,73198000,77.80800000000079,0.00016381965624999992,-0.056940195625,4.430483749999947e-06,0.26266535125,1223.2673267326732,1302.7326732673268,1220.7326732673268,1302.7326732673268,123450.0,2.0,0.9974261027777778,0.9982840685185185,0.9982840685185185,0.9982840685185185,0.0,0.0,0.0282293575,0.014714155999999999,0.1570599325,-2.20535905,-0.028730252575000004,-9.58249425,16.091171799999998,24.895305890909093,101131.87418181819,-0.29090128634615386,0.10330176442307692,0.05253559873076923,0.9497058221153846,31.12584545,28.8652728,-15.051357225,-2.218367895,-1.4330674749999999,0.01820613945,-0.09767062374999999,0.204157685,0.4984297625,4773.582128906591,5709.779052734376,4785.819458007323,5707.912231445433,"1,1,60",1
1108,73248000,77.85800000000079,-0.0007174689653846153,-0.056250737,0.0004183225261538462,0.2627946430769231,1223.0,1302.77,1221.23,1303.23,123450.0,2.0,0.997278,0.9981853333333333,0.9981853333333333,0.9981853333333333,0.0,0.0,0.044360764571428575,0.00285340066,0.15225671714285716,-2.2142945714285713,0.003078426,-9.527555428571429,16.1594618,24.895300436363634,101131.08327272728,-0.2946937010416667,0.10313478875000001,0.052987166395833334,0.9485292552083333,31.014952750000003,28.79378585,-15.051465174999999,-2.207125305,-1.44995085,0.02072701875,-0.09571463826086957,0.20586600086956522,0.4983773873913043,4790.343750000255,5704.158105468567,4769.2010742185,5713.851733398519,"1,1,60",1
1109,73298000,77.90800000000078,-0.0007134602125,-0.0560656541875,0.00016362301506250002,0.262975426875,1223.0,1302.27,1221.73,1303.73,123450.0,2.0,0.9971313333333334,0.9980875555555555,0.9980875555555555,0.9980875555555555,0.0,0.0,0.03482091325,-0.00026613993,0.155195725,-2.247257875,-0.019452727,-9.45170975,16.120101905660377,24.895296528301884,101131.54509433963,-0.298446405625,0.1030630675,0.053524621625,0.94733275625,30.904235250000003,28.721951349999998,-15.051390425,-2.196139455,-1.4669283499999999,0.02301493125,-0.0959667825,0.20672588549999998,0.500091285,4786.4091796875,5699.89404296875,4788.63720703125,5702.13671875,"1,1,60",1
1110,73348000,77.9580000000008,-0.00021185465384615412,-0.056914835596153845,-0.00013725615428846155,0.2633661244230769,1223.2233009708739,1302.4466019417475,1222.2233009708739,1304.0,123450.0,2.0,0.9969846666666667,0.9979897777777778,0.9979897777777778,0.9979897777777778,0.0,0.0,0.036551903749999996,0.0081226629875,0.1535978275,-2.281225375,-0.022595116,-9.4790945,16.08998575,24.89529269230769,101131.89375,-0.3022092821153846,0.10296021307692307,0.05386146340384615,0.9461308288461538,30.7939507,28.6495208,-15.05136765,-2.18474981,-1.4832984599999999,0.02611142635,-0.0932431529,0.209142378,0.4988636365,4787.980883789293,5705.920214843798,4775.324121093505,5718.612402343903,"1,1,60",1
1111,73398000,78.00800000000079,0.00035390578117647047,-0.05664551088235294,2.7149227058823533e-05,0.26377546823529413,1223.7087378640776,1303.4174757281553,1222.7087378640776,1304.0,123450.0,2.0,0.9968325120192308,0.9978883384615385,0.9978883384615385,0.9978883384615385,0.0,0.0,0.022337307124999997,-0.00392816175,0.1515671675,-2.1894976875,0.003441830500000003,-9.493609375,16.088812615384615,24.895288846153846,101131.91846153846,-0.3059501282352941,0.10289160188235294,0.05410591588235294,0.9449215264705882,30.6838517,28.5768348,-15.05136715,-2.17318711,-1.49940826,0.02955445685,-0.09228947650000001,0.211942308,0.496003748,4786.339355468795,5715.768400493312,4796.980288857072,5705.4510690790075,"1,1,60",1
1112,73448000,78.05800000000079,0.00027888702367346945,-0.056341453775510204,0.0005368428881632653,0.2640709044897959,1224.2061855670104,1304.0,1223.0,1304.0,123450.0,2.0,0.9966797475961539,0.9977864923076923,0.9977864923076923,0.9977864923076923,0.0,0.0,0.042876831375,0.0061252298875,0.15549535750000001,-2.1812674375,0.005686396875000006,-9.4451255,16.079241500000002,24.89528725,101132.02249999999,-0.3096453563265306,0.10283511640816327,0.05444338877551021,0.9437038908163266,30.57407855,28.50280235,-15.051233300000002,-2.162071395,-1.51555747,0.0309757659,-0.0892631495,0.2116605805,0.49717840399999996,4791.370971679696,5710.103613281142,4785.652050780941,5721.416235351917,"1,1,60",1
1113,73498000,78.10800000000079,0.0004970605875000002,-0.056093953375,0.00056724117125,0.2642005525,1224.721649484536,1304.0,1223.0,1304.0,123450.0,2.0,0.9965296025233645,0.9976864052336448,0.9976864052336448,0.9976864052336448,0.0,0.0,0.040680074999999996,-0.0019307046499999999,0.1492700975,-2.29274775,-0.029927358,-9.498995749999999,16.082401346153848,24.89528557692308,101131.9675,-0.3133518825,0.10260897000000001,0.055045568,0.94246878125,30.46444505,28.42819285,-15.0510423,-2.151147245,-1.53172357,0.0315306229,-0.08840968175,0.21366010800000002,0.498042076,4790.4721191405915,5722.256347656253,4799.166577148343,5700.6595214845765,"1,1,60",1
1114,73548000,78.1580000000008,-0.0007181512431372549,-0.05656295358823529,0.0004500497270588235,0.26420154901960785,1225.0,1303.77,1222.77,1304.23,123450.0,2.0,0.9963800324299065,0.9975867042990654,0.9975867042990654,0.9975867042990654,0.0,0.0,0.0649144225,0.015446195999999999,0.155595275,-2.2691050500000003,-0.01256939175,-9.661502,16.08833274509804,24.89528156862745,101131.88196078432,-0.31707979127659575,0.1022498170212766,0.05583064693617021,0.9412146968085107,30.355592427184465,28.35212781553398,-15.050927233009709,-2.1399399514563107,-1.5479483660194175,0.0311398745631068,-0.08821637075,0.21562351,0.49482233,4797.51953124987,5712.439453124943,4776.616210937632,5719.062988281175,"1,1,60",1
1115,73598000,78.2080000000008,-0.0009878333183673468,-0.05675863793877551,0.0003342166885714286,0.26417464897959186,1225.0,1303.27,1222.27,1304.73,123450.0,2.0,0.9962292448076923,0.9974861788461538,0.9974861788461538,0.9974861788461538,0.0,0.0,0.05139888533333333,0.005681323333333333,0.15552864333333333,-2.250549566666667,-0.004389201666666669,-9.523736333333334,16.102084576923076,24.895279346153846,101131.73184615385,-0.32088127244897957,0.10172462865306123,0.05678082930612245,0.9399252140816327,30.247074466019416,28.275438980582525,-15.050844708737865,-2.1286113106796116,-1.5641983174757281,0.030343866796116507,-0.0870421157142857,0.21817784285714284,0.4957555585714286,4791.961181640471,5707.260302734401,4791.492236328052,5709.536206054856,"1,1,60",1
1116,73648000,78.25800000000079,-0.002240160498039216,-0.056774621549019605,0.0003498582360784314,0.264316587254902,1225.0,1303.46,1222.23,1304.77,123450.0,2.0,0.9960778842307692,0.9973852653846154,0.9973852653846154,0.9973852653846154,0.0,0.0,0.05006755,0.009520741499999999,0.15386411,-2.2251113250000003,0.026635662999999997,-9.55256725,16.128809615384615,24.895279,101131.41907692308,-0.3246760375,0.10136572357142858,0.05752344401785714,0.9386144082142858,30.139446515463916,28.197663907216494,-15.05104130927835,-2.116686962886598,-1.5814537268041238,0.031163032659793814,-0.085288645,0.220002791,0.495161739,4794.772973632983,5709.440014648378,4775.724365234151,5719.545483398577,"1,1,60",1
1117,73698000,78.30800000000079,-0.001688766586122449,-0.05674339614285714,0.0005966492873469388,0.2645141704081633,1225.0,1304.46,1222.73,1304.27,123450.0,2.0,0.9959281816666666,0.9972854638888888,0.9972854638888888,0.9972854638888888,0.0,0.0,0.029461235875000002,0.0023634248750000002,0.1510678275,-2.2580314125,0.023493271999999996,-9.438542125000001,16.125505283018867,24.895277867924527,101131.46637735849,-0.32839046772727276,0.10107820613636363,0.05805309161363636,0.9373208856818183,30.03231919587629,28.11927782474227,-15.051394917525773,-2.1044275298969075,-1.599274706185567,0.03289073369072165,-0.083081183,0.221529208,0.494171116,4791.867236327999,5714.811425781489,4793.220068359502,5699.15627441382,"1,1,60",1
1118,73748000,78.3580000000008,-0.0015399550074509803,-0.057131390980392154,0.0012397240415686277,0.2646643119607843,1225.0,1305.0,1223.0,1304.0,123450.0,2.0,0.9957795844444445,0.9971864037037037,0.9971864037037037,0.9971864037037037,0.0,0.0,0.0488021505,0.02237066025,0.1535979175,-2.242469475,0.042197979999999996,-9.5639385,16.106366054545457,24.895277,101131.69363636363,-0.3320499098039216,0.10076710705882354,0.05842052290196078,0.9360406878431373,29.92656400925926,28.039554916666667,-15.052146231481482,-2.090755741666667,-1.6160282453703705,0.03383554589814815,-0.081380508,0.2232862505,0.4925424125,4788.501684570316,5712.646704101492,4776.805395507228,5715.426098633093,"1,1,60",1
1119,73798000,78.4080000000008,-0.0017831401542857143,-0.0571104412244898,0.0014706608857142857,0.264773828367347,1225.0,1305.0,1223.0,1304.0,123450.0,2.0,0.9956294334285715,0.9970862951428571,0.9970862951428571,0.9970862951428571,0.0,0.0,0.032357471,0.0081224025,0.16032233,-2.2876601,-0.00538679065,-9.390060250000001,16.114785943396228,24.89527616981132,101131.58320754717,-0.3357507387755102,0.10033395877551021,0.05891431391836734,0.9347352967346939,29.821396879629628,27.959259083333333,-15.053067990740741,-2.0764786583333334,-1.6323243101851852,0.034444834324074074,-0.08019817300000001,0.22406154,0.492652895,4784.85846819178,5717.696568080661,4783.345168341075,5711.508417038481,"1,1,60",1
1120,73848000,78.4580000000008,-0.0016047748615686274,-0.05674773488235294,0.000911553062745098,0.2649408990196078,1225.0,1304.77,1223.23,1303.77,123450.0,2.0,0.9954773048571428,0.9969848522857143,0.9969848522857143,0.9969848522857143,0.0,0.0,0.040746447,0.0018643495000000001,0.15752598,-2.2236150500000003,0.016759581000000003,-9.5714205,16.145332403846155,24.895275,101131.22134615385,-0.33947037574468086,0.10010261765957447,0.05940898680851064,0.9333844934042553,29.717501836956522,27.87797579347826,-15.054243891304347,-2.0624295,-1.6494491108695652,0.03463071940217391,-0.07814008608695652,0.22658348304347825,0.49228806434782607,4788.916992187831,5712.820800781072,4788.12402343717,5712.204589843909,"1,1,60",1
1121,73898000,78.50800000000079,-0.0018152343824489794,-0.05617012651020408,0.0005864899918367346,0.2648737773469388,1225.0,1304.27,1223.73,1303.27,123450.0,2.0,0.9953258509615385,0.9968838771153846,0.9968838771153846,0.9968838771153846,0.0,0.0,0.04767069575,-0.00046629142000000003,0.14993594,-2.2065562749999996,0.00837987475,-9.611822,16.147951096153847,24.895275653846156,101131.19711538462,-0.34315155433962263,0.09998927490566037,0.059981104679245285,0.9320124160377359,29.614690423913043,27.79585133695652,-15.055636282608695,-2.0485745,-1.6672798717391304,0.03445592755434783,-0.07630637800000001,0.22751945,0.491422315,4799.117578124794,5707.5527832032485,4780.025830078602,5711.829443358631,"1,1,60",1
1122,73948000,78.5580000000008,-0.0013915792573076923,-0.05606864261538461,0.00040364521826923076,0.26467989403846154,1224.7676767676767,1304.2323232323233,1223.7676767676767,1303.0,123450.0,2.0,0.9951757067307692,0.9967838098076923,0.9967838098076923,0.9967838098076923,0.0,0.0,0.026997745,-0.0023302968125,0.1536644075,-2.2144871125,-0.021996564375,-9.515904125,16.11048205769231,24.895277,101131.6471153846,-0.3468185975,0.09992948104166667,0.060478063958333335,0.930628790625,29.513315883495146,27.712195844660194,-15.057581427184466,-2.033862849514563,-1.6851886291262135,0.03402197980582524,-0.0739239675,0.22772646,0.49063983,4791.512060546875,5704.194091796808,4786.443896484228,5696.633837890611,"1,1,60",1
1123,73998000,78.6080000000008,-0.0014732872361702127,-0.05660525155319149,0.0008267892638297873,0.2644527712765958,1224.2626262626263,1304.7373737373737,1223.2626262626263,1303.0,123450.0,2.0,0.9950264546296296,0.9966843269444444,0.9966843269444444,0.9966843269444444,0.0,0.0,0.03009367525,0.0217045425,0.15086812249999998,-2.21344,0.00748204965,-9.5232385,16.08745825,24.8952775,101131.9235,-0.3504865175,0.09974158625,0.060757636375,0.9292550125,29.412557145631066,27.627884194174758,-15.059763466019417,-2.018784063106796,-1.703130813592233,0.03347696524271845,-0.07295535130434783,0.23021115434782607,0.4901911860869565,4777.742470188725,5707.50205592127,4769.258532072664,5708.164884867758,"1,1,60",1
1124,74048000,78.6580000000008,-0.0009585279037735849,-0.0567163870754717,0.0010749475679245283,0.2642864579245283,1224.0,1304.5247524752476,1223.2376237623762,1302.7623762376238,123450.0,2.0,0.9948797416666667,0.9965865075,0.9965865075,0.9965865075,0.0,0.0,0.031858243625,0.00659157275,0.15686014125,-2.2454619124999997,-0.019003810875,-9.471314,16.110571346153847,24.895279211538462,101131.63988461539,-0.3541612856818182,0.09942053568181818,0.060945214727272726,0.9278837249999999,29.31280655670103,27.542110309278353,-15.062513701030928,-2.003067073195876,-1.720827344329897,0.034076045773195875,-0.07171979525,0.2338727965,0.491080869,4772.364941406436,5702.405175780967,4773.382348632749,5702.8062255862205,"1,1,60",1
1125,74098000,78.7080000000008,-0.0011724135299999998,-0.0561902843125,0.0006649560425,0.26416286,1224.0,1303.5346534653465,1223.7326732673268,1302.2673267326732,123450.0,2.0,0.9947322893203884,0.9964881947572816,0.9964881947572816,0.9964881947572816,0.0,0.0,0.0354866025,-0.0006656172750000001,0.1602557275,-2.24037475,0.006284944000000001,-9.42208325,16.124603235294117,24.895280882352942,101131.46529411765,-0.35785837375,0.099306316,0.061242726625,0.9264557999999999,29.213623051546392,27.455513917525774,-15.065583546391753,-1.986991093814433,-1.7383856948453609,0.035318679793814436,-0.0698060565,0.2346230445,0.4909002715,4777.612866210781,5689.537084960911,4767.037939453306,5702.3144287104815,"1,1,60",1
1126,74148000,78.7580000000008,-0.0006127612357692308,-0.056422084923076925,0.0002059145378846154,0.26400085423076924,1223.77,1303.23,1223.77,1302.0,123450.0,2.0,0.9945781825242719,0.9963854423300971,0.9963854423300971,0.9963854423300971,0.0,0.0,0.0197071975,0.00279641825,0.15699339499999998,-2.2930468,-0.030525913000000002,-9.429565499999999,16.145422846153846,24.89528576923077,101131.19615384616,-0.3615336777272727,0.09927793418181818,0.061487022477272724,0.9250156840909091,29.11544794949495,27.367906010101013,-15.068459727272728,-1.9715099161616163,-1.7547862050505052,0.03603791696969697,-0.06777969961904762,0.23444548190476192,0.48990649904761907,4767.125395275193,5693.6825474331645,4774.441964285624,5682.850213913681,"1,1,60",1
1127,74198000,78.8080000000008,-0.0008031027625,-0.0570455238125,0.00041308950812500003,0.263765938125,1223.27,1303.73,1223.27,1302.0,123450.0,2.0,0.9944244466055046,0.9962829385321101,0.9962829385321101,0.9962829385321101,0.0,0.0,0.035419942499999996,0.013582058250000001,0.15752602500000001,-2.2325931,-0.00897808811319,-9.607333,16.090868905660376,24.895290905660378,101131.87641509435,-0.3651954857692308,0.09910620403846154,0.06163935363461538,0.9235837019230769,29.01770502020202,27.279864595959598,-15.071252909090909,-1.9562836535353536,-1.7706904979797982,0.03653284121212121,-0.0662371125,0.236282655,0.490267575,4763.804059709484,5697.428269159396,4756.185663132396,5692.830333890886,"1,1,60",1
1128,74248000,78.8580000000008,-0.0010188231096153848,-0.056739407653846156,0.0006688392403846154,0.26347073807692306,1223.0,1304.0,1222.77,1302.23,123450.0,2.0,0.9942796117431193,0.9961864018348624,0.9961864018348624,0.9961864018348624,0.0,0.0,0.035486555,0.0103199265,0.1593902325,-2.2601268,-0.023044026,-9.482236125,16.099195,24.895298461538463,101131.77057692308,-0.36886671875,0.0987958425,0.061959076041666665,0.9221356339583334,28.921337475247526,27.190925198019805,-15.073006287128713,-1.940203103960396,-1.7857768524752475,0.03891508257425743,-0.066078685,0.236856941,0.4882665575,4752.1020751951855,5688.409545898123,4759.4104980468055,5685.42006835974,"1,1,60",1
1129,74298000,78.9080000000008,-0.0019257189937500001,-0.057093733,0.0005969245787499999,0.26359128,1223.0,1304.0,1222.27,1302.73,123450.0,2.0,0.9941347768807339,0.9960898651376148,0.9960898651376148,0.9960898651376148,0.0,0.0,0.044075245,0.00392797755,0.1487375825,-2.2864625375000003,-0.0002991122499999988,-9.391107,16.099646461538462,24.895306173076925,101131.77492307693,-0.3725426573076923,0.09855289173076923,0.062420543769230764,0.9206513571153846,28.8255048019802,27.101636584158417,-15.074355297029703,-1.9237903316831684,-1.8005451198019802,0.0420312805940594,-0.0624285985,0.2393699705,0.49011929,4763.551318359008,5684.439575195485,4745.736669922121,5692.974853515354,"1,1,60",1
1130,74348000,78.95800000000081,-0.001503305948076923,-0.05663704721153846,0.0005860898834615384,0.2637221317307692,1223.0,1304.23,1222.69,1302.77,123450.0,2.0,0.9939839288461538,0.9959892791346154,0.9959892791346154,0.9959892791346154,0.0,0.0,0.02889526275,-0.0019973608375,0.15303190625000002,-2.1993735749999996,0.014066101625,-9.4720610625,16.12221953846154,24.895314826923077,101131.52107692308,-0.37615847625,0.09847307929166667,0.06284374458333333,0.9191600510416666,28.731088,27.011143,-15.07501165,-1.90738594,-1.81589014,0.0456926498,-0.06177852415,0.24076777100000002,0.4892848,4756.340356445488,5681.4464111327125,4754.785131835944,5687.212963867291,"1,1,60",1
1131,74398000,79.0080000000008,-0.0007807406249999999,-0.056195012937500004,0.00052191537,0.2640997675,1223.0,1304.73,1224.19,1302.27,123450.0,2.0,0.9938321019230769,0.9958880339423077,0.9958880339423077,0.9958880339423077,0.0,0.0,0.0205728745,-0.000266298101125,0.156660485,-2.22241815,0.0047885705,-9.45290775,16.109397653846155,24.895328192307694,101131.62342307693,-0.37978160961538465,0.09858885584615384,0.06304054788461538,0.917642635,28.637278,26.920133,-15.075371149999999,-1.89098514,-1.83148234,0.0495876638,-0.0597139965,0.240317014,0.4888659755,4761.507617187346,5677.7500488281885,4757.495288086064,5697.758154296907,"1,1,60",1
1132,74448000,79.0580000000008,0.0005195316096153846,-0.05669797151923077,0.0006535632388461538,0.26416044903846153,1223.92,1305.0,1223.85,1302.69,123450.0,2.0,0.9936827472222223,0.9957884605555556,0.9957884605555556,0.9957884605555556,0.0,0.0,0.0066579987500000005,0.0018640879750000002,0.157525985,-2.265813,-0.02992736075,-9.500193,16.142533461538463,24.89534075,101131.25038461538,-0.38339439937500003,0.09867669179166666,0.063006225,0.9161324683333333,28.5445446,26.82798655,-15.07535405,-1.87517311,-1.8467364050000001,0.0522598282,-0.057527156,0.24260718,0.4890469265,4747.5754150389475,5696.51679687518,4772.832641601545,5673.47268066402,"1,1,60",1
1133,74498000,79.1080000000008,-0.00225714484375,-0.0573417896875,0.0013248617875,0.264399424375,1225.92,1305.0,1221.35,1304.19,123450.0,2.0,0.9935340898148148,0.9956893587037038,0.9956893587037038,0.9956893587037038,0.0,0.0,0.043609256,0.016212259375,0.1502022875,-2.2453125375,0.008379870625,-9.3673164375,16.068948365384617,24.89535498076923,101132.13596153846,-0.3869497713461539,0.09846535661538461,0.0631670075,0.9146477663461539,28.4522726,26.73535305,-15.07517555,-1.85961341,-1.861845555,0.0544079142,-0.05652184485,0.2426986085,0.487359297,4760.430664062911,5696.569799804628,4746.262133788594,5690.5618164066955,"1,1,60",1
1134,74548000,79.15800000000081,-0.0026967849729166663,-0.057030446020833334,0.0013802926458333332,0.2650158725,1227.0,1305.0,1220.69,1305.46,123450.0,2.0,0.9933821170192307,0.9955880605769231,0.9955880605769231,0.9955880605769231,0.0,0.0,0.047304498125,0.00019965228749999975,0.15346465875,-2.2384292125,-0.021846928624999998,-9.461885624999999,16.12682326923077,24.89537105769231,101131.46134615384,-0.390538243125,0.09811847625,0.06372990166666666,0.9131198208333334,28.36088015,26.64159115,-15.07419835,-1.84398658,-1.8763900500000001,0.0581386141,-0.053133646,0.243212958,0.4865903,4765.71008300785,5689.976538085784,4757.035766601947,5692.937499999962,"1,1,60",1
1135,74598000,79.20800000000081,-0.0022959233903846153,-0.056919569057692306,0.0008779265961538461,0.26552877634615385,1227.0,1305.0,1222.19,1306.46,123450.0,2.0,0.9932281122115384,0.9954854163461538,0.9954854163461538,0.9954854163461538,0.0,0.0,0.040879525,0.0050601385,0.1500025425,-2.2936451,-0.05416865775,-9.4687705,16.137748173076922,24.89538898076923,101131.32942307692,-0.3941514792307692,0.09793812288461538,0.06428829338461539,0.9115458384615385,28.269864650000002,26.54734565,-15.07287885,-1.8283309799999998,-1.89069255,0.0625475771,-0.05299184845,0.246105972,0.4873639985,4772.852758789039,5693.887231445243,4757.526074218736,5698.049072266001,"1,1,60",1
1136,74648000,79.2580000000008,-0.002400069230769231,-0.05707265211538462,0.00036901859076923077,0.26620266634615386,1227.23,1305.23,1223.23,1307.23,123450.0,2.0,0.9930777774999999,0.9953852000000001,0.9953852000000001,0.9953852000000001,0.0,0.0,0.03162502025,0.00639162655,0.15512915,-2.2361848,0.02065015525,-9.512164,16.1191495,24.895407249999998,101131.52,-0.39776975895833333,0.09778162595833334,0.06465657008333334,0.9099637770833333,28.1799821,26.4523186,-15.07042745,-1.81209781,-1.90535065,0.0671919704,-0.0487318968,0.2468605445,0.4845377885,4771.263427734472,5707.2600585941855,4779.422387695587,5699.5297607420425,"1,1,60",1
1137,74698000,79.3080000000008,-0.0020783106875,-0.05689216375,0.00042721230375,0.26698821250000004,1227.73,1305.73,1223.73,1307.73,123450.0,2.0,0.9929305691666667,0.9952870518518518,0.9952870518518518,0.9952870518518518,0.0,0.0,0.037850116,-0.0017644847499999998,0.15636088375,-2.2038627,0.017807044988903748,-9.538799124999999,16.07987355769231,24.895426942307694,101132.01403846154,-0.40140593653846157,0.0976739193076923,0.06496128961538461,0.9083551490384616,28.090585100000002,26.3569566,-15.06749095,-1.7956171099999998,-1.92016115,0.07193726240000001,-0.04864307885,0.248869393,0.4870473535,4785.336645507978,5707.376489257917,4779.120654296704,5710.681469726828,"1,1,60",1
1138,74748000,79.35800000000081,-0.0018817957221153845,-0.05687187855769231,0.0008561451826923077,0.26753436,1228.2323232323233,1306.0,1224.4646464646464,1308.2323232323233,123450.0,2.0,0.9927821680555555,0.9951881120370369,0.9951881120370369,0.9951881120370369,0.0,0.0,0.032656860125,0.0088215595,0.15576167875,-2.2614732875,-0.009127727575000001,-9.590423874999999,16.094770865384618,24.895445788461537,101131.83596153847,-0.40499982791666667,0.09749323041666666,0.06531695291666667,0.9067527052083333,28.002204398058254,26.26069503883495,-15.06386436893204,-1.780587531067961,-1.934321863106796,0.07284318640776699,-0.0467328461,0.2489202015,0.4855953615,4785.228710937352,5717.665307617604,4787.647729492763,5715.453662109131,"1,1,60",1
1139,74798000,79.40800000000081,-0.0016234876489361703,-0.05648584095744681,0.0007044097470212767,0.26788617659574465,1228.7373737373737,1306.0,1225.4747474747476,1308.7373737373737,123450.0,2.0,0.9926318208333333,0.9950878805555555,0.9950878805555555,0.9950878805555555,0.0,0.0,0.03269021375,-0.001464528275,0.1472062825,-2.2694042249999997,-0.035015039,-9.53820025,16.10554705882353,24.895465588235293,101131.70929411765,-0.4085562152941176,0.09734775588235293,0.06563419341176471,0.9051483323529412,27.914259252427183,26.16404795145631,-15.05994203883495,-1.7661798611650485,-1.9482040961165048,0.07210366699029126,-0.045162451304347824,0.25288419739130436,0.48387548391304347,4794.024876644717,5721.401007401042,4785.148052014737,5707.1748817849175,"1,1,60",1
1140,74848000,79.45800000000081,-0.00187858660754717,-0.056486739905660374,0.0007933838752830187,0.2684524343396226,1229.4752475247524,1306.4752475247524,1226.2376237623762,1309.0,123450.0,2.0,0.9924812950961538,0.9949875307692307,0.9949875307692307,0.9949875307692307,0.0,0.0,0.038749081875,0.006990749687500001,0.15752596749999997,-2.2239141250000003,-0.03112445875,-9.490915062500001,16.086881698113206,24.895485075471697,101131.93083018868,-0.4121119881632653,0.09719843163265306,0.06600764563265306,0.9035239255102041,27.826966835051547,26.06649343298969,-15.056053463917525,-1.7516358051546392,-1.9624963144329897,0.07257384577319588,-0.0440135155,0.2524501125,0.48370565,4795.246484375017,5717.823535156557,4789.625610351884,5726.711376953214,"1,1,60",1
1141,74898000,79.5080000000008,-0.00163248055,-0.0563626075625,0.001232294824375,0.26920755375,1230.4653465346535,1307.4653465346535,1226.7326732673268,1309.0,123450.0,2.0,0.9923301364423077,0.9948867615384616,0.9948867615384616,0.9948867615384616,0.0,0.0,0.0279632645,0.010120157725,0.153464655,-2.2756891,-0.008080266125,-9.46039025,16.08095673076923,24.89550471153846,101132.00423076923,-0.4156798346153846,0.09696117788461539,0.06632578826923077,0.9018901017307692,27.740041577319587,25.96842848453608,-15.05218387628866,-1.737015031958763,-1.9770191494845362,0.07372447979381444,-0.040935642,0.2529391825,0.484129235,4798.4856689454955,5731.798095702983,4797.599145507593,5724.274609375255,"1,1,60",1
1142,74948000,79.55800000000082,-0.002154410809807692,-0.05622230667307692,0.0005889986888461538,0.2698370684615385,1231.23,1308.46,1227.0,1309.0,123450.0,2.0,0.9921816477669902,0.9947877718446602,0.9947877718446602,0.9947877718446602,0.0,0.0,0.03279006725,0.0069242366000000005,0.14996927125,-2.2315459875,0.00209509518793125,-9.655217375,16.072921576923076,24.895522307692307,101132.11057692308,-0.41922454541666665,0.09673214458333333,0.06662559625,0.9002507322916667,27.65376601923077,25.86921226923077,-15.048710980769231,-1.7221676365384617,-1.9912320673076922,0.07139217336538461,-0.03956675875,0.25372617750000004,0.482779745,4809.868139648655,5741.118554688057,4801.064794922274,5730.601977538855,"1,1,60",1
1143,74998000,79.60800000000081,-0.0017945389393750001,-0.056127284375,0.0008484846356249999,0.27022890375,1231.73,1309.46,1227.0,1309.0,123450.0,2.0,0.9920495603883496,0.994699713592233,0.994699713592233,0.994699713592233,0.0,0.0,0.039547839625,0.0056260968875,0.15266574375,-2.3063647124999997,-0.010025551999999998,-9.686941125,16.086465326923076,24.895538653846156,101131.93269230769,-0.42275852923076923,0.09649332288461539,0.06702578788461538,0.8985920932692308,27.567768903846154,25.769502653846153,-15.045408096153846,-1.7072231173076924,-2.0053121634615385,0.06756717817307692,-0.03771462875,0.25704013,0.48354362,4812.56777808799,5737.300060453959,4812.5831008179985,5735.616094679967,"1,1,60",1
1144,75048000,79.65800000000081,-0.002206295425,-0.056245010846153846,0.001473449323076923,0.27012428846153846,1231.77,1309.77,1227.0,1309.23,123450.0,2.0,0.9919148642201835,0.994609916146789,0.994609916146789,0.994609916146789,0.0,0.0,0.042610647,0.005725879749999999,0.15299859,-2.2858642500000004,0.011971177099999999,-9.71567175,16.09666748076923,24.895554634615387,101131.79567307692,-0.4262911939583333,0.09624943375,0.06752191458333334,0.8969109635416667,27.482512385416666,25.668705927083334,-15.042715375,-1.6927164333333333,-2.0199311802083333,0.06256188309374999,-0.03490209191304348,0.25682893304347826,0.4828349860869565,4813.7929687499245,5727.675292968992,4797.044433594143,5737.873535155967,"1,1,60",1
1145,75098000,79.70800000000081,-0.001930131725,-0.056384839562500004,0.0011515525125,0.270080885,1231.27,1309.27,1227.0,1309.73,123450.0,2.0,0.9917501669724771,0.9945001179816513,0.9945001179816513,0.9945001179816513,0.0,0.0,0.03655174925,0.01551302175,0.1562610225,-2.1883004,0.00987625025,-9.5797995,16.045383076923077,24.89556825,101132.42451923077,-0.4298300705769231,0.0959338525,0.06790567742307692,0.8952249692307692,27.39770978125,25.56724290625,-15.040396625000001,-1.6784781,-2.034880503125,0.056833178406250004,-0.033583999200000006,0.2586437475,0.481690455,4804.568359375,5735.05419921875,4805.7236328125,5728.27392578125,"1,1,60",1
1146,75148000,79.75800000000082,-0.0015777423467307693,-0.05646134571153846,0.0009028961784615386,0.26993369307692305,1231.0,1309.0,1227.23,1310.0,123450.0,2.0,0.9915854697247707,0.9943903198165137,0.9943903198165137,0.9943903198165137,0.0,0.0,0.034421536499999995,0.008521975875,0.157525965,-2.2331920500000004,-0.065840387,-9.60464,16.04691798076923,24.895581115384616,101132.42192307692,-0.43338229729166666,0.09558586095833334,0.0681477855,0.893529893125,27.31410145,25.4647341,-15.038731850000001,-1.663633345,-2.049473405,0.05299641705,-0.03184152455,0.26022877,0.48325232,4801.135375976493,5719.629614257524,4790.486181640558,5737.7352294923685,"1,1,60",1
1147,75198000,79.80800000000082,-0.001013556655625,-0.05630857125,0.0007702030150000001,0.27005758874999997,1231.0,1309.0,1227.73,1310.0,123450.0,2.0,0.9914511346153846,0.9943007457692308,0.9943007457692308,0.9943007457692308,0.0,0.0,0.01594558825,0.01587914,0.1513341475,-2.23079745,0.037409571999999995,-9.573815249999999,16.105876673076924,24.895593596153844,101131.73023076923,-0.4369233455769231,0.09526657026923077,0.06830899019230768,0.8918252986538462,27.23100495,25.3617771,-15.037347350000001,-1.648528695,-2.063913555,0.049970488550000004,-0.02986774575,0.26141007,0.479430364,4791.4514648438035,5735.281567382843,4804.529370116824,5721.302978515641,"1,1,60",1
1148,75248000,79.85800000000081,-0.001398602213653846,-0.05653884761538462,0.001343128026923077,0.2699298998076923,1231.23,1309.23,1227.54,1309.77,123450.0,2.0,0.9913201730769231,0.9942134188461538,0.9942134188461538,0.9942134188461538,0.0,0.0,0.037883375500000004,0.01391499675,0.15259918249999999,-2.253841725,-0.011073013500000003,-9.69681875,16.06976196153846,24.89560446153846,101132.15321153846,-0.44041924208333333,0.09490623304166666,0.06847849333333333,0.8901298583333332,27.14901515,25.2579094,-15.0365085,-1.6326845300000001,-2.07773004,0.04625853975,-0.030201564849999998,0.26177660999999997,0.482355931,4796.705688476504,5725.88308105443,4784.7564208981,5730.615014648676,"1,1,60",1
1149,75298000,79.90800000000081,-0.001423545639375,-0.056720611000000004,0.0020574775500000002,0.269802728125,1231.73,1309.73,1226.54,1309.27,123450.0,2.0,0.9911546769230769,0.9941031082692308,0.9941031082692308,0.9941031082692308,0.0,0.0,0.0348208805,0.008455560375,0.15093467249999998,-2.2966381499999997,0.02484001225,-9.519646999999999,16.074547,24.89561575,101132.06375,-0.4438859648076923,0.09448353123076923,0.06884308576923076,0.8884227173076923,27.06749965,25.1536514,-15.0359035,-1.61652343,-2.09127924,0.042252582250000004,-0.02668659095,0.261134967,0.479663617,4792.2058105468295,5731.443920898342,4790.51999511708,5714.964477539138,"1,1,60",1
1150,75348000,79.95800000000082,-0.002348059959615385,-0.05672624490384615,0.001523320028846154,0.26977847692307694,1231.7676767676767,1310.0,1226.2323232323233,1309.0,123450.0,2.0,0.9909815999999999,0.9939877525,0.9939877525,0.9939877525,0.0,0.0,0.048902295000000005,0.007323706899999999,0.1566937525,-2.259677575,0.024840011000000002,-9.520992,16.036715384615388,24.895626115384616,101132.53142307693,-0.4473677451923077,0.09411356692307693,0.06927495269230768,0.8866801315384616,26.987228834951456,25.04816176699029,-15.035592873786408,-1.6000199980582523,-2.10441627184466,0.04002870597087379,-0.025177324,0.26400988599999997,0.4802707465,4798.1775390625335,5716.461108397973,4778.224877929594,5731.450585937962,"1,1,60",1
1151,75398000,80.00800000000082,-0.0019955059829787234,-0.05663113895744681,0.001121486695744681,0.2698189589361702,1231.2626262626263,1310.0,1226.7373737373737,1309.0,123450.0,2.0,0.9908271416666666,0.9938847775,0.9938847775,0.9938847775,0.0,0.0,0.022936586374999998,0.005692420625,0.1543967675,-2.3005288,-0.004040049000000004,-9.581446249999999,16.059829230769232,24.895635903846156,101132.23703846154,-0.45088591914893617,0.09380996872340426,0.06970618872340426,0.8848952127659575,26.90749145631068,24.942144291262135,-15.03540840776699,-1.5833698524271844,-2.117376660194175,0.038568578786407764,-0.024377586173913043,0.26444856956521734,0.48049743260869565,4789.243061266357,5720.3582442431525,4793.257992393342,5722.4996659127555,"1,1,60",1
1152,75448000,80.05800000000082,-0.0028401429384615384,-0.056902522692307694,0.0011729590107692309,0.26976117923076925,1230.7623762376238,1309.7623762376238,1227.2376237623762,1308.7623762376238,123450.0,2.0,0.990679225,0.9937861525,0.9937861525,0.9937861525,0.0,0.0,0.0296276215,0.0039614457500000005,0.15542877625,-2.2887072374999997,-0.021996563372743746,-9.5447845,16.034458307692308,24.895646346153846,101132.52192307691,-0.45435545,0.09369744769230769,0.06988075615384615,0.8831164846153846,26.829105835051546,24.83506550515464,-15.03509787628866,-1.5669036845360824,-2.130078820618557,0.03588385902061855,-0.0202905214,0.264842174,0.4792120745,4787.35007324215,5716.811962890394,4779.756665038791,5728.686547851902,"1,1,60",1
1153,75498000,80.10800000000081,-0.002322825442857143,-0.05655619432653061,0.0008749329812244898,0.2695354048979592,1230.2673267326732,1309.2673267326732,1227.7326732673268,1308.2673267326732,123450.0,2.0,0.99053078875,0.993687195673077,0.993687195673077,0.993687195673077,0.0,0.0,0.01318273175,0.0037949872499999995,0.154729655,-2.2363340000000003,-0.020051271249999995,-9.643546375,16.074637442307694,24.895655865384615,101132.06673076923,-0.45781241163265307,0.09363768040816327,0.07002502183673469,0.8813246224489796,26.75148057731959,24.727389731958763,-15.03471643298969,-1.5505410041237113,-2.1426357278350516,0.03251030592783505,-0.019800186,0.26594211,0.47920825666666667,4777.57719726565,5722.722241210954,4791.428710937686,5701.149023436991,"1,1,60",1
1154,75548000,80.15800000000083,-0.002378449980769231,-0.05677533890384615,0.0013699814173076925,0.26939397634615386,1230.46,1309.23,1227.77,1308.0,123450.0,2.0,0.99038197625,0.9935879985576923,0.9935879985576923,0.9935879985576923,0.0,0.0,0.040579952625,0.0040616076625,0.158091905,-2.2903534000000003,-0.031573373125,-9.60015125,16.10804326923077,24.895664576923078,101131.66836538461,-0.4612671955769231,0.09351647182692308,0.0702320873076923,0.8795173826923077,26.675227850000002,24.6190481,-15.03412425,-1.533962465,-2.15463102,0.03176317705,-0.01797734875,0.2659208785,0.47836276699999997,4778.161279297072,5706.555078124741,4781.630615233883,5711.888085937755,"1,1,60",1
1155,75598000,80.20800000000082,-0.00345545499375,-0.057087274,0.0018935546937500001,0.26958617375,1231.46,1309.73,1227.27,1308.0,123450.0,2.0,0.9902321204807693,0.9934881043269231,0.9934881043269231,0.9934881043269231,0.0,0.0,0.0409461425,0.012183873375000001,0.1522662625,-2.2129907374999997,0.017956680360267502,-9.4921136875,16.09893890909091,24.895674163636365,101131.80781818181,-0.4647585166666667,0.09312601822916668,0.07075896875,0.8776770854166667,26.59956335,24.510421100000002,-15.03344175,-1.5172914149999999,-2.1663856200000002,0.03214165855,-0.01537510505,0.27011421,0.477489256,4780.450585937328,5719.229345703146,4771.999096680065,5711.160717773385,"1,1,60",1
1156,75648000,80.25800000000082,-0.0031952832173076924,-0.05680472775,0.0013324352846153845,0.2698471378846154,1231.77,1310.23,1227.0,1308.0,123450.0,2.0,0.9900812214423077,0.9933875129807692,0.9933875129807692,0.9933875129807692,0.0,0.0,0.04105063628571429,0.0005708105057142858,0.1542351,-2.2423409142857142,-0.014365042571428573,-9.665393142857143,16.086134363636365,24.895682345454542,101131.94872727273,-0.4682185320833333,0.09275485,0.07125048854166667,0.8758355074999999,26.52538635,24.4009793,-15.0328968,-1.500017385,-2.17781976,0.03151323485,-0.0138557945,0.269108855,0.47720283900000005,4785.972632998644,5714.935616629314,4775.324032737912,5713.243094308263,"1,1,60",1
1157,75698000,80.30800000000082,-0.0031556225124999998,-0.057064503875,0.00127107425,0.269936979375,1231.27,1310.73,1227.0,1308.0,123450.0,2.0,0.9899285184466019,0.9932856999999999,0.9932856999999999,0.9932856999999999,0.0,0.0,0.035653001000000004,0.0027629524599999994,0.15383087374999999,-2.3075617625,-0.008678815624999999,-9.524583374999999,16.02398641509434,24.89569341509434,101132.6716981132,-0.4716903446153846,0.09247035673076923,0.07171764932692308,0.8739623094230768,26.45184685,24.2911883,-15.032410800000001,-1.482484935,-2.18911656,0.03045328035,-0.01189556525,0.269858729,0.4767028075,4777.703637694893,5714.315649414257,4778.485229492478,5711.68676757786,"1,1,60",1
1158,75748000,80.35800000000083,-0.002838900633333333,-0.05666506643137255,0.0016437522784313726,0.27011226,1231.23,1310.77,1227.23,1308.46,123450.0,2.0,0.9897733242718447,0.9931822,0.9931822,0.9931822,0.0,0.0,0.040613240499999995,-6.656763105250009e-05,0.15379756375,-2.2484550875,-0.023642576999999998,-9.467272,16.037978596153845,24.895704096153846,101132.49884615385,-0.47515178705882355,0.0922445288235294,0.07213998078431373,0.8720743843137255,26.379569449999998,24.18022165,-15.0321005,-1.465275325,-2.2012821650000003,0.030785018600000002,-0.0097974733,0.2700158065,0.4766911165,4784.397998047142,5712.955395507417,4776.168920898356,5710.076708984561,"1,1,60",1
1159,75798000,80.40800000000083,-0.0033641592020408166,-0.05651595702040817,0.0011631384897959184,0.27035108530612245,1231.73,1310.27,1227.73,1309.46,123450.0,2.0,0.9896214862385322,0.9930809574311926,0.9930809574311926,0.9930809574311926,0.0,0.0,0.03788354025,-0.00179791265,0.15113438999999998,-2.3160911,0.014066103750000001,-9.483135749999999,16.05396026923077,24.89571546153846,101132.32961538462,-0.4786016257142857,0.09201427734693877,0.07263086897959184,0.8701695877551021,26.307832949999998,24.06875115,-15.0318655,-1.448204075,-2.213820115,0.0317131966,-0.00836726861904762,0.27222441904761907,0.47629734523809525,4788.3753662107,5712.650854492473,4779.610913086251,5708.9018554685035,"1,1,60",1
1160,75848000,80.45800000000082,-0.0026292197784313727,-0.05696042505882353,0.0014792751843137255,0.27049214431372554,1232.0,1310.0,1228.23,1309.77,123450.0,2.0,0.9894756146788991,0.9929837280733945,0.9929837280733945,0.9929837280733945,0.0,0.0,0.036052627625,0.0145474375,0.15306520375,-2.283918975,-0.01556214725,-9.5208425,16.05361152727273,24.89572650909091,101132.33545454546,-0.4820209511764706,0.09172912137254902,0.07294414607843137,0.8682839823529411,26.23709395,23.95613755,-15.032077450000001,-1.430578145,-2.225808565,0.03165188505,-0.00565815367,0.2745246735,0.474841006,4779.463867187663,5718.467773437524,4774.09179687475,5718.750000000173,"1,1,60",1
1161,75898000,80.50800000000082,-0.0027030056714285712,-0.056590003795918366,0.0016949046897959184,0.2705748942857143,1232.0,1310.0,1228.73,1309.27,123450.0,2.0,0.9893286365384616,0.9928857576923077,0.9928857576923077,0.9928857576923077,0.0,0.0,0.031691767625,-0.0011984237500000001,0.15995609624999998,-2.2366335625,0.009427335500000002,-9.55780325,16.049233471698113,24.89573641509434,101132.36283018868,-0.4854511002040816,0.09144661897959183,0.07318757489795918,0.866380287755102,26.16678245,23.84303405,-15.03248095,-1.412714495,-2.237561515,0.03116650655,-0.0047677091,0.2734682775,0.47592911,4781.7235351560785,5712.04663085966,4779.259082031837,5719.482983397786,"1,1,60",1
1162,75948000,80.55800000000083,-0.0027755827083333334,-0.0564317985625,0.00166084195625,0.2706992447916666,1231.7676767676767,1310.2323232323233,1229.0,1309.0,123450.0,2.0,0.9891766173076924,0.9927844115384615,0.9927844115384615,0.9927844115384615,0.0,0.0,0.02789662125,-0.001231697425,0.15359782,-2.2575825000000003,0.07092839125,-9.497499249999999,16.064343653846155,24.895747153846155,101132.18221153846,-0.48888189958333333,0.09133470833333333,0.07348534887500001,0.864435656875,26.09740405,23.72898695,-15.0331004,-1.3947549099999998,-2.2498804150000002,0.03040196105,-0.0021321329714285714,0.27429032285714283,0.47405431428571426,4785.187915039158,5711.7898193358415,4783.3033691404535,5710.1990966799385,"1,1,60",1
1163,75998000,80.60800000000083,-0.002508551274509804,-0.05689997592156863,0.0016647305254901962,0.2705972058823529,1231.2626262626263,1310.7373737373737,1229.0,1309.0,123450.0,2.0,0.9890249032407408,0.9926832680555556,0.9926832680555556,0.9926832680555556,0.0,0.0,0.032224328749999996,0.0047269189999999996,0.15120095249999999,-2.269404225,0.013766828,-9.609727249999999,16.053439563636363,24.8957578,101132.31863636363,-0.49227456846153844,0.09111946423076922,0.07373642173076923,0.8625091159615385,26.02842555,23.61453545,-15.0338124,-1.3767542099999999,-2.262441865,0.029517772549999998,0.001810377865,0.27713797349999997,0.473875428,4786.26721833851,5710.404065583967,4769.526315789811,5717.404168379445,"1,1,60",1
1164,76048000,80.65800000000083,-0.0015711446226415093,-0.05670871641509434,0.0010726802626415094,0.27054056641509433,1231.2307692307693,1311.0,1229.0,1308.7692307692307,123450.0,2.0,0.9888759356481481,0.9925839486111111,0.9925839486111111,0.9925839486111111,0.0,0.0,0.019674145625,0.0071239664999999995,0.15190006125,-2.2933460500000002,0.026037108125,-9.489270125,16.003699924528302,24.89576933962264,101132.91952830188,-0.49569024576923076,0.0908921651923077,0.07386283323076923,0.8605639092307692,25.96028705,23.49938115,-15.03416355,-1.35980827,-2.274025555,0.0287852737,0.002140037905,0.275657555,0.473859602,4771.89516601557,5714.298876953191,4779.931469726428,5703.724169921921,"1,1,60",1
1165,76098000,80.70800000000082,-0.0019298698817647058,-0.05663706129411764,0.0010816388352941175,0.2705681717647059,1231.7115384615386,1311.0,1229.0,1308.2884615384614,123450.0,2.0,0.9887269680555556,0.9924846291666667,0.9924846291666667,0.9924846291666667,0.0,0.0,0.03235745075,0.0068577272250000005,0.151800185,-2.2194255,-0.03441648275,-9.608529749999999,16.006400117647058,24.895781529411764,101132.90952941177,-0.4991035365957447,0.09066603574468085,0.07396680191489362,0.8586042319148937,25.89250855,23.38392565,-15.03436005,-1.34331437,-2.285190205,0.0281177847,0.0035980872499999997,0.27632018,0.471648783,4775.924727590355,5711.091308593986,4769.303608141509,5710.8440583877045,"1,1,60",1
1166,76148000,80.75800000000083,-0.001977267949591837,-0.05636483334693877,0.0015937865775510205,0.27053878040816326,1232.4494382022472,1311.0,1228.3258426966293,1308.8988764044943,123450.0,2.0,0.9885802155555555,0.9923868154629629,0.9923868154629629,0.9923868154629629,0.0,0.0,0.03142537,0.0058589196,0.15419702,-2.184709,0.03471609,-9.408017,16.04569033962264,24.895793283018868,101132.44864150943,-0.5024735048979592,0.09036445836734694,0.07422313734693878,0.8566457816326531,25.82566525,23.2679686,-15.0345884,-1.32660088,-2.29573462,0.0292756115,0.0058317448,0.277224358,0.472620382,4770.156738281495,5712.552246093676,4776.093261718469,5696.3715820313955,"1,1,60",1
1167,76198000,80.80800000000083,-0.0041839412125,-0.057233949299999996,0.0019295673825,0.27091325824999996,1233.573033707865,1311.0,1226.6404494382023,1311.1460674157304,123450.0,2.0,0.9884336044444444,0.9922890978703705,0.9922890978703705,0.9922890978703705,0.0,0.0,0.059188695,0.01178440875,0.1589241775,-2.2379804500000002,-0.029328805700000002,-9.439440000000001,16.02705419230769,24.89580625,101132.66173076924,-0.5058701999999999,0.08991230517647059,0.07460721176470587,0.8546582176470588,25.75922275,23.1517966,-15.0348304,-1.30979328,-2.3060132199999996,0.0312157165,0.00684272495,0.27606789849999996,0.4719450645,4781.495554070784,5706.178890830811,4756.90463096184,5719.588764391711,"1,1,60",1
1168,76248000,80.85800000000083,-0.0040512704250000005,-0.057000634316666667,0.0019993560083333335,0.27110244116666665,1234.287037037037,1310.712962962963,1226.0,1311.712962962963,123450.0,2.0,0.98828255,0.99218838875,0.99218838875,0.99218838875,0.0,0.0,0.03635263625,0.0079229715,0.1532648075,-2.28257205,-0.0017954865000000004,-9.4421345,16.04556323076923,24.89581875,101132.43673076923,-0.509266387755102,0.08939084053061225,0.0750586,0.8526544469387756,25.6941127,23.03539045,-15.0350178,-1.29179113,-2.31538007,0.0312537171,0.00770367345,0.27899990150000004,0.47034708049999996,4770.1092773437185,5722.798706054593,4770.507226562809,5699.159692382536,"1,1,60",1
1169,76298000,80.90800000000083,-0.00424302416875,-0.0565475385625,0.00193052659375,0.27115324625,1234.75,1310.25,1226.0,1311.25,123450.0,2.0,0.9881302423076923,0.9920868358653846,0.9920868358653846,0.9920868358653846,0.0,0.0,0.05283053025,-0.009587341499999999,0.15063501875,-2.295141975,0.027234212875000004,-9.538349749999998,16.0534195,24.8958315,101132.32,-0.5126134763461538,0.08912872125,0.07560014096153846,0.8506256548076923,25.6295737,22.91888395,-15.0351818,-1.27327703,-2.32435617,0.0304765301,0.011867890575,0.2801765955,0.470432238,4786.542700195424,5706.18552246084,4763.442504882561,5705.592333984662,"1,1,60",1
1170,76348000,80.95800000000084,-0.0039884896807692305,-0.056528402423076926,0.0016641733807692307,0.27117943173076925,1234.77,1310.23,1226.0,1311.23,123450.0,2.0,0.9879784798076923,0.9919856599038461,0.9919856599038461,0.9919856599038461,0.0,0.0,0.0391485,0.004260634,0.15286547,-2.2756891,-0.068234585,-9.564836,16.04998778846154,24.89584517307692,101132.36615384615,-0.5159736485416667,0.08892506208333334,0.07623109291666666,0.8485569010416667,25.566332096153847,22.802135653846154,-15.034733259615384,-1.2551977807692307,-2.333381778846154,0.03118853419230769,0.013576545,0.28039244,0.4698774,4775.250418526517,5709.313476562611,4768.679920015167,5702.798781621807,"1,1,60",1
1171,76398000,81.00800000000083,-0.0036442346812499997,-0.0567629411875,0.0015388455875,0.27140391124999996,1234.27,1310.73,1226.0,1311.73,123450.0,2.0,0.9878269509615384,0.9918846454807693,0.9918846454807693,0.9918846454807693,0.0,0.0,0.037071095,0.0067113146000000005,0.160002768,-2.3032222,0.058658107,-9.572977999999999,16.02813798076923,24.895859596153844,101132.60153846153,-0.5193528046153846,0.08867517144230769,0.07665701511538461,0.8464802923076923,25.50364651923077,22.685283730769232,-15.034022201923076,-1.2373048961538462,-2.3424286057692307,0.03253876303846154,0.017474659474999998,0.2825422485,0.469266217,4773.989428711123,5705.479931640586,4767.248681640138,5711.881347656567,"1,1,60",1
1172,76448000,81.05800000000083,-0.0040796047750000005,-0.05713916507692308,0.0021080729346153845,0.27171818249999996,1234.23,1311.0,1226.23,1312.0,123450.0,2.0,0.9876782443518518,0.9917855057407408,0.9917855057407408,0.9917855057407408,0.0,0.0,0.03715103475,-6.651521249999987e-05,0.1502688875,-2.27778365,-0.0553657535,-9.38437325,16.04881403846154,24.89587401923077,101132.36326923077,-0.522690131875,0.0884178378125,0.07703146591666667,0.8444171222916667,25.441672175925927,22.56785634259259,-15.03238312037037,-1.2196361675925926,-2.3512691833333332,0.03277958388888889,0.018831889549999998,0.2839052535,0.468174668,4778.8780273437715,5719.5399902345225,4771.765527344162,5696.425732421494,"1,1,60",1
1173,76498000,81.10800000000083,-0.003589197375,-0.056521794375,0.00209524216875,0.271840695625,1234.73,1311.0,1226.73,1312.0,123450.0,2.0,0.9875312675000001,0.991687515,0.991687515,0.991687515,0.0,0.0,0.0413454905,-0.0016644117,0.1630520825,-2.30471835,0.0206501585,-9.592071125,16.049716923076925,24.89588873076923,101132.40115384616,-0.52601323375,0.088247050625,0.07745240625,0.84232940625,25.38013375,22.450076250000002,-15.03017525,-1.202104825,-2.35998335,0.032340445,0.019868110549999998,0.2848059175,0.4693169035,4778.572631836277,5705.383691406125,4774.735009765363,5710.621801758004,"1,1,60",1
1174,76548000,81.15800000000084,-0.0040479212115384616,-0.05651285663461538,0.0017346550788461539,0.2719715407692308,1235.0,1311.23,1227.23,1312.23,123450.0,2.0,0.987380489423077,0.9915869855769232,0.9915869855769232,0.9915869855769232,0.0,0.0,0.04517373,0.0094540127875,0.1503355025,-2.2550391249999997,0.021697619875000008,-9.522638562500001,15.983174326923077,24.895905865384613,101133.14957692308,-0.5294159593181819,0.08797325261363637,0.07796814,0.8401771113636364,25.319540056818184,22.33187535227273,-15.027675397727274,-1.1844647193181819,-2.3687737738636363,0.032455624522727274,0.0210405695,0.2849654125,0.4671675595,4779.275708007631,5710.9425781254695,4770.360449219067,5711.823852538771,"1,1,60",1
1175,76598000,81.20800000000084,-0.0033425186562499997,-0.0567441074375,0.0015321369875,0.272317425625,1235.0,1311.73,1227.73,1312.73,123450.0,2.0,0.9872252490384615,0.9914834759615385,0.9914834759615385,0.9914834759615385,0.0,0.0,0.031758392875,0.00209725251471625,0.15988952875,-2.33135375,-0.020649826,-9.548076625,16.004933846153847,24.895920326923076,101132.91796153846,-0.5327804240384616,0.08768359288461539,0.07829189815384614,0.8380470776923077,25.260055397727275,22.213180465909094,-15.02483278409091,-1.1666969352272727,-2.3776537170454546,0.03322152565909091,0.024216625250000002,0.28446318000000004,0.46636469,4776.995629882836,5710.160009765406,4774.680493164086,5716.705859375336,"1,1,60",1
1176,76648000,81.25800000000083,-0.002649760007843137,-0.056415365392156865,0.0016303927215686274,0.27284775098039216,1235.46,1312.0,1228.46,1313.23,123450.0,2.0,0.9870732842592593,0.991382162037037,0.991382162037037,0.991382162037037,0.0,0.0,0.028362656125,0.0007988014875000001,0.1575593,-2.2420205125,0.008529511375,-9.597905875,15.986876153846154,24.895936673076925,101133.11603846154,-0.5361322683636364,0.08758728152727273,0.07850315763636363,0.8358969363636364,25.2019495,22.0938345,-15.02196295,-1.149506605,-2.3870807849999998,0.03401029115,0.02652075105,0.285790332,0.468073725,4774.6743164062245,5721.96142578126,4791.765625000371,5712.273925780961,"1,1,60",1
1177,76698000,81.30800000000083,-0.0027455689551020407,-0.05586293397959184,0.0014854675265306122,0.273449346122449,1236.46,1312.0,1229.46,1313.73,123450.0,2.0,0.9869266638888888,0.9912844305555556,0.9912844305555556,0.9912844305555556,0.0,0.0,0.0500673835,0.001198853743735,0.161920195,-2.226608,-0.0101751915,-9.5199465,15.995536764705882,24.895953333333335,101133.03352941177,-0.5394961714285714,0.087465564,0.07885086285714285,0.8337103171428571,25.1444345,21.9742095,-15.01908145,-1.1325637549999998,-2.396742335,0.03480885565,0.028485089285714287,0.28523288714285716,0.46677556142857146,4787.197660900594,5714.731119791574,4796.243884858269,5716.668178013767,"1,1,60",1
1178,76748000,81.35800000000084,-0.0033252257627450978,-0.05661001756862745,0.0016337549352941176,0.2740080931372549,1237.0,1312.46,1230.23,1313.77,123450.0,2.0,0.9867787711538462,0.9911858446153846,0.9911858446153846,0.9911858446153846,0.0,0.0,0.05091486636363637,0.015882153454545453,0.15497175454545453,-2.2847216545454545,0.018827298636363638,-9.520107999999999,16.007977857142855,24.895968571428572,101132.86714285714,-0.5428892325581396,0.08695790330232558,0.07945142,0.8315011995348838,25.0876972,21.853640549999998,-15.01648975,-1.11539127,-2.406079015,0.03396400635,0.031422624347826084,0.28699870695652174,0.4636972391304348,4793.569897460765,5725.03359375037,4783.509594726691,5733.193847656401,"1,1,60",1
1179,76798000,81.40800000000084,-0.0025105065285714284,-0.056581031918367344,0.0020471649653061226,0.27438257938775507,1237.0,1313.46,1230.73,1313.27,123450.0,2.0,0.9866263673076923,0.9910842292307692,0.9910842292307692,0.9910842292307692,0.0,0.0,0.046871581499999995,0.008389136775,0.14920365,-2.2418709249999997,-0.03710996325,-9.51186525,15.998828301886793,24.895984471698114,101132.97471698113,-0.5462089207547169,0.08639549581132076,0.07988268981132075,0.8293407603773585,25.0312932,21.73266705,-15.01402225,-1.09812037,-2.415276465,0.03241483685,0.03496062085,0.2873130855,0.463149544,4796.2884521486885,5736.666894530974,4791.383935546817,5720.777612304726,"1,1,60",1
1180,76848000,81.45800000000084,-0.003356737096153846,-0.05612793448076923,0.0018979696230769232,0.27450357134615383,1237.23,1313.77,1231.0,1313.46,123450.0,2.0,0.9864748139814814,0.9909831835185186,0.9909831835185186,0.9909831835185186,0.0,0.0,0.05316665727272727,0.006633668263636363,0.15405169454545456,-2.2529438,-0.0006527967272727184,-9.638838181818182,16.02103705882353,24.895998705882352,101132.72705882353,-0.5494863677083334,0.08593832508333334,0.08040760458333333,0.8271700354166667,24.976128900000003,21.61117415,-15.01167025,-1.080225595,-2.424756855,0.030113405000000003,0.03453472547826087,0.2884369573913043,0.4650322008695652,4799.044433593772,5723.333984375041,4784.521484375472,5729.256835937443,"1,1,60",1
1181,76898000,81.50800000000083,-0.00380606888125,-0.0559583203125,0.00146701724375,0.2747271525,1237.73,1313.27,1231.0,1314.46,123450.0,2.0,0.9863284852777777,0.9908856372222222,0.9908856372222222,0.9908856372222222,0.0,0.0,0.04244410375,0.0076232293875,0.15383085125,-2.24037425,0.042946161875,-9.602096125,15.974910018867924,24.89601275471698,101133.27094339623,-0.5527905125,0.08550164375,0.08100101124999999,0.82495226,24.9214959,21.48945865,-15.009367750000001,-1.062063445,-2.434358505,0.027489575000000002,0.03799617735,0.288766985,0.463636795,4799.467651367381,5722.096679687552,4794.593164062245,5729.698706054631,"1,1,60",1
1182,76948000,81.55800000000085,-0.002867951746153846,-0.055740923115384616,0.0016778286884615386,0.27480688115384616,1238.0,1313.0,1231.23,1314.77,123450.0,2.0,0.986182156574074,0.9907880909259259,0.9907880909259259,0.9907880909259259,0.0,0.0,0.038815516,0.01031993325,0.15599467,-2.27060105,-0.03890561,-9.6483345,15.975770509615385,24.89602575,101133.2575,-0.5560623522727273,0.08517026363636364,0.08138303340909091,0.8227482884090909,24.8683553,21.367549949999997,-15.00669635,-1.04388369,-2.44364932,0.0239581887,0.0386891937,0.2907048975,0.4633731725,4800.69318847645,5724.174829101808,4780.225732421567,5736.006835937554,"1,1,60",1
1183,76998000,81.60800000000084,-0.00202645986875,-0.0556655519375,0.0019531019875000002,0.27488071812500003,1238.0,1313.0,1231.73,1314.27,123450.0,2.0,0.9860304490384615,0.9906869432692308,0.9906869432692308,0.9906869432692308,0.0,0.0,0.0251336565,0.009187924125,0.15566178,-2.2509986625000002,-0.0011969321125,-9.690232374999999,15.998433076923078,24.896038884615386,101132.99038461539,-0.5593115986538462,0.08485544134615385,0.08156501538461537,0.8205566932692308,24.8158543,21.245558449999997,-15.003866850000001,-1.02569639,-2.45280692,0.0200378497,0.042220664000000005,0.2917495195,0.46365100000000004,4789.320312499972,5736.80178222638,4799.791650390625,5715.457470703238,"1,1,60",1
1184,77048000,81.65800000000084,-0.003271558294230769,-0.05604690782692308,0.001931024128846154,0.27509461307692307,1238.23,1313.46,1231.77,1314.0,123450.0,2.0,0.9858786317307692,0.9905857221153846,0.9905857221153846,0.9905857221153846,0.0,0.0,0.0559263955,0.00699087575,0.1560612575,-2.2194255,0.04339507449999999,-9.640253,16.01649076923077,24.89605055769231,101132.76096153847,-0.5625627145833334,0.08444962654166667,0.08191533291666667,0.8183385385416666,24.764419750000002,21.1232824,-15.00128655,-1.00696757,-2.461426185,0.0178468201,0.0422442013,0.290733409,0.4629820645,4801.929125976707,5724.812402343451,4781.141284179348,5728.120019531678,"1,1,60",1
1185,77098000,81.70800000000084,-0.0032490619625,-0.05611741475,0.002484270025,0.27549564,1238.73,1314.46,1231.27,1314.0,123450.0,2.0,0.9857275629807692,0.9904850375,0.9904850375,0.9904850375,0.0,0.0,0.0465052515,0.014580643375,0.1535313375,-2.239476825,0.04578928125,-9.672725,16.003128076923076,24.896061692307693,101132.91653846153,-0.5658103326923077,0.08384977838461538,0.08248327623076923,0.8161006451923077,24.71344225,21.0008844,-14.998813049999999,-0.98800667,-2.469814735,0.016396923100000002,0.04573011605,0.29332584899999997,0.462803892,4798.287573242123,5737.673144531316,4792.5932128905915,5724.796240234499,"1,1,60",1
1186,77148000,81.75800000000085,-0.003659533571153846,-0.05604986092307692,0.0025126019884615385,0.27583731653846155,1239.0,1315.0,1231.23,1314.23,123450.0,2.0,0.9855765774038462,0.9903844125,0.9903844125,0.9903844125,0.0,0.0,0.0536292625,0.00908799385,0.15163380375,-2.2364836625,0.026934939125,-9.540894125,15.962137115384616,24.89607167307692,101133.42115384615,-0.5690640825,0.08326676062499999,0.08303092720833334,0.8138396908333334,24.66413425,20.87775105,-14.9969202,-0.968146445,-2.477883,0.01436720245,0.046379646999999996,0.2920418205,0.461431213,4808.79516601589,5730.14802246084,4778.992675780907,5735.234106445587,"1,1,60",1
1187,77198000,81.80800000000085,-0.0034075941875,-0.055883006375,0.00217884666875,0.2761319425,1239.0,1315.0,1231.73,1314.73,123450.0,2.0,0.9854279710280374,0.9902853345794392,0.9902853345794392,0.9902853345794392,0.0,0.0,0.039947468,0.0033286234000000003,0.156727045,-2.26311935,0.0011972695000000005,-9.6695825,15.977937596153847,24.89608176923077,101133.23846153847,-0.5723102315384615,0.08278592065384616,0.08361139123076923,0.8115494238461538,24.615541750000002,20.754302550000002,-14.9952762,-0.947900795,-2.485814,0.01208898595,0.04882645835,0.2935173695,0.459481627,4803.744140625055,5736.227758788981,4798.271093750044,5729.9122314453325,"1,1,60",1
1188,77248000,81.85800000000084,-0.004676323913461539,-0.05593962588461539,0.001786494001923077,0.27570295846153847,1239.0,1315.23,1232.23,1314.77,123450.0,2.0,0.9852798869158879,0.9901865962616823,0.9901865962616823,0.9901865962616823,0.0,0.0,0.047737340125,-0.0007655759250000003,0.15476291125000002,-2.2378307625000002,0.048333120187499995,-9.652374125,16.000690288461538,24.896091096153846,101132.97884615386,-0.575570188125,0.08247144679166667,0.08410966720833334,0.8092214952083333,24.5687962,20.62986215,-14.9941131,-0.92645944,-2.4945636849999997,0.009428368900000001,0.051215738625,0.29193367249999996,0.45996144125,4809.301269531033,5716.53271484365,4784.639648437313,5732.258300781382,"1,1,60",1
1189,77298000,81.90800000000084,-0.00407687725625,-0.05593051125,0.002010174025,0.275671410625,1239.0,1315.73,1232.73,1314.27,123450.0,2.0,0.9851293342857143,0.9900862228571429,0.9900862228571429,0.9900862228571429,0.0,0.0,0.0176435585,0.0063248547,0.14940333249999999,-2.2457613,0.02334363375,-9.62528925,15.988501346153846,24.89609823076923,101133.1225,-0.5787821974999999,0.08228622557692308,0.08432079846153846,0.8069239467307692,24.5228422,20.50499665,-14.9931561,-0.90450564,-2.503664235,0.0066038659,0.05484473985714285,0.29498712,0.45837993714285713,4795.317065429469,5728.700366211043,4790.391259765924,5724.401879882839,"1,1,60",1
1190,77348000,81.95800000000085,-0.003400593619230769,-0.05602412,0.0024296237365384614,0.2760882228846154,1239.0,1316.0,1233.23,1314.23,123450.0,2.0,0.98497762,0.98998508,0.98998508,0.98998508,0.0,0.0,0.0125164725,0.01304959,0.16058868,-2.309208,0.0059856735,-9.621099,16.008725961538463,24.89610555769231,101132.85894230769,-0.5819393520833333,0.08224829572916667,0.08418436220833334,0.8046684770833333,24.47812475,20.38001495,-14.9918967,-0.884713545,-2.51107824,0.004665684105,0.05536554685714286,0.29568056428571426,0.45885362,4789.133300781021,5730.971400669698,4795.0816127231365,5732.456077939507,"1,1,60",1
1191,77398000,82.00800000000085,-0.0037133212124999997,-0.0561993335,0.00217357906875,0.2762556925,1239.0,1316.0,1233.73,1314.73,123450.0,2.0,0.9848288467592593,0.9898858969444444,0.9898858969444444,0.9898858969444444,0.0,0.0,0.02629868575,0.0011320603500000002,0.1573928325,-2.2694042249999997,-0.0775121225,-9.59626075,16.010080288461538,24.896112615384617,101132.86548076922,-0.5851299019230769,0.08215764567307693,0.0841684209423077,0.8023619065384616,24.43393725,20.25498345,-14.9905077,-0.8658478949999999,-2.51776944,0.003107354255,0.0569201014,0.293442268,0.4577927665,4790.7112792966045,5739.804882812439,4807.478417968827,5713.989282226604,"1,1,60",1
1192,77448000,82.05800000000085,-0.0043911853230769226,-0.056368222057692305,0.0017020891923076923,0.27642512596153845,1239.46,1316.0,1234.0,1315.0,123450.0,2.0,0.9846822032407407,0.9897881330555556,0.9897881330555556,0.9897881330555556,0.0,0.0,0.058190043000000004,0.0061253616125,0.15829163875000002,-2.3213283375000002,-0.0118212043125,-9.59730725,15.996537019230768,24.896119730769232,101133.03615384616,-0.5883604291666666,0.08178544083333333,0.08457598364583334,0.7999913429166666,24.391224649999998,20.129799,-14.988467,-0.8467368949999999,-2.5247237699999996,0.002511866285,0.0595021865,0.295107952,0.4581487755,4797.57819824248,5733.236889648288,4790.859326171528,5732.359179688003,"1,1,60",1
1193,77498000,82.10800000000084,-0.0050647153,-0.05603013775,0.0018625290125,0.276756548125,1240.46,1316.0,1234.0,1315.0,123450.0,2.0,0.9845335947115385,0.9896890524038461,0.9896890524038461,0.9896890524038461,0.0,0.0,0.05253084375,-0.000998701225,0.1565273075,-2.2397757,0.017956681999999998,-9.557654,15.9935575,24.8961255,101133.0575,-0.5916123096153846,0.08117933923076923,0.08529967298076924,0.7975741326923077,24.34914415,20.004549,-14.986146999999999,-0.827520745,-2.53179087,0.002329024835,0.0616863609,0.295725696,0.4569828115,4803.850878906256,5728.575537109926,4796.2734863284395,5730.363818358697,"1,1,60",1
1194,77548000,82.15800000000085,-0.004487719476923077,-0.05572018248076923,0.002210695698076923,0.27716361884615387,1241.23,1316.23,1234.23,1315.23,123450.0,2.0,0.9843822725961539,0.9895881533653846,0.9895881533653846,0.9895881533653846,0.0,0.0,0.044341480625,0.00665799275,0.1520665575,-2.24217015,0.01182153825,-9.52952275,16.006739615384614,24.89613105769231,101132.88365384615,-0.5948054083333333,0.08071391020833334,0.08593724552083333,0.7951748716666667,24.3090457,19.8789448,-14.983930599999999,-0.8072069145,-2.53877768,0.00204780626,0.06597249399999999,0.2958064765,0.45658123149999996,4809.45895996102,5736.123168945411,4795.973461913703,5729.4180908205735,"1,1,60",1
1195,77598000,82.20800000000085,-0.0048534100375,-0.0561913473125,0.002201307375,0.277587745,1241.73,1316.73,1234.73,1315.73,123450.0,2.0,0.9842311760576923,0.9894874112500001,0.9894874112500001,0.9894874112500001,0.0,0.0,0.041678503,0.0066578191250000005,0.15705995125,-2.2948427000000002,-0.0052371488625,-9.63232375,15.98118798076923,24.896135865384615,101133.21461538461,-0.5979735384615384,0.08024554046153846,0.0864476305,0.792786878076923,24.2697967,19.7531888,-14.9817586,-0.7864226495000001,-2.54573008,0.00172442606,0.0687512292,0.2951039775,0.45559413499999996,4811.95366210943,5740.367138672167,4799.747363281603,5733.619262695059,"1,1,60",1
1196,77648000,82.25800000000085,-0.004460165732692308,-0.05577348525,0.0024952503096153846,0.2777462096153846,1242.0,1317.0,1235.0,1316.0,123450.0,2.0,0.9840805174038462,0.9893869737500001,0.9893869737500001,0.9893869737500001,0.0,0.0,0.0402802415,0.00958734625,0.15772573499999998,-2.23349105,0.008978426250000001,-9.71657,16.00123201923077,24.896140134615383,101132.93923076923,-0.6011361375,0.079808542,0.08684275133333333,0.79039280625,24.2322578,19.626762199999998,-14.9804462,-0.7648457080000001,-2.552770925,-0.0006564435949999998,0.0686084918,0.2974384335,0.455113742,4809.800781249811,5741.677050781175,4799.480834960554,5735.353149414319,"1,1,60",1
1197,77698000,82.30800000000085,-0.004853410925,-0.0559501681875,0.00240013659375,0.27778794625,1242.0,1317.0,1235.0,1316.0,123450.0,2.0,0.9839305078703704,0.9892869810185185,0.9892869810185185,0.9892869810185185,0.0,0.0,0.040812821,0.005659143125,0.1519999825,-2.3247701000000003,-0.0062846108,-9.66539325,16.005746442307693,24.89614119230769,101132.86673076922,-0.60429786875,0.079393381,0.08717323375,0.787982825,24.1954518,19.5000482,-14.9795022,-0.742929048,-2.559849675,-0.003919094444999999,0.0713928905,0.2962862455,0.4548071805,4811.519702148236,5736.0589843754315,4795.094897461506,5739.918749999584,"1,1,60",1
1198,77748000,82.35800000000086,-0.0038911700096153847,-0.05564175398076923,0.0021174249596153842,0.2779303092307693,1241.54,1317.0,1235.23,1315.77,123450.0,2.0,0.9837823458333333,0.9891882541666667,0.9891882541666667,0.9891882541666667,0.0,0.0,0.02776336875,0.004327615925,0.16125446,-2.2682071,0.004190021500000002,-9.695320375,16.007281346153846,24.896143,101132.86911538462,-0.6074387465909091,0.07916452418181819,0.08745892863636363,0.7855567056818182,24.160140300000002,19.3724907,-14.979286550000001,-0.7213531235,-2.566788145,-0.008227910905,0.0740989705,0.298426434,0.45430267750000003,4811.224609375,5737.97021484375,4807.181640625,5731.55859375,"1,1,60",1
1199,77798000,82.40800000000085,-0.00345326559375,-0.0555359040625,0.0020867448375,0.277594996875,1240.54,1317.0,1235.73,1315.27,123450.0,2.0,0.9836337644230769,0.9890892413461538,0.9890892413461538,0.9890892413461538,0.0,0.0,0.025699522750000002,0.005925489,0.1555952075,-2.270900725,-0.03531431375,-9.630976,15.964033173076922,24.896143,101133.3976923077,-0.6105745365384615,0.07905407576923076,0.08757949326923077,0.7831187671153845,24.1254693,19.244571699999998,-14.97938305,-0.6999232285,-2.573666495,-0.012985084055,0.074840253,0.2963275025,0.451212758,4803.823999023374,5731.852832031503,4792.480346679936,5736.243066405684,"1,1,60",1
1200,77848000,82.45800000000085,-0.0030300144519230772,-0.05535091934615385,0.0016221964730769231,0.27746600826923074,1240.23,1317.23,1235.54,1315.23,123450.0,2.0,0.9834814086538461,0.9889876548076924,0.9889876548076924,0.9889876548076924,0.0,0.0,0.01231717325,0.0033290332499999998,0.161121245,-2.27928,-0.04668677,-9.61092625,16.013691826923075,24.896143,101132.78230769231,-0.613712455625,0.07898008758333333,0.08762390760416666,0.7806648720833333,24.09191025,19.1158701,-14.9796752,-0.679089219,-2.579903365,-0.0149450438,0.07858061799999999,0.298337728,0.4529674605,4793.217431640655,5735.402001953138,4809.259619140612,5718.269580078103,"1,1,60",1
1201,77898000,82.50800000000085,-0.0038482305687500004,-0.055958533,0.0017630070125000002,0.2775304025,1240.73,1317.73,1234.54,1315.73,123450.0,2.0,0.9833290740384616,0.9888860826923077,0.9888860826923077,0.9888860826923077,0.0,0.0,0.04314300375,0.018042882875,0.158791065,-2.2469587,0.012869004875,-9.663298,15.974867788461538,24.896141115384616,101133.2976923077,-0.6168792707692308,0.07872465153846153,0.08775282817307692,0.7781757203846154,24.05882775,18.986833100000002,-14.9800512,-0.6585105889999999,-2.585865315,-0.0157061978,0.08012226525,0.297493752,0.452336474,4793.878247070061,5727.37729492207,4789.541479492015,5738.54289550787,"1,1,60",1
1202,77948000,82.55800000000086,-0.0038927698038461536,-0.055775570057692306,0.0019575450653846155,0.27745649,1240.77,1317.77,1234.0,1316.0,123450.0,2.0,0.9831777759615385,0.9887852173076923,0.9887852173076923,0.9887852173076923,0.0,0.0,0.036119348875,0.00366192055,0.15333146,-2.294692875,0.040701595125,-9.685295625,15.959699326923076,24.896140096153847,101133.44750000001,-0.6200594270833333,0.078248174625,0.0880686975,0.7756571133333333,24.02731605,18.8572207,-14.9810467,-0.6381357674999999,-2.59158496,-0.01673221955,0.0825220935,0.29836087099999997,0.450903006,4794.9002685549585,5730.107788085779,4793.6487548828545,5723.320703124739,"1,1,60",1
1203,77998000,82.60800000000086,-0.00403090424375,-0.0554103951875,0.00162508143125,0.27736682625000003,1240.27,1317.27,1234.0,1316.0,123450.0,2.0,0.9830264778846154,0.9886843519230769,0.9886843519230769,0.9886843519230769,0.0,0.0,0.0375503685,0.008322466,0.1571265725,-2.2577326,0.00837987325,-9.506478999999999,15.946156057692308,24.896137403846154,101133.62442307692,-0.6231994226923077,0.07795732440384616,0.08843063480769231,0.7731242038461539,23.996477549999998,18.7273617,-14.9823077,-0.6178482925,-2.59720076,-0.01787175605,0.08453593499999999,0.298896126,0.45076635049999997,4791.911035155974,5717.218041992471,4789.00092773454,5724.141992187061,"1,1,60",1
1204,78048000,82.65800000000085,-0.0039308713115384615,-0.05630460690384616,0.0022380739019230767,0.27747395596153845,1240.23,1317.0,1234.0,1315.54,123450.0,2.0,0.9828776653846154,0.9885851405769231,0.9885851405769231,0.9885851405769231,0.0,0.0,0.034920612125,0.017477154625,0.16052205,-2.288258375,0.048183477999999995,-9.578602375,15.975319230769232,24.896135346153848,101133.27788461538,-0.6263318410416666,0.07757271197916667,0.08868537187499999,0.7705985966666666,23.9674069,18.5973151,-14.9834994,-0.5961433875,-2.602681565,-0.01893044045,0.0862082977,0.297439871,0.450217482,4779.4377685546015,5729.1725341796455,4790.669921874803,5726.1286376957105,"1,1,60",1
1205,78098000,82.70800000000085,-0.0042994116875,-0.05612723075,0.0025816073249999997,0.277326491875,1240.73,1317.0,1234.0,1314.54,123450.0,2.0,0.9827290115384616,0.9884860348076924,0.9884860348076924,0.9884860348076924,0.0,0.0,0.04787026,0.004727158125,0.1524660225,-2.248454975,0.0831986875,-9.586683,16.000329134615384,24.896133423076922,101132.9476923077,-0.6294407161538461,0.07709318146153846,0.08900777961538461,0.7680719376923077,23.9390939,18.467188099999998,-14.9846614,-0.5738310124999999,-2.608104515,-0.01995447395,0.087751438,0.2990983085,0.450068633,4796.483300781357,5717.19602050751,4770.763134765544,5729.019189453155,"1,1,60",1
1206,78148000,82.75800000000086,-0.0033912099807692307,-0.05556415011538461,0.0026019289307692307,0.2771357603846154,1241.0,1316.77,1233.54,1315.38,123450.0,2.0,0.9825804103703704,0.9883869722222223,0.9883869722222223,0.9883869722222223,0.0,0.0,0.0170441665,0.003994623175,0.15652731,-2.278382475,-0.0008976630000000034,-9.4235785,15.9559975,24.89613225,101133.49125,-0.632489304375,0.07677848841666667,0.08937153864583333,0.7655532958333333,23.912281,18.337064599999998,-14.98559625,-0.55209332,-2.613083455,-0.0188782775,0.09179316275,0.298816435,0.44922326199999996,4784.588623046663,5721.442456054919,4785.529272461152,5704.8264160153385,"1,1,60",1
1207,78198000,82.80800000000086,-0.0052539692374999995,-0.056698909,0.0020126851375,0.27749619062499997,1241.0,1316.27,1232.54,1318.38,123450.0,2.0,0.9824318177777778,0.9882879166666666,0.9882879166666666,0.9882879166666666,0.0,0.0,0.03840848022222222,0.012250637222222222,0.15052782444444446,-2.2945761777777776,0.03006069377777778,-9.393517333333333,15.966290384615384,24.896132,101133.39259615385,-0.6355463440384616,0.07651503028846153,0.08950954913461538,0.7630270353846154,23.886111,18.206942599999998,-14.98643375,-0.53060192,-2.617872105,-0.0169019825,0.0924634385652174,0.29833299478260866,0.4519408943478261,4784.875024413998,5718.947753906465,4772.958569335478,5723.938720703696,"1,1,60",1
1208,78248000,82.85800000000086,-0.005406562463461538,-0.05642406173076923,0.0020740498288461537,0.2776527428846154,1241.0,1316.0,1232.23,1319.54,123450.0,2.0,0.982279500576923,0.9881863625,0.9881863625,0.9881863625,0.0,0.0,0.026165760750000003,0.00272967735,0.15832491,-2.2182279,0.0275334915,-9.5385011875,15.961324182692307,24.896130653846154,101133.43826923077,-0.6386141470833333,0.07619418677083332,0.089660155,0.7604762908333333,23.861558,18.07634985,-14.9869272,-0.508999556,-2.623348435,-0.01736718005,0.09528587925,0.29751917250000004,0.45075981600000004,4781.514428711088,5719.285424804658,4785.476245117684,5713.627148436806,"1,1,60",1
1209,78298000,82.90800000000085,-0.004539333,-0.05555163875,0.0022317970125,0.277457649375,1241.0,1316.0,1232.73,1318.54,123450.0,2.0,0.9821255871153846,0.9880837375,0.9880837375,0.9880837375,0.0,0.0,0.034687573875,0.0012651318125,0.15479627875000002,-2.2981346375,0.02319399925,-9.6658435,15.947690778846153,24.89613,101133.58663461539,-0.6416672317307692,0.07603809461538462,0.08984610634615385,0.7578950276923077,23.837698,17.94555535,-14.9872732,-0.487349636,-2.629119485,-0.01887873155,0.09671226399999999,0.29836495,0.4471443585,4785.390917968504,5709.741601562185,4777.637377929567,5713.870629883358,"1,1,60",1
1210,78348000,82.95800000000087,-0.0046557401384615385,-0.056278049788461536,0.0019723421249999997,0.2774763444230769,1241.23,1316.0,1233.0,1318.23,123450.0,2.0,0.9819755524074074,0.9879837044444444,0.9879837044444444,0.9879837044444444,0.0,0.0,0.025033789,0.013315703,0.15978968,-2.2385788,0.052672602,-9.465477,15.938662115384615,24.89613,101133.68998076922,-0.6447466010416667,0.07574797,0.0899844084375,0.75529027,23.81519495,17.81437095,-14.98706515,-0.46608998,-2.6331669250000003,-0.01762499325,0.0998252555,0.2984548295,0.4483122885,4768.713427734148,5716.981738281492,4783.77878418,5711.180639648188,"1,1,60",1
1211,78398000,83.00800000000086,-0.00491194000625,-0.0563254379375,0.00223219233125,0.27781283375,1241.73,1316.0,1233.0,1318.73,123450.0,2.0,0.981827895,0.98788526,0.98788526,0.98788526,0.0,0.0,0.039947351500000006,0.01005364075,0.1516670625,-2.283470325,-0.005087514,-9.47505525,15.96890875,24.89613,101133.32465384615,-0.6477725953846154,0.07533497173076924,0.09011686317307692,0.7527218307692307,23.79327345,17.68301945,-14.98661965,-0.44499758,-2.6364756750000002,-0.015186130749999999,0.100967709,0.2973095025,0.44668851000000004,4782.633398437627,5724.576928710943,4767.276538085537,5716.15834960975,"1,1,60",1
1212,78448000,83.05800000000086,-0.005348031938461538,-0.05610729876923077,0.001963811517307692,0.2782621525,1242.46,1316.46,1233.23,1318.77,123450.0,2.0,0.9816799713888889,0.9877866324074074,0.9877866324074074,0.9877866324074074,0.0,0.0,0.0357530485,-0.005526316625,0.1581917375,-2.282572125,0.010175525025000002,-9.526829249999999,15.998342788461539,24.89613,101132.98442307692,-0.65076421625,0.07497030395833333,0.09047851279166666,0.75013027375,23.772274281553397,17.551822932038835,-14.985879106796116,-0.42487115077669907,-2.6391802757281555,-0.0125337756407767,0.1033990365,0.2984248815,0.4481676395,4783.935131835794,5720.835009765806,4783.559497071052,5717.140136718177,"1,1,60",1
1213,78498000,83.10800000000086,-0.0045938613,-0.05571281175,0.0023172422125,0.2787517825,1243.46,1317.46,1233.73,1318.27,123450.0,2.0,0.9815317352777778,0.9876877898148149,0.9876877898148149,0.9876877898148149,0.0,0.0,0.037195377555555555,-0.0018343272222222224,0.15508478555555555,-2.248421422222222,0.006118680955555555,-9.458160333333334,16.0006,24.89613,101132.95798076924,-0.6537575396153846,0.07479068740384615,0.09090716596153846,0.7474886011538462,23.751670398058252,17.420692834951456,-14.985012116504855,-0.4051587090291262,-2.641625955339806,-0.009789923699029125,0.10694146270833332,0.2987525658333333,0.44612569583333334,4785.97714843767,5722.442675781355,4787.335815429305,5721.064746094048,"1,1,60",1
1214,78548000,83.15800000000087,-0.004771534473076923,-0.05555325153846154,0.0028536998826923076,0.27931554557692306,1244.0,1318.23,1234.23,1318.46,123450.0,2.0,0.9813824118269231,0.9875882394230769,0.9875882394230769,0.9875882394230769,0.0,0.0,0.040346838,-0.001431559875,0.15073493125,-2.29080205,-0.0028429503999999987,-9.425374875,15.975680384615384,24.896130884615385,101133.25240384616,-0.6567019479166667,0.07455660614583333,0.09136175158333333,0.7448715158333333,23.73224112371134,17.28965325773196,-14.98416193814433,-0.38604943329896907,-2.644091818556701,-0.007758141288659794,0.10944568714285714,0.2982152314285714,0.44687237142857145,4799.701342773462,5729.856689453374,4785.030908203428,5723.123852538939,"1,1,60",1
1215,78598000,83.20800000000087,-0.0045642187625,-0.055670331249999996,0.00244486596875,0.27976437375,1244.0,1318.73,1234.73,1319.46,123450.0,2.0,0.98123055125,0.9874870375,0.9874870375,0.9874870375,0.0,0.0,0.03290213309090909,-0.003026293181818182,0.15187285,-2.2507677090909093,-0.05136634545454546,-9.440337000000001,15.965116634615384,24.896132,101133.40375,-0.6596335625,0.07427595937499999,0.09180468875,0.74224913625,23.71347256701031,17.158664597938145,-14.983321216494845,-0.3672794384536083,-2.6465690350515465,-0.006126897989690721,0.111953904,0.2992442025,0.444604885,4797.507510230547,5732.090820312358,4794.930524553472,5724.697614397665,"1,1,60",1
1216,78648000,83.25800000000086,-0.004475247957692307,-0.05606116751923077,0.0018221562153846154,0.2801768676923077,1244.23,1319.0,1235.0,1320.0,123450.0,2.0,0.9810779365384615,0.9873853225961539,0.9873853225961539,0.9873853225961539,0.0,0.0,0.048802372000000004,0.0052596333749999995,0.15133418,-2.32087975,0.03411754275,-9.561246,15.989043076923076,24.896132,101133.1335576923,-0.6626126022727272,0.07392446647727272,0.09219537454545454,0.7395788697727272,23.696401375,17.0274389375,-14.9829199375,-0.347145130625,-2.64890110625,-0.00621618921875,0.1144201745,0.2990079725,0.44483901249999996,4800.713623046938,5731.5838623049285,4789.465454101686,5735.0538574215025,"1,1,60",1
1217,78698000,83.30800000000086,-0.0043768966,-0.055785293,0.00189674425,0.28039286125,1244.73,1319.0,1235.0,1320.0,123450.0,2.0,0.9809226480769231,0.9872817889423077,0.9872817889423077,0.9872817889423077,0.0,0.0,0.03029353825,-0.005126638,0.161653865,-2.27898075,-0.02214619825,-9.57471275,15.970985384615384,24.896132,101133.32721153846,-0.66560556875,0.073569758125,0.0926533,0.7368629612500001,23.680057625,16.896111705357143,-14.98270699107143,-0.3264261172321429,-2.6511709723214287,-0.007042852388392857,0.11615096543478261,0.2975869313043478,0.44338040304347826,4795.71251860129,5729.421037946119,4805.301316034008,5732.554245721931,"1,1,60",1
1218,78748000,83.35800000000087,-0.004982501380769231,-0.05591010721153846,0.0021571031326923077,0.2803704946153846,1245.0,1319.0,1235.2233009708739,1320.0,123450.0,2.0,0.9807685601851852,0.9871790578703703,0.9871790578703703,0.9871790578703703,0.0,0.0,0.046411617272727274,0.0028808898363636365,0.1548507472727273,-2.3105137545454544,-0.0018498989090909076,-9.572890272727273,15.977305576923076,24.896131423076923,101133.22721153847,-0.668618128409091,0.07320940352272727,0.09311953727272727,0.7341090743181818,23.664762465909092,16.764826795454546,-14.982824352272727,-0.3059449744318182,-2.653313328409091,-0.007851661238636364,0.1177123868,0.2968804025,0.4447115645,4802.193754650346,5729.755533854253,4791.118884858672,5736.15652901765,"1,1,60",1
1219,78798000,83.40800000000087,-0.004328152835294118,-0.055574705,0.0021175395411764707,0.2805017023529412,1245.0,1319.0,1235.7087378640776,1320.0,123450.0,2.0,0.9806218472222222,0.9870812569444444,0.9870812569444444,0.9870812569444444,0.0,0.0,0.0389486945,0.003595294225,0.153331535,-2.2652141,-0.054467927,-9.59266975,16.01450088235294,24.896129490196078,101132.80088235294,-0.6715846941176471,0.07280544941176471,0.09352697470588235,0.7313835882352941,23.650698261363637,16.63359156818182,-14.98332946590909,-0.2857430710227273,-2.6553059988636365,-0.008639510670454546,0.12079537779999999,0.2980442835,0.44374342899999997,4796.702893708935,5732.704075863313,4796.117624383009,5730.642578125122,"1,1,60",1
1220,78848000,83.45800000000087,-0.0046093491306122445,-0.05548569785714286,0.0020879856408163263,0.2805516567346939,1245.2,1319.2,1235.8,1319.8,123450.0,2.0,0.9804751342592593,0.9869834560185184,0.9869834560185184,0.9869834560185184,0.0,0.0,0.0405466105,0.0021970056000000003,0.1584580875,-2.322076675,-0.0116715691,-9.57890125,15.979073754716982,24.89612754716981,101133.21443396226,-0.6745564000000001,0.07246658163265307,0.09391777285714285,0.7286273714285715,23.637785349999998,16.50250945,-14.98352895,-0.2650675325,-2.65635201,-0.009751136225,0.12179948333333333,0.2977931028571429,0.44255216476190473,4798.799511718615,5728.115893554682,4792.864453125005,5741.316186523677,"1,1,60",1
1221,78898000,83.50800000000086,-0.004259203235294118,-0.05575390282352941,0.0021926608588235296,0.2805029529411765,1245.7,1319.7,1235.3,1319.3,123450.0,2.0,0.9803254120192307,0.9868836413461538,0.9868836413461538,0.9868836413461538,0.0,0.0,0.030393419875,0.00352878725,0.15998940250000002,-2.2613235250000003,0.003142556875,-9.609427499999999,15.956899971153845,24.896125307692305,101133.48278846154,-0.6775225,0.07218181294117647,0.09429852647058823,0.7258489676470589,23.625365849999998,16.37149295,-14.98359745,-0.2441890075,-2.6569923099999997,-0.011001522974999999,0.12511083350000002,0.2980626225,0.441238064,4788.8795230264495,5729.916837993192,4801.013517680736,5728.49552837181,"1,1,60",1
1222,78948000,83.55800000000087,-0.004878262714285714,-0.055892316244897954,0.0030176832285714284,0.2805769102040816,1245.7938144329896,1319.7938144329896,1235.2061855670104,1319.0,123450.0,2.0,0.9801756283653846,0.9867837855769231,0.9867837855769231,0.9867837855769231,0.0,0.0,0.04380886975,0.009487495875,0.151367465,-2.2780828125,-0.04384365675,-9.511866375,15.96990185576923,24.89612173076923,101133.33932692307,-0.6804469326530612,0.07177578489795919,0.09466499285714286,0.7231009826530612,23.61430435,16.2402822,-14.983255400000001,-0.223716416,-2.658318015,-0.012503234225,0.127543791,0.2994373945,0.442912856,4795.6115234375175,5732.904589844027,4776.050415038578,5737.898413086032,"1,1,60",1
1223,78998000,83.60800000000087,-0.0044087662625,-0.0554861465,0.0026561896250000003,0.28053878625,1245.278350515464,1319.278350515464,1235.721649484536,1319.0,123450.0,2.0,0.9800266166666667,0.9866844375,0.9866844375,0.9866844375,0.0,0.0,0.036685018,0.00033305309999999986,0.1542636225,-2.3175871,-0.0169088825,-9.66539375,15.954100990384614,24.896119615384617,101133.55134615385,-0.6833275453846154,0.07133603146153845,0.09505509692307693,0.7203714884615384,23.603824850000002,16.108988200000002,-14.982737400000001,-0.203417796,-2.659937465,-0.014112655974999999,0.1292463905,0.29754884400000003,0.438885996,4794.003588867271,5734.42619628883,4791.803002929588,5720.039672851692,"1,1,60",1
1224,79048000,83.65800000000087,-0.004611887790384616,-0.055339254076923076,0.002396193103846154,0.28067784673076923,1245.0,1319.23,1236.0,1319.46,123450.0,2.0,0.9798776907407407,0.9865851458333333,0.9865851458333333,0.9865851458333333,0.0,0.0,0.047903375625,0.0075900941875,0.1500359475,-2.3120510875,0.01167190375,-9.588032,15.958615865384616,24.896115769230768,101133.46711538461,-0.6861674139583334,0.07098456416666667,0.09550287802083333,0.7176428541666666,23.59498755,15.977089750000001,-14.982620500000001,-0.182266961,-2.6615679400000003,-0.014114899775,0.13227835799999998,0.2993457855,0.439689738,4799.56701660167,5728.972265625177,4776.17360839796,5729.641406250174,"1,1,60",1
1225,79098000,83.70800000000087,-0.0045439570875,-0.055751920625,0.002460145575,0.28097428562500004,1245.0,1319.73,1236.0,1320.46,123450.0,2.0,0.9797268066346154,0.9864845615384615,0.9864845615384615,0.9864845615384615,0.0,0.0,0.038615977,0.004926786625,0.1573928025,-2.24516305,0.01795668175,-9.50857225,15.964394307692308,24.89611194230769,101133.40336538461,-0.6890276357692308,0.07050114288461538,0.09591464805769231,0.71488922,23.58685405,15.84493225,-14.982675500000001,-0.160750891,-2.6632031400000002,-0.013428353024999999,0.13296090349999998,0.29786592050000005,0.440010971,4790.393139648409,5730.335205078028,4791.744189453125,5725.78095703149,"1,1,60",1
1226,79148000,83.75800000000088,-0.006022318394230769,-0.056327458307692306,0.002308339555769231,0.2810603775,1245.0,1320.0,1236.46,1320.54,123450.0,2.0,0.9795752345192308,0.9863835230769231,0.9863835230769231,0.9863835230769231,0.0,0.0,0.051465635,0.014314616999999998,0.15426361,-2.232892475,0.014963927499999998,-9.53640575,16.032109692307692,24.896109057692307,101132.57163461538,-0.6919414202083334,0.070011734375,0.09624077741666667,0.7120740845833333,23.5800691,15.71246745,-14.98274275,-0.1388886395,-2.664936445,-0.01434294515,0.13674377199999999,0.296551531,0.44030554,4796.661083984715,5726.005981445169,4777.360229491821,5740.510839843951,"1,1,60",1
1227,79198000,83.80800000000087,-0.00551299973125,-0.0559079716875,0.00222991504375,0.281009521875,1245.0,1320.0,1237.46,1319.54,123450.0,2.0,0.9794269916666667,0.9862846947222222,0.9862846947222222,0.9862846947222222,0.0,0.0,0.02360232825,0.0048934638874999995,0.15539544875,-2.257433325,0.026186752875000004,-9.561245125,15.998071865384615,24.89610523076923,101132.98375,-0.6948092776923077,0.06967514211538461,0.09646870173076924,0.709277971923077,23.5738621,15.57987095,-14.98281525,-0.11687802450000001,-2.666711795,-0.015943739649999997,0.1384068175,0.2987812755,0.437335176,4787.053662109223,5730.767968749872,4790.344360351887,5720.000390624963,"1,1,60",1
1228,79248000,83.85800000000087,-0.0054305291634615385,-0.056076074403846154,0.0023373576903846153,0.2810248075,1245.0,1320.23,1238.0,1319.23,123450.0,2.0,0.9792804638888889,0.9861870049074074,0.9861870049074074,0.9861870049074074,0.0,0.0,0.03661833625,0.009820468249999999,0.161021425,-2.3201313125,0.033668633125,-9.553464375,15.991661442307693,24.896101384615385,101133.07326923076,-0.6976537439583333,0.069435248625,0.09655551041666667,0.7064923200000001,23.56918915,15.4473889,-14.98305085,-0.095251111,-2.66735941,-0.01556049895,0.1402418275,0.2975978445,0.4382950275,4782.118652343694,5723.63024902327,4781.515063476146,5736.297631836592,"1,1,60",1
1229,79298000,83.90800000000087,-0.00570932373125,-0.056247411,0.0023845624437499996,0.281297676875,1245.0,1320.73,1238.0,1319.73,123450.0,2.0,0.9791424403846154,0.9860949725,0.9860949725,0.9860949725,0.0,0.0,0.029627707,0.011717938550000001,0.15912386625,-2.3012770625,0.005686393125,-9.39828975,15.98714701923077,24.89609753846154,101133.12326923077,-0.7005255615384616,0.06906181992307692,0.096675178,0.7036648259615385,23.56517365,15.3149559,-14.98335635,-0.073788641,-2.6675237099999998,-0.01432695745,0.143067845,0.295850807,0.4373640255,4779.609155273243,5731.00698242189,4782.727880859975,5731.5287841793215,"1,1,60",1
1230,79348000,83.95800000000088,-0.004850290126923077,-0.05578381261538461,0.0024911663961538462,0.2816788857692308,1245.23,1321.0,1238.0,1320.23,123450.0,2.0,0.9790129211538462,0.9860085974999999,0.9860085974999999,0.9860085974999999,0.0,0.0,0.0326236485,-0.00146454465,0.155861545,-2.320879475,-0.047285321500000005,-9.49839725,15.96710298076923,24.896093692307694,101133.35326923076,-0.7033336197916666,0.06886859583333334,0.0968977755,0.70084686625,23.56238805,15.18270315,-14.983941674999999,-0.05312674665,-2.66795352,-0.013907895,0.14496008600000002,0.295211997,0.4377524825,4790.034985351929,5734.749316406116,4792.440307617202,5723.1673095704755,"1,1,60",1
1231,79398000,84.00800000000088,-0.00559954615,-0.0559762749375,0.0024674541875,0.28179625,1245.73,1321.0,1238.0,1320.73,123450.0,2.0,0.9788649138461538,0.9859099173076923,0.9859099173076923,0.9859099173076923,0.0,0.0,0.0433564024,0.00111863294,0.151107708,-2.33027636,0.003591469199999999,-9.5763286,15.985250961538462,24.896090634615387,101133.13192307691,-0.706112901923077,0.06860473261538462,0.097289648,0.6980175571153846,23.56012955,15.050527650000001,-14.984646925,-0.03280795615,-2.66849712,-0.013837895,0.14623779499999998,0.29545927250000004,0.435750075,4791.415795898218,5734.1315917968805,4786.325708008197,5728.712963867056,"1,1,60",1
1232,79448000,84.05800000000087,-0.005905914260416667,-0.0559969334375,0.0025180761041666668,0.28185675020833334,1246.0,1321.0,1238.0,1320.77,123450.0,2.0,0.9786913753846154,0.9857942442307692,0.9857942442307692,0.9857942442307692,0.0,0.0,0.0459728,0.006125189875,0.15622771625,-2.321927225,0.020201241925,-9.56753025,16.026422500000002,24.896087,101132.628,-0.7089200354166667,0.06814307841666667,0.097730348,0.6951503854166666,23.5590026,14.91815545,-14.985737525,-0.011850381350000001,-2.668885005,-0.01424966125,0.1487612225,0.295478077,0.43461235950000005,4789.466186523383,5725.961108398284,4785.144995116984,5735.751977539338,"1,1,60",1
1233,79498000,84.10800000000087,-0.005778208807692308,-0.05581800038461539,0.002716567298076923,0.2818142498076923,1246.0,1321.0,1238.0,1320.27,123450.0,2.0,0.9785267309259259,0.9856844887037037,0.9856844887037037,0.9856844887037037,0.0,0.0,0.036984669375,0.012217197,0.1525325775,-2.287360825,0.004638933125000001,-9.62768425,15.98470923076923,24.896083153846153,101133.11798076922,-0.7117182909615384,0.06768374334615385,0.09811219076923076,0.6922759186538461,23.5583606,14.78569895,-14.986993275,0.009380958149999997,-2.6692061550000004,-0.01486789875,0.150940782,0.296044669,0.434707585,4784.558032226442,5731.578417968763,4781.70214843786,5728.605883788642,"1,1,60",1
1234,79548000,84.15800000000088,-0.005366682019230769,-0.05585239611538462,0.002794791825,0.2819537165384615,1246.0,1321.23,1238.0,1320.0,123450.0,2.0,0.9783793512962963,0.9855862201851852,0.9855862201851852,0.9855862201851852,0.0,0.0,0.04001410825,0.0029963617749999994,0.15286541,-2.3463176499999996,0.02364290875,-9.386767125,15.975680384615385,24.896077961538463,101133.25384615385,-0.7144589597916666,0.06728734179166666,0.098403098125,0.6894449047916666,23.559163625,14.65283903125,-14.9877415625,0.03025081375,-2.66903090625,-0.0138845825,0.152851818,0.29703645450000005,0.43575608050000003,4789.990502930077,5733.351782226615,4778.777807616853,5724.999389648696,"1,1,60",1
1235,79598000,84.20800000000088,-0.005420630656250001,-0.0560353499375,0.0029071438375,0.28220145875,1246.0,1321.73,1238.0,1320.0,123450.0,2.0,0.9782316750000001,0.9854877616666666,0.9854877616666666,0.9854877616666666,0.0,0.0,0.040346966875,-0.00029976062500000015,0.16285229625,-2.2803279375,-0.024989317875000003,-9.501240687500001,15.97884048076923,24.89607346153846,101133.22990384615,-0.7172053288461538,0.06691531019230769,0.09876314615384615,0.6865714749999999,23.56058594642857,14.51980621875,-14.98827236607143,0.05096574767857143,-2.6686429151785713,-0.012214886071428573,0.15723537699999998,0.296476677,0.434104104,4786.788134765192,5726.958129883044,4784.028393555285,5735.912817382155,"1,1,60",1
1236,79648000,84.25800000000088,-0.004944969447916667,-0.05606832279166667,0.0028338557520833333,0.28215476375000004,1246.2395833333333,1322.0,1237.7604166666667,1320.0,123450.0,2.0,0.9780826472222223,0.9853884375925925,0.9853884375925925,0.9853884375925925,0.0,0.0,0.0379500155,0.00199745955,0.15316508,-2.332550925,-0.015412509499999996,-9.610027625,15.999516538461538,24.89607021153846,101132.96980769231,-0.7199864208333333,0.06656105937500001,0.09911393895833333,0.683638821875,23.56314015909091,14.386614823863637,-14.988513261363636,0.07202569579545455,-2.6683886545454545,-0.011766609011363637,0.158223198,0.2953623815,0.4339701075,4783.7128906252065,5728.158740234186,4788.106494140435,5720.83576660149,"1,1,60",1
1237,79698000,84.30800000000087,-0.005644680020833333,-0.0561284295625,0.003058480075,0.2821687325,1246.7604166666667,1322.0,1237.2395833333333,1320.0,123450.0,2.0,0.9779335097087379,0.9852890398058253,0.9852890398058253,0.9852890398058253,0.0,0.0,0.05645913325,0.0041609777624999995,0.15492936000000002,-2.3219266249999997,0.0026936473750000037,-9.5830916875,16.001593173076923,24.896065653846154,101132.9473076923,-0.7227268826923077,0.06602963134615385,0.09951708865384615,0.6807334001923078,23.567023113636363,14.253237267045455,-14.988413829545454,0.09349066056818181,-2.668291381818182,-0.012752172079545454,0.1601872215,0.2951522,0.43456732750000004,4794.844604491964,5724.762329101598,4765.927856445554,5732.214550780951,"1,1,60",1
1238,79748000,84.35800000000089,-0.005449384021428571,-0.056050905,0.0029577262339285713,0.2821225592857143,1247.0,1322.2596153846155,1237.2596153846155,1320.0,123450.0,2.0,0.9777789951456312,0.9851860300970874,0.9851860300970874,0.9851860300970874,0.0,0.0,0.029261582749999997,0.009287645625,0.1577257225,-2.34542005,-0.030525907,-9.59042625,15.983896634615384,24.896060923076924,101133.15269230769,-0.7254490812500001,0.06547757083333333,0.09988277958333334,0.677832020625,23.57289165,14.1196403,-14.98834235,0.11500047799999999,-2.6681581800000003,-0.0127106454,0.163622705,0.294794365,0.43277935949999996,4775.236718749714,5727.596289062364,4781.430639648639,5721.554565429696,"1,1,60",1
1239,79798000,84.40800000000088,-0.00515353,-0.05609371375,0.0030272249625,0.2822994525,1247.0,1322.7403846153845,1237.7403846153845,1320.0,123450.0,2.0,0.9776244805825243,0.9850830203883495,0.9850830203883495,0.9850830203883495,0.0,0.0,0.04176319254545455,0.009635674345454546,0.15562548545454546,-2.2797154818181817,0.00032664581818181784,-9.439793,16.010983173076923,24.89605707692308,101132.83538461539,-0.7281629719230769,0.06509923238461539,0.10006990557692308,0.6749242136538461,23.57961115,13.985949300000001,-14.988282850000001,0.136529518,-2.66800958,-0.012228937399999999,0.16333955782608695,0.29398506913043476,0.43203616695652175,4783.783714657754,5726.441382998792,4772.497558593888,5728.4983723954965,"1,1,60",1
1240,79848000,84.45800000000088,-0.005135842923076923,-0.05606682386538461,0.003167247553846154,0.2826605715384615,1247.23,1323.0,1238.23,1320.23,123450.0,2.0,0.9774750771428572,0.9849834028571428,0.9849834028571428,0.9849834028571428,0.0,0.0,0.028995196874999997,0.011451538125,0.15602798375000002,-2.299481025,0.05656318099999999,-9.480738875,16.018477115384616,24.89605323076923,101132.75173076923,-0.73085856375,0.06467817491666666,0.10029492333333334,0.6720119195833333,23.58825985,13.852260750000001,-14.9881061,0.1583777335,-2.66679691,-0.011148209825,0.1668341175,0.294570652,0.43096147399999996,4778.020458984246,5736.842895507997,4782.231494140614,5722.534375000188,"1,1,60",1
1241,79898000,84.50800000000088,-0.005773346425,-0.056043820812500006,0.00302447175625,0.28299087562499997,1247.73,1323.0,1238.73,1320.73,123450.0,2.0,0.9773258866666666,0.9848839266666667,0.9848839266666667,0.9848839266666667,0.0,0.0,0.046705195000000005,0.0038949044499999998,0.15895744750000002,-2.3582891999999998,0.02693493675,-9.433454249999999,15.98182,24.89604978846154,101133.17403846154,-0.7335546819230769,0.06421339511538462,0.10060552576923078,0.6690653846153846,23.59773535,13.71857325,-14.9878791,0.1803627385,-2.66512821,-0.009810759575000001,0.1684532165,0.2917619955,0.430525602,4792.004272461026,5722.445507812416,4770.876538085733,5740.264819336143,"1,1,60",1
1242,79948000,84.55800000000089,-0.005109107353846154,-0.05572318886538462,0.0032697986788461537,0.2831708371153846,1248.23,1322.77,1238.54,1321.69,123450.0,2.0,0.9771768958333333,0.9847845972222222,0.9847845972222222,0.9847845972222222,0.0,0.0,0.021604916000000002,0.004693894525,0.15705993875,-2.29379505,0.006284946937500001,-9.5148580625,15.973242596153847,24.89604653846154,101133.28596153845,-0.73623867375,0.06382764404166667,0.100951189375,0.6660961885416666,23.6086504,13.58466105,-14.9873399,0.202360921,-2.6643549500000003,-0.009352573900000001,0.170364961,0.292963722,0.43032756299999997,4780.90427246093,5731.257421875163,4788.384497070463,5725.259106445011,"1,1,60",1
1243,79998000,84.60800000000089,-0.00674530520625,-0.0563553551875,0.0032584932875,0.28331351125000004,1248.73,1322.27,1237.54,1323.19,123450.0,2.0,0.9770279374999999,0.9846852916666666,0.9846852916666666,0.9846852916666666,0.0,0.0,0.0350871215,0.0011318468732475,0.15779231249999998,-2.2864625,0.0014965433,-9.548375875,15.967554423076923,24.89604269230769,101133.35230769232,-0.7389014384615384,0.06358642173076924,0.10113531665384615,0.6631356828846154,23.6201824,13.450652550000001,-14.986666900000001,0.224364751,-2.66396545,-0.009271215900000001,0.17285243041666665,0.29253378,0.4302416145833334,4788.440313429987,5726.74755859366,4778.982677641315,5732.552943638815,"1,1,60",1
1244,80048000,84.65800000000088,-0.00625164945,-0.056667276115384614,0.0029402536653846153,0.28333063038461537,1249.0,1321.7604166666667,1237.2395833333333,1323.7604166666667,123450.0,2.0,0.9768810856481481,0.9845873893518519,0.9845873893518519,0.9845873893518519,0.0,0.0,0.029261423125,0.014347671037499999,0.163218545,-2.289006775,-0.032920112187499996,-9.535060125,16.00818451923077,24.896038846153846,101132.86653846155,-0.7415788249999999,0.06328816395833334,0.10127621633333334,0.6601477877083334,23.6329618,13.31656705,-14.98600615,0.24623353,-2.6631822,-0.010592532075,0.176499325,0.2903992785,0.42947528999999995,4775.057519530982,5731.653735351668,4786.475170898637,5731.944946288804,"1,1,60",1
1245,80098000,84.70800000000088,-0.005819667811363637,-0.05603468368181818,0.0029557125977272727,0.2833010927272727,1249.0,1321.2395833333333,1237.7604166666667,1323.2395833333333,123450.0,2.0,0.9767351365740741,0.9844900884259259,0.9844900884259259,0.9844900884259259,0.0,0.0,0.035619707,0.005659397375,0.156061285,-2.33135405,0.002693644250000002,-9.5690275,16.0393345,24.896034999999998,101132.5245,-0.7442417357692308,0.06302134026923077,0.10138082211538461,0.6571531582692308,23.646275799999998,13.18244855,-14.985350649999999,0.26804443,-2.6622302,-0.012514994324999999,0.1761115905,0.290634101,0.4304235175,4782.075830078403,5726.3075439449685,4777.604370117113,5730.235693359493,"1,1,60",1
1246,80148000,84.75800000000089,-0.006589643205357143,-0.05579329383928572,0.0028100491910714284,0.2835496167857143,1249.0,1321.5192307692307,1237.7403846153845,1323.5192307692307,123450.0,2.0,0.9765846245192308,0.9843897463461538,0.9843897463461538,0.9843897463461538,0.0,0.0,0.0288620905,0.0051264684875,0.15815848500000002,-2.28616345,0.005087847250000001,-9.585635,15.982361730769231,24.896031365384616,101133.1751923077,-0.7468902185416667,0.06272030804166666,0.10161631541666667,0.654134293125,23.66107625,13.04818585,-14.9848523,0.2896237875,-2.661524215,-0.01195533375,0.178745704,0.291010287,0.428521667,4780.103149413927,5732.304492187652,4791.863500976934,5724.006591796657,"1,1,60",1
1247,80198000,84.80800000000089,-0.006720510606250001,-0.056399675187500005,0.0027816775,0.283949958125,1249.0,1322.4807692307693,1237.2596153846155,1324.4807692307693,123450.0,2.0,0.9764302254807692,0.9842868136538462,0.9842868136538462,0.9842868136538462,0.0,0.0,0.043808948,0.01228377425,0.15516246,-2.3081605625,0.014814288124999991,-9.48538025,16.018567403846156,24.89602830769231,101132.72557692308,-0.7495346767307692,0.06224339471153846,0.10183433884615385,0.6511135884615384,23.67651375,12.91386135,-14.9844213,0.3111039125,-2.6609236650000003,-0.01033190625,0.181708706,0.2889878115,0.429529771,4790.1668212893,5729.96115722681,4778.54399414016,5734.161352539368,"1,1,60",1
1248,80248000,84.85800000000089,-0.006737224830769231,-0.05658793069230769,0.0024809950846153843,0.2843751609615385,1249.23,1322.77,1237.46,1325.23,123450.0,2.0,0.9762795984259259,0.9841863949074074,0.9841863949074074,0.9841863949074074,0.0,0.0,0.040480140250000005,0.01804293,0.1533314775,-2.3211787,0.014664651249999999,-9.445127750000001,16.016581057692306,24.89602432692308,101132.77173076924,-0.7521746491666667,0.06163827364583333,0.10203939479166667,0.6480882152083334,23.69318255,12.7800727,-14.98365955,0.3321637505,-2.659584825,-0.009938765325,0.182683233,0.2899318615,0.4291936665,4783.347070312339,5740.877246094216,4782.0519287113275,5740.186254882337,"1,1,60",1
1249,80298000,84.90800000000088,-0.0061436865437500005,-0.056092988625,0.0021280407937499996,0.284565485,1249.73,1322.27,1238.46,1325.73,123450.0,2.0,0.9761333993518518,0.9840889273148148,0.9840889273148148,0.9840889273148148,0.0,0.0,0.03695152625,0.001797708178285,0.1545964675,-2.3047188,0.04399362875,-9.61631225,16.025547941176473,24.89601950980392,101132.63215686275,-0.7548003230769231,0.06123534453846154,0.1022193276923077,0.645037795,23.71037905,12.6465137,-14.98275605,0.3530434655,-2.6579295750000003,-0.010072890074999999,0.18520724,0.2880190765,0.42829142,4788.5731689454415,5731.3033447262,4786.3126220702825,5741.022680664377,"1,1,60",1
1250,80348000,84.9580000000009,-0.0057289074749999995,-0.05616766721153846,0.002846696217307692,0.2848593317307692,1250.4791666666667,1322.4791666666667,1238.7604166666667,1325.5208333333333,123450.0,2.0,0.9759857196153846,0.983990475,0.983990475,0.983990475,0.0,0.0,0.02982743,0.0007985872,0.15686023,-2.2912512,-0.03471576,-9.442734,15.996613679245284,24.896014698113206,101133.01169811322,-0.7573632195833333,0.060963088270833334,0.10245244416666667,0.6420162179166667,23.72894475,12.51328055,-14.98191765,0.3739487865,-2.65540055,-0.010643231025,0.18833559043478262,0.2887373704347826,0.4273256982608696,4786.149855840459,5743.861328125888,4795.103585380176,5728.04731677741,"1,1,60",1
1251,80398000,85.00800000000089,-0.005698586204545454,-0.05618225545454545,0.003931781968181818,0.2850998609090909,1251.5208333333333,1323.5208333333333,1238.2395833333333,1324.4791666666667,123450.0,2.0,0.975834585,0.983889725,0.983889725,0.983889725,0.0,0.0,0.043742408749999996,0.001464650625,0.1612544025,-2.31010545,0.0353146425,-9.429263500000001,16.005565865384614,24.896010903846154,101132.90711538462,-0.759892105,0.060613586365384615,0.10272799009615385,0.6390092038461539,23.74809725,12.38018705,-14.98110715,0.3948650815,-2.65249705,-0.011400521775,0.1893744625,0.28733592,0.425971225,4790.3254882816,5738.505126952841,4788.84125976506,5730.036669922207,"1,1,60",1
1252,80448000,85.05800000000089,-0.006495142464285714,-0.055943910464285714,0.0033473863124999998,0.28518476732142856,1251.7403846153845,1323.7403846153845,1238.2596153846155,1324.2596153846155,123450.0,2.0,0.9756874177884616,0.983791615,0.983791615,0.983791615,0.0,0.0,0.060686980375000005,0.0023635282125,0.15849133375,-2.33539405,-0.03067554021250001,-9.610926125,16.019109134615388,24.896006096153847,101132.76288461538,-0.7624649673076923,0.05999568340384615,0.10322391690384615,0.635915325,23.7688573,12.24762625,-14.98071455,0.4160466765,-2.64959096,-0.01286967525,0.19223429347826088,0.28510615,0.4261644,4797.492944335909,5730.800610351506,4778.606127929966,5746.054687500017,"1,1,60",1
1253,80498000,85.10800000000089,-0.00578956203125,-0.0556710760625,0.00285571243125,0.28528944375,1251.2596153846155,1323.2596153846155,1238.7403846153845,1324.7403846153845,123450.0,2.0,0.9755543168269231,0.983702865,0.983702865,0.983702865,0.0,0.0,0.034487947000000005,-0.003528721025,0.15393071,-2.23827945,0.014365377249999998,-9.616909750000001,15.988411057692309,24.896000346153848,101133.10865384615,-0.7650219829166667,0.0594486396875,0.103712462625,0.632809315625,23.7903063,12.115293750000001,-14.98050105,0.4373419715,-2.64668376,-0.01464391275,0.1944044895,0.285708872,0.426441997,4792.743627929848,5737.624023437558,4790.566650390159,5731.0434326171235,"1,1,60",1
1254,80548000,85.1580000000009,-0.006607448663461539,-0.05573931086538461,0.002993324188461539,0.2851331521153846,1250.77,1323.23,1239.0,1325.23,123450.0,2.0,0.9754164745370371,0.9836109598148148,0.9836109598148148,0.9836109598148148,0.0,0.0,0.04261059625,0.002663068425,0.1595899575,-2.33733995,0.03082551975,-9.69741425,15.995002115384615,24.89599457692308,101133.04865384616,-0.7675290054166667,0.059022048229166665,0.104074495625,0.6297465156250001,23.8135312,11.98351355,-14.980328850000001,0.458961069,-2.64278214,-0.0165731355,0.1949499555,0.28389727550000005,0.4245341225,4792.2018798825175,5731.386767578094,4779.7741210939175,5737.643701171859,"1,1,60",1
1255,80598000,85.2080000000009,-0.00633320824375,-0.056337342125,0.00280396973125,0.28509345875,1250.27,1323.73,1239.0,1325.73,123450.0,2.0,0.9752495069444445,0.9834996727777778,0.9834996727777778,0.9834996727777778,0.0,0.0,0.03528689075,0.0055927505875,0.15516243000000002,-2.2655136875,-0.00643425275,-9.436895812500001,16.02840798076923,24.895987942307695,101132.64192307692,-0.7700297776923077,0.05858653821153846,0.10431328249999999,0.6266869442307693,23.8375172,11.85197005,-14.98017435,0.480718939,-2.63845434,-0.0185687805,0.198665909,0.284488241,0.424762622,4783.54785156253,5732.759887695394,4777.795849609279,5729.464038086004,"1,1,60",1
1256,80648000,85.25800000000089,-0.0056315967923076925,-0.05601304975,0.002738543628846154,0.2852618146153846,1250.4791666666667,1324.2395833333333,1239.0,1325.28125,123450.0,2.0,0.9750825393518519,0.9833883857407407,0.9833883857407407,0.9833883857407407,0.0,0.0,0.03069303725,0.0009321972499999999,0.161387545,-2.258929725,-0.078110675,-9.4915155,15.971346365384615,24.895981211538462,101133.29942307693,-0.7725277554166666,0.058299538458333335,0.10448753427083333,0.6236032041666667,23.86297775,11.720901325,-14.98024595,0.501823135,-2.634602295,-0.0195736665,0.200596849,0.283744784,0.423481349,4785.985229492248,5724.647387695019,4776.358007812668,5741.291625976662,"1,1,60",1
1257,80698000,85.30800000000089,-0.005055474663636364,-0.05518868113636364,0.003495980522727273,0.28539236568181814,1251.5208333333333,1324.7604166666667,1239.0,1323.71875,123450.0,2.0,0.9749279422330097,0.9832853246601941,0.9832853246601941,0.9832853246601941,0.0,0.0,0.023236035,0.000998788225,0.15992286,-2.2652141749999997,-0.018854173,-9.553464,15.968657232142856,24.895976339285713,101133.3475,-0.7750109076923076,0.058088613634615385,0.10470840125,0.620496525,23.88907025,11.590036075,-14.980414450000001,0.522647185,-2.630954145,-0.0201539415,0.203883776,0.2817320265,0.4229664235,4781.120922851766,5736.541577148138,4793.116162109132,5719.01027832051,"1,1,60",1
1258,80748000,85.3580000000009,-0.006031372171428571,-0.05571400569642857,0.003913512223214286,0.2853619239285714,1251.7403846153845,1324.7403846153845,1239.0,1323.5192307692307,123450.0,2.0,0.9747735975728156,0.9831824314563107,0.9831824314563107,0.9831824314563107,0.0,0.0,0.054195424500000006,0.0076567007000000005,0.15166701,-2.3166895000000003,-0.009875916475,-9.48462975,15.978750192307693,24.895969615384615,101133.23259615384,-0.777466874375,0.0576426513125,0.10502056133333333,0.617405625,23.9168382,11.459264975,-14.98085385,0.543793074,-2.626936815,-0.0209445392,0.20521471,0.281737293,0.422590289,4792.610864258005,5728.227392577961,4764.775781249542,5734.6677490236825,"1,1,60",1
1259,80798000,85.4080000000009,-0.00631512433125,-0.056068628937500004,0.00360503965625,0.285381168125,1251.2596153846155,1324.2596153846155,1239.0,1324.4807692307693,123450.0,2.0,0.9746222204761905,0.9830814990476191,0.9830814990476191,0.9830814990476191,0.0,0.0,0.042111343625,0.0073236850625,0.15339807125000002,-2.3159415,-0.006733525087356251,-9.54493575,16.002676634615383,24.895963826923076,101132.95067307692,-0.77990588125,0.0569411575,0.105379508125,0.6143249025,23.945324199999998,11.328534225,-14.98140935,0.565076894,-2.622761265,-0.0218252752,0.20621589,0.2800485715,0.42336373650000003,4784.372241210997,5737.068896484095,4772.569946289042,5720.333007812687,"1,1,60",1
1260,80848000,85.4580000000009,-0.0061671598450980395,-0.05596486643137255,0.0034860999156862745,0.28516777215686273,1251.23,1324.23,1239.0,1324.54,123450.0,2.0,0.9744711014285714,0.9829807371428572,0.9829807371428572,0.9829807371428572,0.0,0.0,0.05299686925,0.01517978925,0.1547297,-2.331354275,-0.04818314,-9.616011749999998,16.011831176470587,24.89595835294118,101132.8343137255,-0.782332214893617,0.05630739255319149,0.10569119872340425,0.6112382059574468,23.975505599999998,11.197972,-14.98234285,0.586776241,-2.6184351799999996,-0.0229510798,0.208111721,0.28073237149999997,0.4218018005,4788.569824218403,5723.963867187678,4756.383300781558,5739.347656249296,"1,1,60",1
1261,80898000,85.50800000000089,-0.005483579834693878,-0.055580958857142856,0.003791969618367347,0.2850328657142857,1251.73,1324.73,1239.0,1323.54,123450.0,2.0,0.9743416657407408,0.9828944564814815,0.9828944564814815,0.9828944564814815,0.0,0.0,0.022636728249999998,0.0069906615,0.15353129000000001,-2.267608375,0.031723341,-9.50138925,15.988729622641507,24.895952603773583,101133.12169811322,-0.7847617530612245,0.05580781187755102,0.10590641142857142,0.6081241959183673,24.0064136,11.067482,-14.98343835,0.608653671,-2.61404458,-0.0241819138,0.21138615,0.2799396342857143,0.42137867142857144,4773.5423095704755,5731.6123535155475,4773.344604492311,5710.981030273323,"1,1,60",1
1262,80948000,85.5580000000009,-0.007604318317307692,-0.05607344038461538,0.0036056641365384617,0.2853644463461539,1251.77,1325.0,1239.23,1323.23,123450.0,2.0,0.9742169898148149,0.9828113546296297,0.9828113546296297,0.9828113546296297,0.0,0.0,0.04274405,0.0072572035,0.15512905999999999,-2.2954412,-0.0356135885,-9.5109675,15.994370096153846,24.895947403846154,101133.05740384615,-0.7871762163636364,0.055486085672727274,0.10608664981818182,0.6049926807272727,24.038720375,10.9371053125,-14.984322,0.63018361875,-2.6090114937499997,-0.022868209625,0.2124604235,0.279487127,0.421531644,4780.571679687644,5723.391748046737,4758.954418944862,5724.83671875035,"1,1,60",1
1263,80998000,85.6080000000009,-0.007537338812500001,-0.05637319875,0.0031906525125000003,0.2856563925,1251.27,1325.0,1239.73,1323.73,123450.0,2.0,0.97406229,0.9827082205555556,0.9827082205555556,0.9827082205555556,0.0,0.0,0.030432779272727275,0.003873355181818182,0.16087912363636364,-2.2894007272727275,0.019262606090909087,-9.428584,16.010170576923077,24.895942596153848,101132.85548076923,-0.7896151133333333,0.05506793968888889,0.10630556666666666,0.6018070857777779,24.071626625,10.8067771875,-14.985114857142857,0.6515646455357142,-2.60370305625,-0.020463989089285713,0.21440104399999999,0.27785137200000004,0.42009893,4774.265927269272,5723.833031064155,4774.470912388804,5722.010300408792,"1,1,60",1
1264,81048000,85.6580000000009,-0.006842734403846154,-0.05606573388461539,0.003017801969230769,0.28576433903846155,1251.0,1325.0,1240.23,1324.0,123450.0,2.0,0.9738921233333333,0.9825947668518519,0.9825947668518519,0.9825947668518519,0.0,0.0,0.03588589425,0.009454250675,0.16118787750000002,-2.308310025,-0.045788946250000004,-9.468469749999999,16.00944826923077,24.895937788461538,101132.8701923077,-0.79206325,0.05485657404166666,0.10643795791666666,0.5985764739583334,24.10529997727273,10.676590982954545,-14.985707136363636,0.6723432952272728,-2.5985226738636364,-0.01889938359090909,0.215458214,0.27706258549999996,0.420631835,4772.830761718759,5725.759667968611,4769.43940429658,5729.120922851948,"1,1,60",1
1265,81098000,85.7080000000009,-0.00680020375625,-0.05594498975,0.0028316724437499998,0.285885133125,1251.0,1325.0,1240.73,1324.0,123450.0,2.0,0.9737327807407407,0.9824885168518519,0.9824885168518519,0.9824885168518519,0.0,0.0,0.0357530785,0.0053928927000000005,0.15752595,-2.335543675,-0.005386791,-9.39813925,16.01658105769231,24.895933384615386,101132.78365384616,-0.7945112115384616,0.05455632867307692,0.10659256269230769,0.5953228307692308,24.13987384090909,10.546571380681819,-14.986063954545456,0.6924148065909091,-2.5934926170454546,-0.018320413136363636,0.2187640555,0.276856004,0.419531565,4770.616577148173,5726.389672851504,4777.2816162114,5721.865771484102,"1,1,60",1
1266,81148000,85.7580000000009,-0.0065011816865384615,-0.05581365138461539,0.0036123669346153843,0.2861385376923077,1251.46,1325.23,1241.0,1324.23,123450.0,2.0,0.9735842622222222,0.9823894705555556,0.9823894705555556,0.9823894705555556,0.0,0.0,0.038349575625,0.0023636259625,0.15875771500000002,-2.2834703125,0.019004142624999998,-9.457096625,16.026241923076924,24.895930634615386,101132.64230769231,-0.7969228791666667,0.0542305134375,0.10685185083333333,0.5920743720833334,24.175793199999998,10.416891175,-14.98615385,0.713481024,-2.58808754,-0.0160140376,0.2209033545,0.27550520450000004,0.4180788465,4777.817065429961,5725.317773437433,4776.14133300759,5723.439868164392,"1,1,60",1
1267,81198000,85.8080000000009,-0.00736781395,-0.056131173374999996,0.00391256961875,0.286591546875,1252.46,1325.73,1241.0,1324.73,123450.0,2.0,0.9734341448076923,0.9822893807692308,0.9822893807692308,0.9822893807692308,0.0,0.0,0.04314323025,0.006158596675,0.16028900375000002,-2.334795525,0.041749060625,-9.52488325,16.041229807692307,24.89592869230769,101132.44750000001,-0.7993106653846154,0.053752721038461536,0.10716027142307692,0.5888340478846154,24.212289199999997,10.287356424999999,-14.98612935,0.7349735439999999,-2.5825217400000002,-0.012967345600000001,0.22299341666666667,0.2749964357142857,0.4200631185714286,4780.659423827927,5731.574267578463,4774.981689453375,5728.830493163814,"1,1,60",1
1268,81248000,85.8580000000009,-0.007075180719230769,-0.0556240653076923,0.003684530619230769,0.28678322500000003,1252.77,1326.0,1241.23,1325.46,123450.0,2.0,0.9732809236538462,0.9821872653846154,0.9821872653846154,0.9821872653846154,0.0,0.0,0.04860276525,0.0062583584,0.155062545,-2.3666684250000003,-0.0601541595,-9.4729595,16.040778365384615,24.895924846153846,101132.4551923077,-0.8016781220833333,0.053233022875,0.10745820866666667,0.5856003447916667,24.2505338,10.158462,-14.9866099,0.7561652074999999,-2.576405495,-0.0118471369,0.2248290395,0.274908814,0.41759463150000004,4784.850463867243,5732.139135742076,4769.475683593545,5727.469409179882,"1,1,60",1
1269,81298000,85.9080000000009,-0.007243230125,-0.055639216625,0.0032392782,0.286931725,1252.27,1326.0,1241.73,1326.46,123450.0,2.0,0.9731337975000001,0.9820892062500001,0.9820892062500001,0.9820892062500001,0.0,0.0,0.03432152125,0.006924118,0.155794945,-2.337938175,0.02394218325,-9.451561875,16.014685,24.8959215,101132.8,-0.8040250173076923,0.05277405836538462,0.10775740576923078,0.5823597776923076,24.2895278,10.029842,-14.9873069,0.7772279325,-2.570053345,-0.0115525639,0.2276426625,0.273548759,0.41819863,4782.640478515174,5727.317211914146,4771.3911621099805,5733.932983398282,"1,1,60",1
1270,81348000,85.95800000000091,-0.0066748860403846155,-0.05584226371153846,0.0030019762538461537,0.2872161853846154,1252.0,1326.23,1242.23,1326.31,123450.0,2.0,0.9730040186538462,0.9820026918269231,0.9820026918269231,0.9820026918269231,0.0,0.0,0.03235735125,0.008322387,0.1575260075,-2.285564875,0.003591469375,-9.531618250000001,15.994460384615385,24.895919153846155,101133.0326923077,-0.8063717916666666,0.05251063375,0.10793454041666667,0.5790974679166666,24.3304314,9.9019955,-14.98827165,0.79860277,-2.563939475,-0.011136913299999999,0.2295430665,0.27262163,0.416590906,4780.328930664206,5727.242578124952,4778.101147460714,5741.1824707033,"1,1,60",1
1271,81398000,86.0080000000009,-0.0059452565125,-0.0554273931875,0.0035658188875,0.2872843375,1252.0,1326.73,1242.73,1324.81,123450.0,2.0,0.972866601923077,0.9819110863461539,0.9819110863461539,0.9819110863461539,0.0,0.0,0.021971135250000003,-0.003795096625,0.15073492249999998,-2.2652141749999997,-0.0341172155,-9.39784025,16.024075,24.895915653846153,101132.67346153846,-0.8086534007692308,0.05242062794230769,0.10806286,0.5758908161538462,24.3721534,9.774480500000001,-14.98935115,0.82011137,-2.5579277250000003,-0.0106693723,0.2302014925,0.269761225,0.4172356815,4785.042675780623,5732.836303711287,4778.740112305541,5721.623559569445,"1,1,60",1
1272,81448000,86.0580000000009,-0.005781758090196078,-0.055464703137254906,0.003721996656862745,0.2872599154901961,1252.23,1326.77,1243.0,1324.23,123450.0,2.0,0.9726943903846155,0.9817962882692307,0.9817962882692307,0.9817962882692307,0.0,0.0,0.03129194025,0.007523756750000001,0.15293207749999999,-2.264316225,0.00808059825,-9.5543615,16.028499134615384,24.895913461538463,101132.6375,-0.8109223247058823,0.052276719725490195,0.10817554882352941,0.5726834427450981,24.41502725,9.64736975,-14.9906354,0.8404999875,-2.55272444,-0.0103649383,0.23309297750000002,0.2697736935,0.41788508950000003,4777.490234375151,5735.4628906247335,4784.385253905812,5713.349121094274,"1,1,60",1
1273,81498000,86.1080000000009,-0.0069870778734693875,-0.05558824975510204,0.0035629330836734695,0.2872349410204082,1252.73,1326.27,1243.0,1324.73,123450.0,2.0,0.9725245990740742,0.9816831010185185,0.9816831010185185,0.9816831010185185,0.0,0.0,0.05566004375,0.01178418425,0.1605221,-2.23798005,-0.00837953925,-9.54657975,16.059648653846153,24.89590980769231,101132.26442307692,-0.8132426159183673,0.05168094028571429,0.1083955195510204,0.5693962285714286,24.45839475,9.520432249999999,-14.9920074,0.8604086125,-2.54786764,-0.0101304073,0.234791615,0.2685535625,0.41647464,4785.292480468463,5727.033691406366,4766.690161132977,5734.399780273188,"1,1,60",1
1274,81548000,86.15800000000091,-0.006836410242307692,-0.055774103211538466,0.0032938045846153848,0.2872376309615385,1252.77,1326.23,1242.77,1325.46,123450.0,2.0,0.9723765898148149,0.9815844112037037,0.9815844112037037,0.9815844112037037,0.0,0.0,0.041012757999999996,0.01125188325,0.15536215,-2.3113025875,0.02603711025,-9.503935,16.082943076923076,24.895907884615383,101131.95826923076,-0.815581186875,0.050894402958333335,0.10865359810416667,0.5660634510416667,24.5029092,9.393901099999999,-14.99314105,0.88067198,-2.540578935,-0.010068326375,0.2385250525,0.26629201750000003,0.41577683,4777.405395507928,5731.4975341799145,4772.671435546635,5724.231762695263,"1,1,60",1
1275,81598000,86.20800000000091,-0.007489931368749999,-0.056496728,0.00336942488125,0.287286948125,1252.27,1326.73,1242.27,1326.46,123450.0,2.0,0.9722285805555556,0.9814857213888889,0.9814857213888889,0.9814857213888889,0.0,0.0,0.04840309375,0.008522051249999999,0.1601891425,-2.3319523749999997,-0.03950416625,-9.56782875,16.046647115384616,24.895905942307692,101132.43009615384,-0.8178934865384615,0.050229146826923074,0.10880754125,0.5627467096153846,24.5479152,9.2675441,-14.99417255,0.90108738,-2.5322479849999997,-0.010080152625,0.23994703750000002,0.26645395,0.414537675,4775.566357421618,5725.164794922062,4758.747509765667,5737.533886718519,"1,1,60",1
1276,81648000,86.2580000000009,-0.006791225255769231,-0.05583591494230769,0.0032651903865384617,0.2873480063461539,1252.23,1327.0,1242.23,1326.54,123450.0,2.0,0.9720770730769231,0.9813847153846154,0.9813847153846154,0.9813847153846154,0.0,0.0,0.025766151125,-0.0017976070125,0.15586151125,-2.3059156375,-0.0386063340125,-9.489419,16.001502884615384,24.89590305769231,101132.93490384617,-0.8201632846153846,0.049820262115384616,0.10900491250000001,0.5594320173076923,24.5944255,9.141806950000001,-14.994947849999999,0.921884735,-2.524087275,-0.009260869225000001,0.241737825,0.264978455,0.41545601,4771.786254883022,5725.301098632625,4771.344189453359,5722.889404296648,"1,1,60",1
1277,81698000,86.3080000000009,-0.006344861781250001,-0.0551550058125,0.0035657706812499998,0.28749216250000004,1252.73,1327.0,1242.73,1325.54,123450.0,2.0,0.9719253423076923,0.9812835615384615,0.9812835615384615,0.9812835615384615,0.0,0.0,0.02916162425,-0.00652484865,0.1519333625,-2.243067825,-0.0407012655,-9.504384,15.978479326923075,24.895900173076924,101133.24748076923,-0.8223581729166667,0.04975124727083333,0.109289623125,0.5561514104166666,24.6415805,9.016335450000001,-14.99561335,0.9428457849999999,-2.5159995250000002,-0.008085395975,0.2436818475,0.265437065,0.4136173575,4783.10595703125,5716.29345703125,4767.4658203125,5727.2861328125,"1,1,60",1
1278,81748000,86.35800000000091,-0.005495605740384615,-0.05530440748076923,0.0034066155961538463,0.2875860855769231,1253.46,1326.77,1242.54,1326.15,123450.0,2.0,0.9717767085185186,0.981184475,0.981184475,0.981184475,0.0,0.0,0.017576741875,-0.00206380065,0.15872441,-2.3231236875,-0.0020947634999999992,-9.45814425,16.002586346153848,24.8959,101132.90807692308,-0.8245572916666667,0.049694696625,0.10948174927083333,0.55285255625,24.69049635,8.891120500000001,-14.996064475,0.96298465,-2.508728955,-0.005663886955,0.24357884000000002,0.2622256775,0.41433574,4765.098144531306,5729.661132812328,4786.323242187227,5708.343750000284,"1,1,60",1
1279,81798000,86.40800000000091,-0.0080092345625,-0.0560150240625,0.0032591803437500002,0.28802741187500003,1254.46,1326.27,1241.54,1328.65,123450.0,2.0,0.971628578888889,0.981085725,0.981085725,0.981085725,0.0,0.0,0.04980126375,0.0066580405749999995,0.1554619975,-2.303222375,-0.0128686725,-9.374499375,16.00935798076923,24.895899134615384,101132.84403846154,-0.8268022626923077,0.049372113846153844,0.10965905778846154,0.5494823346153846,24.74016685,8.7660155,-14.996423725,0.9827711499999999,-2.501808605,-0.0027083626050000004,0.24737899000000002,0.26039992749999996,0.414020465,4777.204907226802,5725.672070312285,4767.800732421718,5728.913818359998,"1,1,60",1
1280,81848000,86.45800000000091,-0.008217732465384615,-0.05618017263461539,0.003445922951923077,0.28838802,1255.23,1326.46,1240.77,1329.54,123450.0,2.0,0.9714806631481482,0.9809871208333334,0.9809871208333334,0.9809871208333334,0.0,0.0,0.04021382075,0.00952083975,0.15239940000000002,-2.3573912,1.6575000000296214e-07,-9.56603375,16.077285843137254,24.895899,101132.02215686275,-0.8290456341666667,0.048709002083333335,0.10990427541666667,0.5461028229166667,24.79134165,8.64138195,-14.996170125,1.003144985,-2.493999325,-0.0013865636699999999,0.24849574086956522,0.26013274913043477,0.4140967991304348,4776.145605468702,5732.563598633225,4772.400512695547,5723.3461669915405,"1,1,60",1
1281,81898000,86.5080000000009,-0.007727068787499999,-0.0558256575625,0.0041047222625,0.288502270625,1255.73,1327.46,1240.27,1328.54,123450.0,2.0,0.9713328390740741,0.9808885791666667,0.9808885791666667,0.9808885791666667,0.0,0.0,0.047537536,0.0071907435,0.163917555,-2.3540988,0.058059558,-9.526529499999999,16.00795275471698,24.895899,101132.84471698114,-0.8312527815384615,0.0481172025,0.11013950942307692,0.5427415538461539,24.84316115,8.51695045,-14.995653875,1.023770535,-2.485809075,-0.00076493277,0.25112842956521736,0.2585520143478261,0.4128536286956522,4778.855395508086,5726.381176757678,4769.170971679375,5734.969433594129,"1,1,60",1
1282,81948000,86.5580000000009,-0.008150872844230769,-0.05576769240384616,0.004134489426923077,0.2888122069230769,1256.23,1328.0,1240.23,1328.23,123450.0,2.0,0.9711828560576923,0.9807885879807693,0.9807885879807693,0.9807885879807693,0.0,0.0,0.037084568125,0.006591341,0.15869112875000002,-2.3201313125,-0.0173577975,-9.58593675,16.02524875,24.895899,101132.6575,-0.8334546786538461,0.047553769519230765,0.11040433076923077,0.5393502623076923,24.8962067,8.3931185,-14.994549450000001,1.044395105,-2.47787639,7.969093499999994e-05,0.25150126700000003,0.2578945305,0.412171901,4779.1610595701695,5733.801586914015,4779.056396484992,5727.326757812495,"1,1,60",1
1283,81998000,86.60800000000091,-0.00789589854375,-0.0555555991875,0.00398978768125,0.28906817937499996,1256.73,1328.0,1240.73,1328.73,123450.0,2.0,0.9710310339423077,0.9806873620192308,0.9806873620192308,0.9806873620192308,0.0,0.0,0.046205766499999995,0.004127957775,0.1629189075,-2.3008281250000002,0.005387121525,-9.5878815,16.00475326923077,24.89589757692308,101132.91557692307,-0.8356278546153846,0.047078643673076924,0.11067753875,0.5359628728846154,24.9497777,8.269543500000001,-14.993192950000001,1.065019255,-2.47005409,0.001019882985,0.253331622,0.256940616,0.41266332699999997,4787.256811523652,5730.600805663946,4775.937768554333,5733.380468750244,"1,1,60",1
1284,82048000,86.65800000000091,-0.008181971764705882,-0.05566682882352941,0.003937735692156863,0.28931001647058824,1256.77,1327.77,1241.46,1329.23,123450.0,2.0,0.9708788004807692,0.9805858706730769,0.9805858706730769,0.9805858706730769,0.0,0.0,0.034820881125,0.004959966375,0.16038890375,-2.2870614875,0.006284944374999997,-9.515457125000001,15.997530192307691,24.895897,101133.01942307693,-0.8377862412765957,0.0465972250212766,0.11094148808510639,0.5325709423404255,25.00465735,8.146447825000001,-14.991496600000001,1.08560564,-2.46314536,0.00021465142499999998,0.256091625,0.25397296550000004,0.41200958,4786.215747070008,5730.41494140639,4779.170239258498,5733.069335937209,"1,1,60",1
1285,82098000,86.70800000000091,-0.007432907102040816,-0.0555740006122449,0.003333064479591837,0.28941957959183673,1256.27,1327.27,1242.46,1329.73,123450.0,2.0,0.9707260841346154,0.9804840677884615,0.9804840677884615,0.9804840677884615,0.0,0.0,0.027064433375000002,0.0111520014375,0.1569267825,-2.2749406,0.04130015025,-9.556606875,16.009538557692306,24.895897,101132.88846153846,-0.8399349018867924,0.046316805886792455,0.11100432924528301,0.5291862839622642,25.060097850000002,8.023557575,-14.989654600000001,1.10617584,-2.45662816,-0.0013386188250000004,0.2591097365,0.2538120395,0.411297868,4779.830981445581,5728.197900390535,4779.314404296572,5732.603149414097,"1,1,60",1
1286,82148000,86.75800000000092,-0.007275820944230769,-0.055973957500000004,0.0028814195192307696,0.28964516269230767,1256.23,1327.23,1243.23,1330.0,123450.0,2.0,0.9705762577777778,0.9803841902777778,0.9803841902777778,0.9803841902777778,0.0,0.0,0.023402529875,0.0158789635,0.15429691874999998,-2.3243210875,-0.002543672625,-9.562293,16.00628817307692,24.895897,101132.89855769232,-0.8420782579545454,0.04602178229545455,0.11095794579545454,0.5258058420454546,25.1165068,7.901248325,-14.987625000000001,1.125850705,-2.448566165,-0.001809817875,0.25941517049999996,0.253064471,0.4109960545,4780.492578124794,5742.951245117871,4782.657885742758,5730.70603027305,"1,1,60",1
1287,82198000,86.80800000000092,-0.0069170166125,-0.0558179725,0.0028873723,0.290117215,1256.73,1327.73,1243.73,1330.0,123450.0,2.0,0.9704311466666667,0.9802874541666666,0.9802874541666666,0.9802874541666666,0.0,0.0,0.033156250750000005,0.0127832715,0.154729685,-2.276287625,-0.02483967475,-9.58877875,15.990126538461539,24.895895884615385,101133.08163461539,-0.8442038084615384,0.04572172334615385,0.11091053184615385,0.5224212846153846,25.1733308,7.7791880749999995,-14.985515000000001,1.1451418549999999,-2.439842115,-0.001817272125,0.2624687575,0.251346866,0.4109228595,4779.432568359724,5739.763281249801,4782.260986328015,5739.135180664125,"1,1,60",1
1288,82248000,86.85800000000091,-0.007234720682692307,-0.05536271815384615,0.0032702164846153845,0.29051413,1257.0,1328.4791666666667,1243.7604166666667,1330.0,123450.0,2.0,0.9702836334,0.9801891145,0.9801891145,0.9801891145,0.0,0.0,0.047803805000000005,-0.00452739185,0.153531225,-2.359785475,0.014664655500000002,-9.696517499999999,16.01594903846154,24.895893961538462,101132.79019230769,-0.8463108137500001,0.04531266291666667,0.11111542614583333,0.518993761875,25.23155445,7.657863245,-14.9831131,1.1645006599999999,-2.4309425399999998,-0.00288367486,0.262983763,0.25013172650000004,0.4107296565,4797.567773437797,5737.391796875137,4786.497290039515,5734.082250975994,"1,1,60",1
1289,82298000,86.90800000000091,-0.006872348375,-0.05563247136363636,0.0036450217181818183,0.29081525636363637,1257.0,1329.5208333333333,1243.2395833333333,1330.0,123450.0,2.0,0.9701276034,0.9800850895,0.9800850895,0.9800850895,0.0,0.0,0.041944691875,0.0029627718125000003,0.15156720625,-2.3561938749999998,1.670000000023042e-07,-9.602845,16.02723509615385,24.89589203846154,101132.6575,-0.8483823403846154,0.04482994909615384,0.11144139721153846,0.5155718298076923,25.29037795,7.536853595,-14.9805861,1.18388846,-2.42196774,-0.00440391266,0.26495377600000003,0.2495617805,0.4097505505,4794.877172851525,5747.226635742347,4788.44790039006,5727.213598633063,"1,1,60",1
1290,82348000,86.95800000000091,-0.007409079830357143,-0.05593683651785714,0.004091641857142858,0.2911698491071429,1257.7864077669904,1329.7378640776699,1243.2621359223301,1330.2621359223301,123450.0,2.0,0.9699785324074074,0.9799857032407407,0.9799857032407407,0.9799857032407407,0.0,0.0,0.057890399375,0.019840586125,0.1556951,-2.3388359999999997,-0.010025551124999997,-9.64115125,16.005295,24.895890557692308,101132.914,-0.8504573716666667,0.044123211041666666,0.11167900541666667,0.5121519585416667,25.35042785,7.41680046,-14.977975449999999,1.20321963,-2.41304509,-0.0066847475,0.26664464449999997,0.24678668,0.40973444400000003,4794.069262695298,5751.380834961288,4779.6388183595955,5745.064941406239,"1,1,60",1
1291,82398000,87.00800000000092,-0.00798294029787234,-0.05530608565957447,0.0040516449787234045,0.2914665314893617,1259.2427184466019,1329.2524271844661,1243.7475728155339,1330.7475728155339,123450.0,2.0,0.9698541342592593,0.979902763425926,0.979902763425926,0.979902763425926,0.0,0.0,0.05829001925,0.0036287680374999997,0.1566937475,-2.2631194875,0.0020950946125,-9.6243935,16.018827647058824,24.895887941176472,101132.75011764707,-0.8525286764705883,0.043299259470588235,0.11203961470588235,0.5086874794117647,25.411003349999998,7.29715726,-14.97532895,1.22252653,-2.40414479,-0.009291552500000001,0.267996732,0.245651969,0.407905232,4803.404052734677,5748.120727538635,4786.9781249998005,5740.462524414319,"1,1,60",1
1292,82448000,87.05800000000092,-0.008654640460377358,-0.05521172362264151,0.003695389094339623,0.2916794226415094,1259.7623762376238,1329.2376237623762,1244.4752475247524,1331.0,123450.0,2.0,0.9697267591346154,0.979817839423077,0.979817839423077,0.979817839423077,0.0,0.0,0.049667695,0.004327555,0.15825845500000002,-2.364274,-0.004488961,-9.60074925,16.02398641509434,24.89588386792453,101132.676,-0.8545850591836734,0.04254613912244898,0.11247655,0.5051923520408164,25.4726817,7.178355495,-14.9735235,1.242231765,-2.394496575,-0.01067941215,0.2710616695238095,0.24379948095238096,0.4086397666666666,4806.151489257692,5732.723120117149,4776.083105468702,5754.8082763673765,"1,1,60",1
1293,82498000,87.10800000000091,-0.007481539275,-0.055079697375,0.00343055594375,0.29207686437499997,1259.2673267326732,1329.7326732673268,1245.4653465346535,1331.0,123450.0,2.0,0.9695527447115384,0.9797018298076924,0.9797018298076924,0.9797018298076924,0.0,0.0,0.016145353875,0.0027629738500000002,0.16128770125,-2.3362923374999998,0.010774073750000002,-9.52847475,16.0006,24.895880038461538,101132.94163461539,-0.8566307505769231,0.04220503296153846,0.11267858761538461,0.5016989125,25.5348327,7.059914345,-14.9720785,1.262107715,-2.384527825,-0.011544866649999999,0.273258477,0.2442569945,0.40792937,4793.989135742295,5743.1162353516675,4800.636523437424,5748.813061523402,"1,1,60",1
1294,82548000,87.15800000000092,-0.006495372019230769,-0.05462062030769231,0.003564673051923077,0.2921686586538461,1259.0,1330.23,1245.77,1331.0,123450.0,2.0,0.9693787302884616,0.9795858201923078,0.9795858201923078,0.9795858201923078,0.0,0.0,0.028029639500000002,0.00572592375,0.15879102,-2.305916,0.019153782775000003,-9.5980565,16.00466298076923,24.89587426923077,101132.90028846155,-0.8586514458333333,0.04221443685416666,0.11272981758333334,0.49822095520833337,25.598828899999997,6.942000155000001,-14.9716828,1.28219993,-2.375239825,-0.01483042415,0.27468276150000004,0.24166766550000002,0.407335879,4797.91494140613,5737.481909179461,4793.395971679502,5751.506445312611,"1,1,60",1
1295,82598000,87.20800000000092,-0.006321394375,-0.055118392,0.00397870228125,0.2920853275,1259.0,1330.73,1245.27,1331.0,123450.0,2.0,0.9692270297115385,0.9794846754807692,0.9794846754807692,0.9794846754807692,0.0,0.0,0.0246344385,0.007390457,0.1573262025,-2.272097375,0.0302269695,-9.617210625,16.02055375,24.89586825,101132.73,-0.8606534357692308,0.041990783596153845,0.11278490846153846,0.4947604648076923,25.6636159,6.824311805000001,-14.9717368,1.30238483,-2.366243575,-0.01915316865,0.2759802275,0.2402780615,0.40766386600000004,4793.481236049091,5755.005231584638,4801.464983258382,5727.754045759379,"1,1,60",1
1296,82648000,87.25800000000092,-0.007748470611538462,-0.05575308682692308,0.003948167836538462,0.2920188675,1259.2395833333333,1331.2395833333333,1245.0,1330.7604166666667,123450.0,2.0,0.9690757845192308,0.9793838341346154,0.9793838341346154,0.9793838341346154,0.0,0.0,0.060753341249999995,0.01767679775,0.1580253475,-2.3467669625,-0.021697289874999998,-9.537453375,16.026241923076924,24.895861307692307,101132.68326923077,-0.86266708625,0.04132034466666667,0.11286005322916667,0.49128076625,25.72956035,6.70735037,-14.9716858,1.321313895,-2.356256055,-0.0204413323,0.277386216,0.23767674800000002,0.407906845,4797.143164062671,5741.458251952811,4776.209936523108,5757.444458008305,"1,1,60",1
1297,82698000,87.30800000000092,-0.007437902063636363,-0.05501126888636364,0.004303248175,0.292208495,1259.7604166666667,1331.7604166666667,1245.0,1330.2395833333333,123450.0,2.0,0.9689297016666667,0.9792864541666667,0.9792864541666667,0.9792864541666667,0.0,0.0,0.0435428015,0.0039281954,0.154929375,-2.247257875,0.018854505,-9.46757375,16.002134903846155,24.895853615384617,101132.94115384614,-0.8646910057692307,0.04049652069230769,0.11310466269230769,0.48772166423076924,25.796000850000002,6.59070047,-14.9715898,1.339704745,-2.345843705,-0.0204289613,0.27828827899999997,0.238094774,0.406977354,4796.59455566405,5748.222485351536,4790.352075195468,5740.864135742015,"1,1,60",1
1298,82748000,87.35800000000091,-0.007309296503571428,-0.055161020857142855,0.003782734194642857,0.29235780339285716,1260.0,1331.7403846153845,1245.2596153846155,1330.0,123450.0,2.0,0.9687841924074074,0.9791894587962963,0.9791894587962963,0.9791894587962963,0.0,0.0,0.041778365500000005,0.0042943510125,0.15789218875,-2.3460185,0.028880225375,-9.47535375,16.086554615384618,24.89584578846154,101131.94807692307,-0.8666762197916666,0.03994029660416667,0.11337721010416667,0.48416828833333336,25.864096500000002,6.474859875,-14.971769775,1.35954043,-2.33535915,-0.021789776099999998,0.281454015,0.235562396,0.4064121845,4802.180224609572,5737.904370117036,4783.19226074184,5745.718530273554,"1,1,60",1
1299,82798000,87.40800000000092,-0.0071992557187499995,-0.0550748723125,0.0034096185249999997,0.292299820625,1260.0,1331.2596153846155,1245.7403846153845,1330.0,123450.0,2.0,0.9686327201923077,0.9790884825,0.9790884825,0.9790884825,0.0,0.0,0.024467770375,0.006691079575,0.15526232375,-2.2902038124999997,0.0148142915,-9.57770625,16.00664932692308,24.89583703846154,101132.88269230768,-0.868627580576923,0.03951265848076923,0.11356025634615385,0.4806504003846154,25.9329015,6.359366125,-14.972068025,1.37999533,-2.32484365,-0.0237390991,0.284036768,0.236134351,0.4065785065,4789.70981445319,5747.257299804926,4793.394555663905,5728.195605468367,"1,1,60",1
1300,82848000,87.45800000000092,-0.008842139071153846,-0.055316091384615386,0.0038535234769230767,0.2923247788461539,1260.23,1331.0,1245.77,1330.23,123450.0,2.0,0.9684791528846154,0.9789861074999999,0.9789861074999999,0.9789861074999999,0.0,0.0,0.04567315175,0.008588629375,0.16005603125,-2.33314995,-0.033817934375000004,-9.456497875,16.021005192307694,24.89582748076923,101132.70096153846,-0.8705722158333333,0.03907716816666667,0.11367127208333333,0.4771288720833333,26.0030533,6.244736875,-14.972554225,1.39918897,-2.313754605,-0.02392182265,0.284420368,0.235076927,0.40569219,4795.639062499914,5736.427685546705,4779.506201171586,5743.722460938117,"1,1,60",1
1301,82898000,87.50800000000092,-0.009465080312499999,-0.0556029803125,0.0039539525062499995,0.2925444975,1260.73,1331.0,1245.27,1330.73,123450.0,2.0,0.9683272609615384,0.9788848557692308,0.9788848557692308,0.9788848557692308,0.0,0.0,0.03308969875,0.0157124045,0.166847095,-2.3750486,0.005686395,-9.49809775,16.046556826923076,24.895818826923076,101132.40269230769,-0.8725408125,0.038497702,0.11380935875,0.4735324525,26.0737823,6.130478125,-14.973120975,1.41784207,-2.302419755,-0.02334743215,0.2870662395,0.2323826,0.40551626150000003,4783.410375976748,5737.920263671982,4792.125537109326,5742.451660155929,"1,1,60",1
1302,82948000,87.55800000000093,-0.009051243375,-0.0553838551875,0.004395802256249999,0.2926432391666667,1260.7604166666667,1331.2395833333333,1245.2395833333333,1331.0,123450.0,2.0,0.9681762321153846,0.9787841826923077,0.9787841826923077,0.9787841826923077,0.0,0.0,0.038749,0.00689083175,0.15539546125,-2.286911725,0.026486025375,-9.612571875,15.996898173076923,24.895810173076924,101133.03730769231,-0.8744704204545455,0.038046410522727274,0.11394242181818182,0.4699663263636364,26.14616505,6.017085345,-14.9739525,1.4370935999999999,-2.29049232,-0.0227025443,0.2866553395,0.23176362,0.4039082435,4792.477636718688,5742.458837890559,4777.173510741977,5743.634301758092,"1,1,60",1
1303,82998000,87.60800000000093,-0.008765549104166668,-0.0554458551875,0.004275361266666666,0.29279379125000005,1260.2395833333333,1331.7604166666667,1245.7604166666667,1331.0,123450.0,2.0,0.9680272231481482,0.9786848532407408,0.9786848532407408,0.9786848532407408,0.0,0.0,0.02643197,-0.006191826175,0.1510678275,-2.33015705,0.056862455,-9.5322145,16.031297134615382,24.895798692307693,101132.5835576923,-0.8763450934615385,0.037690812153846155,0.11412248615384615,0.466444685,26.21925655,5.9040636950000005,-14.974897499999999,1.4566016,-2.27831092,-0.0220274433,0.289824415,0.2288684465,0.404241242,4790.850195312505,5741.321582031334,4789.617871093606,5727.007763671842,"1,1,60",1
1304,83048000,87.65800000000092,-0.009088477607142858,-0.05526412064285714,0.004293379196428571,0.2928772492857143,1260.2596153846155,1332.0,1246.2596153846155,1330.7403846153845,123450.0,2.0,0.9678796768518518,0.9785864967592592,0.9785864967592592,0.9785864967592592,0.0,0.0,0.0378834695,0.0050601644999999995,0.15486283,-2.2520462749999997,0.043993620375,-9.460390499999999,16.03770846153846,24.89578896153846,101132.51432692308,-0.8781925925,0.037349879854166664,0.11432753083333333,0.4629346225,26.2938289,5.791792935,-14.9763535,1.4758209899999999,-2.266383025,-0.02138885885,0.2916851095,0.225945097,0.4043301865,4794.710253906317,5737.667578124779,4779.447485351295,5739.561962891031,"1,1,60",1
1305,83098000,87.70800000000092,-0.00877246095,-0.054795314875,0.004407168875,0.29293720375,1260.7403846153845,1332.0,1246.7403846153845,1330.2596153846155,123450.0,2.0,0.9677297673076923,0.9784865514423077,0.9784865514423077,0.9784865514423077,0.0,0.0,0.0307261285,0.0092875766875,0.15572839375,-2.270900675,0.0329204450625,-9.575310875,16.025971057692306,24.89577848076923,101132.64846153845,-0.8800385086538461,0.036936436019230766,0.1144670473076923,0.4594139253846154,26.3690359,5.679843985,-14.9780285,1.49491669,-2.2545637750000003,-0.020765924350000003,0.2927647325,0.225665042,0.4054085575,4790.734643554423,5741.087158203308,4781.628881836457,5732.213232421348,"1,1,60",1
1306,83148000,87.75800000000092,-0.008146909373076923,-0.054535258192307694,0.0043268168884615385,0.29295386,1260.54,1331.54,1246.77,1330.23,123450.0,2.0,0.9675765942307692,0.9783844120192308,0.9783844120192308,0.9783844120192308,0.0,0.0,0.033356078,0.0056593070499999995,0.15845809,-2.2358854249999998,0.0556653575,-9.544485,16.00466298076923,24.89576707692308,101132.89740384616,-0.8818777021153846,0.036623946326923076,0.11458939473076923,0.45586801153846157,26.4451942,5.5684618949999996,-14.98043675,1.513736275,-2.2425665500000003,-0.02210501565,0.295129819,0.2245589475,0.40418343149999997,4790.620849609585,5735.200561523287,4783.874902343385,5730.2093994142515,"1,1,60",1
1307,83198000,87.80800000000093,-0.0088924689375,-0.055174897,0.00373149686875,0.29262901625,1259.54,1330.54,1246.27,1330.73,123450.0,2.0,0.9674249627777778,0.9782833148148148,0.9782833148148148,0.9782833148148148,0.0,0.0,0.0329566735,0.0159121685,0.1585246975,-2.382530375,-0.010175190075,-9.56393825,16.004301826923076,24.895756326923077,101132.92055769231,-0.8837341096153846,0.03621669742307692,0.11467795884615385,0.45226923153846155,26.5217602,5.457322745,-14.98315925,1.532437525,-2.23049305,-0.024284975150000002,0.29639447750000003,0.2221875475,0.4017902995,4779.804248046497,5729.474829101813,4775.920971679777,5733.629638671485,"1,1,60",1
1308,83248000,87.85800000000093,-0.008404127884615385,-0.05557600057692307,0.0033964888288461536,0.2923440696153846,1258.77,1330.23,1246.46,1330.54,123450.0,2.0,0.9672763238888888,0.9781842407407407,0.9781842407407407,0.9781842407407407,0.0,0.0,0.029893976,0.01311624025,0.159989415,-2.3092079,0.0418987005,-9.60703525,16.06515625,24.895744999999998,101132.206,-0.8855960727272727,0.03581644652272727,0.11461170000000001,0.44866244499999997,26.5993853,5.34727675,-14.9855846,1.550398875,-2.218242065,-0.0244650007,0.2985906775,0.22136114850000002,0.4053430815,4771.784912109408,5728.238842773405,4767.928051757407,5736.181420898641,"1,1,60",1
1309,83298000,87.90800000000092,-0.0075427275,-0.05509462625,0.00353576505,0.29216998125,1258.27,1330.73,1247.46,1329.54,123450.0,2.0,0.9671273188461538,0.9780849134615384,0.9780849134615384,0.9780849134615384,0.0,0.0,0.028129615125,0.0029959360625000002,0.15879099125,-2.2517471625,0.010624438375000001,-9.578752,16.058384615384615,24.895735596153845,101132.28592307692,-0.8874341969230769,0.03555617813461539,0.11460337113461538,0.44503713538461537,26.6774643,5.2376992499999995,-14.987882599999999,1.568043125,-2.205915015,-0.0237879117,0.3005268185,0.2191877035,0.4040842895,4769.84545898366,5722.30612792993,4774.003588867855,5730.804589842636,"1,1,60",1
1310,83348000,87.95800000000094,-0.006955912673076922,-0.05468257423076923,0.0037290937134615383,0.29208799846153843,1258.46,1331.23,1247.54,1329.23,123450.0,2.0,0.9669766457692308,0.9779844326923077,0.9779844326923077,0.9779844326923077,0.0,0.0,0.031258791875,-0.0007654071125000003,0.16188692375,-2.3322517625,-0.011521931875000002,-9.53281375,16.069671346153847,24.895724923076923,101132.13534615385,-0.8892495895833333,0.035366322270833334,0.11474695302083333,0.44137730875,26.7566549,5.12856086,-14.9893728,1.58512209,-2.193698495,-0.02122326465,0.301033515,0.2171006215,0.402003662,4765.743750000216,5725.2671386717475,4781.3809570310295,5711.570068359696,"1,1,60",1
1311,83398000,88.00800000000093,-0.0084216463,-0.0552160850625,0.00427295379375,0.29240821,1259.46,1331.73,1246.54,1329.73,123450.0,2.0,0.966828415462963,0.9778855833333334,0.9778855833333334,0.9778855833333334,0.0,0.0,0.0595883595,0.0052596899,0.15566174,-2.30471865,0.063745784,-9.563939625,16.068497923076922,24.89571528846154,101132.16880769232,-0.8910399740384616,0.034794322365384614,0.1150149798076923,0.4377263088461538,26.8363219,5.01961066,-14.9905168,1.6019587899999999,-2.181529345,-0.01784966415,0.3024797875,0.215671641,0.40142490999999997,4779.654736328043,5720.554003906636,4762.186547851718,5724.428588866727,"1,1,60",1
1312,83448000,88.05800000000093,-0.008217296819230769,-0.05531867446153846,0.004181661140384615,0.2925791253846154,1260.0,1332.0,1246.46,1330.0,123450.0,2.0,0.9667021700925926,0.9778014166666668,0.9778014166666668,0.9778014166666668,0.0,0.0,0.05126589325,0.012117571,0.1573928025,-2.298733125,-0.018554901000000002,-9.501988625,16.014053384615384,24.89570723076923,101132.81982692308,-0.892820046875,0.033985908375,0.11527777875,0.434079095,26.91716595,4.91130453,-14.991310799999999,1.618597215,-2.1690944400000003,-0.015390819799999999,0.3044759005,0.2149636385,0.4011063355,4772.1951171874725,5726.560717773249,4762.424658202955,5721.976245117383,"1,1,60",1
1313,83498000,88.10800000000093,-0.008048005375,-0.055045184,0.00375222366875,0.2928562225,1260.0,1332.0,1247.46,1330.0,123450.0,2.0,0.9665759247222222,0.97771725,0.97771725,0.97771725,0.0,0.0,0.05429528425,0.0041612345624999995,0.15915716875,-2.3130980875,-0.008678817624999998,-9.494207,16.002766923076923,24.895700096153845,101132.94682692309,-0.8946045230769231,0.03327320346153846,0.115500795,0.4303843242307692,26.998514450000002,4.80327443,-14.9919548,1.635150665,-2.15654564,-0.0133240138,0.30666780699999996,0.213982851,0.40175965999999996,4776.3409667969245,5719.328613281557,4763.672436523791,5732.307275390005,"1,1,60",1
1314,83548000,88.15800000000092,-0.007749181785714286,-0.05466281880357143,0.004122222107142857,0.2929766694642857,1260.23,1332.23,1247.54,1330.23,123450.0,2.0,0.9664040533653846,0.9776026809615385,0.9776026809615385,0.9776026809615385,0.0,0.0,0.039647998250000004,0.0016312300625000008,0.1615872525,-2.385523225,0.011372626750000003,-9.47550275,16.03644503846154,24.895692846153846,101132.54230769232,-0.8963700834615385,0.03267604288461538,0.11578229250000001,0.42666509999999996,27.0809308,4.69591346,-14.99275525,1.652371985,-2.1431240799999998,-0.0121479641,0.306583145,0.212595892,0.4015588865,4773.76611328125,5726.4951171875,4777.9033203125,5714.3115234375,"1,1,60",1
1315,83598000,88.20800000000094,-0.008840007590909091,-0.05532127536363637,0.004384788136363636,0.29311091159090913,1260.73,1332.73,1246.54,1330.73,123450.0,2.0,0.9662292697115384,0.9774861713461539,0.9774861713461539,0.9774861713461539,0.0,0.0,0.0484694745,0.0180430335,0.158524675,-2.3136966,-0.00029911044999999994,-9.44572425,16.056760423076923,24.895685153846156,101132.27788461538,-0.8981162397916667,0.032115887104166664,0.11596993541666667,0.42296955625,27.163804799999998,4.58883926,-14.99362275,1.669879535,-2.12932848,-0.0113536671,0.3091618115,0.2106470475,0.399953824,4777.013989257963,5720.798559570248,4758.400659179368,5739.792968750055,"1,1,60",1
1316,83648000,88.25800000000093,-0.007834932461538461,-0.05544729857692308,0.004423502884615385,0.29321817461538463,1261.23,1332.77,1245.77,1331.46,123450.0,2.0,0.9660782486111111,0.9773854963888889,0.9773854963888889,0.9773854963888889,0.0,0.0,0.02283654725,0.0014646834425,0.15885758,-2.32237565,0.004788569949999998,-9.504683,16.053328576923075,24.895678788461538,101132.31057692308,-0.8998312023076923,0.03162383915384615,0.11607183653846154,0.41931746153846156,27.24791815,4.4830896,-14.99479055,1.68727806,-2.1163102649999996,-0.011550219925,0.308531012,0.208757194,0.400150207,4771.694018554579,5719.241381835673,4775.558813476964,5722.36472167953,"1,1,60",1
1317,83698000,88.30800000000093,-0.0090787434375,-0.055683322375,0.004475417075,0.29328242125,1261.73,1332.27,1245.27,1332.46,123450.0,2.0,0.9659310958333334,0.9772873991666667,0.9772873991666667,0.9772873991666667,0.0,0.0,0.024234664000000003,0.009188017,0.1528654725,-2.3526026,-0.014664318749999999,-9.59775825,16.052334692307692,24.895673576923077,101132.33288461539,-0.9014965027083333,0.03144848383333333,0.11613789770833333,0.41572096229166666,27.33256265,4.3779075999999995,-14.99608705,1.70462986,-2.1036252149999997,-0.012171422675,0.312834591,0.2064844745,0.400782554,4775.895776367301,5724.605322265561,4762.465307616864,5722.642480469033,"1,1,60",1
1318,83748000,88.35800000000094,-0.00917089833653846,-0.055464862076923076,0.004029692517307693,0.2933118730769231,1262.23,1332.0,1245.23,1332.77,123450.0,2.0,0.9657803951923077,0.9771869368269231,0.9771869368269231,0.9771869368269231,0.0,0.0,0.03269016425,0.0099869444625,0.1537310025,-2.307411925,0.026336387375,-9.5206925,16.07490776923077,24.895667807692305,101132.05586538462,-0.9031531354166666,0.0311792915,0.11617700333333333,0.4121186666666667,27.418472682692308,4.274158432692308,-14.997573451923076,1.7215629240384616,-2.0907349451923074,-0.010443960951923077,0.312865172,0.20468383,0.4008699065,4766.696997070204,5730.58815918001,4770.253588867459,5710.62446289016,"1,1,60",1
1319,83798000,88.40800000000094,-0.00877291209375,-0.054708900062499996,0.00412483578125,0.2935445925,1262.73,1332.0,1245.73,1332.27,123450.0,2.0,0.9656281740384616,0.9770854608653846,0.9770854608653846,0.9770854608653846,0.0,0.0,0.042144377,0.0061915882499999995,0.1583915575,-2.2885577500000003,-0.005386790625,-9.4229795,16.07292173076923,24.895662692307692,101132.0760576923,-0.9048109249999999,0.030758580115384616,0.11629414634615384,0.4084636755769231,27.50492508653846,4.171023336538462,-14.999141240384615,1.7383165298076924,-2.0777567240384616,-0.007709928740384615,0.3157283925,0.20407637,0.39968239875,4771.826450893147,5724.161411830576,4764.97137741777,5720.26157924121,"1,1,60",1
1320,83848000,88.45800000000094,-0.00978387376923077,-0.05507847221153846,0.004469690923076923,0.2937652251923077,1263.0,1332.0,1245.77,1332.69,123450.0,2.0,0.9654797210185185,0.9769864901851852,0.9769864901851852,0.9769864901851852,0.0,0.0,0.04693841225,0.008189362,0.1639841125,-2.2981343499999998,0.012569724749999999,-9.510369,16.036805384615384,24.895659134615386,101132.50875000001,-0.9064791346153845,0.030048767634615385,0.11647599884615384,0.40474862692307695,27.592452927083333,4.0689992625,-15.000371208333334,1.7547903208333333,-2.0637830104166666,-0.0047973558025,0.3168857725,0.201197385,0.39984623750000003,4765.3991455073965,5718.527246093576,4775.458129883191,5718.955444336019,"1,1,60",1
1321,83898000,88.50800000000093,-0.00996839875,-0.055659546875,0.0040609749375,0.29399872437499996,1263.0,1332.0,1245.27,1334.19,123450.0,2.0,0.9653335775,0.976889055,0.976889055,0.976889055,0.0,0.0,0.060420336250000005,0.014114620750000001,0.1612545025,-2.289305925,-0.0029925874999999977,-9.51500875,16.0463755,24.895656,101132.40625,-0.9081750354166667,0.0291772473125,0.11665258354166666,0.40094293229166666,27.68063990625,3.9676561374999997,-15.001394125000001,1.7710926125,-2.0491991562500003,-0.0017753546774999995,0.3186314925,0.1991220575,0.3992893825,4775.911914062635,5719.385546875149,4758.9515869136,5739.107446289519,"1,1,60",1
1322,83948000,88.55800000000093,-0.009667095403846153,-0.05526041790384615,0.00408111648076923,0.2942352453846154,1263.0,1332.0,1245.6831683168316,1334.7722772277227,123450.0,2.0,0.9651929106930693,0.9767952722772277,0.9767952722772277,0.9767952722772277,0.0,0.0,0.030393489625,0.004360749024999999,0.15546202875,-2.3098061375,0.024091822125,-9.5911725,16.087096346153846,24.895652365384613,101131.93038461539,-0.9098216892307692,0.028527231365384615,0.11681183096153847,0.3971923471153846,27.77011,3.8672806399999997,-15.0019579,1.78829,-2.03421116,0.0007476168289999999,0.318125725,0.1986297225,0.39874534500000003,4770.437939452799,5721.322167968917,4766.80866699268,5726.568920897435,"1,1,60",1
1323,83998000,88.60800000000094,-0.008664395857142859,-0.05458876142857143,0.0037949192857142855,0.29438392571428573,1263.0,1332.0,1247.1683168316831,1334.2772277227723,123450.0,2.0,0.9650586730693069,0.9767057772277228,0.9767057772277228,0.9767057772277228,0.0,0.0,0.02510037475,-0.006990789575,0.1529320275,-2.274492075,0.01017552225,-9.42238225,16.092014588235294,24.89564982352941,101131.85352941178,-0.9114015151111111,0.028442906444444443,0.11700411222222222,0.39350410466666663,27.86013,3.76731984,-15.0023249,1.805871,-2.0190499600000003,0.003056718499,0.3216915575,0.1962613425,0.3991733975,4776.09787597668,5722.052124023562,4773.914160156311,5722.823950195461,"1,1,60",1
1324,84048000,88.65800000000094,-0.008458691666666667,-0.05486865019607843,0.004173284701960784,0.2949192219607843,1263.4444444444443,1332.4444444444443,1247.5555555555557,1334.0,123450.0,2.0,0.9649086588785046,0.9766057672897196,0.9766057672897196,0.9766057672897196,0.0,0.0,0.01964810733333333,0.004172249766666667,0.1604111188888889,-2.2913839777777776,0.004256522400000004,-9.468669444444444,16.075359692307693,24.89564869230769,101132.06538461537,-0.9129638600000001,0.0283876012,0.11711869800000001,0.389832986,27.951254600000002,3.66857494,-15.00244515,1.82241425,-2.003858275,0.00496258995,0.32214318571428574,0.19280272857142858,0.3987564142857143,4771.307080077796,5727.208715820718,4786.30666503972,5722.883740233655,"1,1,60",1
1325,84098000,88.70800000000094,-0.0086519863125,-0.054951118874999996,0.005137880274999999,0.2952000125,1264.4545454545455,1333.4545454545455,1246.5454545454545,1334.0,123450.0,2.0,0.9647385654205607,0.9764923747663551,0.9764923747663551,0.9764923747663551,0.0,0.0,0.030692933999999998,0.0053929551249999996,0.1608549225,-2.3068135,-0.02094909875,-9.547777499999999,16.04755,24.895646773584907,101132.37566037735,-0.9145339583333333,0.028141627020833334,0.11718723552083334,0.3861338920833333,28.0428526,3.57035114,-15.00245965,1.83851275,-1.988653525,0.006695648449999999,0.32470396999999995,0.19129780521739131,0.3994940634782609,4778.382006836039,5735.435546874812,4780.895410155914,5725.574658203598,"1,1,60",1
1326,84148000,88.75800000000095,-0.009851846634615384,-0.05528153630769231,0.005102524126923077,0.29514600153846154,1264.77,1333.54,1246.46,1334.0,123450.0,2.0,0.9645745555555555,0.9763830333333333,0.9763830333333333,0.9763830333333333,0.0,0.0,0.05159904175,0.007124027599999999,0.15556182375,-2.2927477625,0.011821540275,-9.693225,16.045653942307695,24.895644884615383,101132.4425,-0.9160983166666666,0.027519375041666665,0.11729002885416666,0.3824212229166667,28.135149900000002,3.47285576,-15.0024577,1.8542434349999999,-1.9740408,0.005151669794999999,0.32577009,0.1900671405,0.39892211499999997,4781.652978515505,5732.079418945306,4767.24526367209,5730.833154296382,"1,1,60",1
1327,84198000,88.80800000000094,-0.0092971284375,-0.054870523312499996,0.00426334471875,0.2948920125,1264.27,1332.54,1247.46,1334.0,123450.0,2.0,0.9644247407407407,0.9762831444444444,0.9762831444444444,0.9762831444444444,0.0,0.0,0.0473376825,0.0011986488500000001,0.1550625625,-2.3151930249999997,-0.02454040225,-9.577406625,16.015678173076925,24.89564296153846,101132.7975,-0.9176462884615385,0.02683528105769231,0.11749617884615385,0.3786760280769231,28.2277469,3.37567256,-15.0024487,1.8698164849999999,-1.9596818,0.0022032466450000003,0.3266549575,0.190068027,0.398441545,4776.260815429805,5724.164477538767,4770.540063476349,5723.420996093983,"1,1,60",1
1328,84248000,88.85800000000094,-0.009378303884615385,-0.05474248473076923,0.004126409557692307,0.2950693578846154,1264.2395833333333,1332.71875,1247.7604166666667,1334.2395833333333,123450.0,2.0,0.9642753180555556,0.9761835161111111,0.9761835161111111,0.9761835161111111,0.0,0.0,0.0361523495,0.0013980736921125,0.1637844625,-2.31160185,0.009576971149999999,-9.420885250000001,16.065336826923076,24.89564103846154,101132.1725,-0.9191785466666667,0.026290397875,0.117740414375,0.3749043075,28.3212378,3.2794156,-15.002896100000001,1.88543409,-1.944621645,0.002449991205,0.326678455,0.18629299049999998,0.39534247299999997,4773.473632812274,5713.48269042969,4775.726513672363,5728.66677246067,"1,1,60",1
1329,84298000,88.90800000000094,-0.009272384750000001,-0.05524318761363636,0.00480929288409091,0.29545618613636365,1264.7604166666667,1334.28125,1247.2395833333333,1334.7604166666667,123450.0,2.0,0.9641283041666666,0.9760854883333333,0.9760854883333333,0.9760854883333333,0.0,0.0,0.0293612935,0.01371521675,0.1591904825,-2.3555956250000003,0.05955594,-9.471164,16.101723076923076,24.895640057692308,101131.76423076923,-0.9206932253846154,0.025841240846153846,0.11780893434615385,0.37117793961538464,28.4151118,3.1835556,-15.0035391,1.9010707900000001,-1.9292609950000001,0.004066093355,0.329352353,0.1862928265,0.397359923,4769.501245117299,5728.2117431640845,4771.641430663668,5726.74812011757,"1,1,60",1
1330,84348000,88.95800000000094,-0.008803523375,-0.05461803608928571,0.005175063985714286,0.2957139460714286,1265.2596153846155,1334.7403846153845,1247.2596153846155,1334.7403846153845,123450.0,2.0,0.9639812902777778,0.9759874605555555,0.9759874605555555,0.9759874605555555,0.0,0.0,0.03901513475,0.0063581821375,0.15436354375,-2.2584807375,-0.044591842875,-9.531467750000001,16.023262403846154,24.89564,101132.69807692309,-0.9221848529166666,0.025371801895833334,0.11785535758333333,0.36747496916666667,28.50991085,3.08859195,-15.004119099999999,1.91627433,-1.91429308,0.00565167057,0.3301457445,0.185139743,0.396760176,4781.00202636734,5726.731469726599,4764.040356445463,5740.991772460942,"1,1,60",1
1331,84398000,89.00800000000095,-0.008259143375,-0.053844735750000004,0.0051195836500000005,0.295908035625,1265.7403846153845,1334.2596153846155,1247.7403846153845,1334.2596153846155,123450.0,2.0,0.9638315620192308,0.9758876696153845,0.9758876696153845,0.9758876696153845,0.0,0.0,0.0362189295,-0.0012649673625000002,0.1590906025,-2.321178625,0.027832766125000002,-9.585936499999999,16.06750375,24.89563826923077,101132.16826923078,-0.9236534588461538,0.024906004615384614,0.11808518488461538,0.36372464730769233,28.60510635,2.99401245,-15.004672099999999,1.93129223,-1.89949348,0.007224165669999999,0.3322389295,0.1814881295,0.3967360745,4775.6129638673265,5730.0015136717775,4786.638793945033,5714.776171875441,"1,1,60",1
1332,84448000,89.05800000000094,-0.009041207115384616,-0.05474714057692308,0.005077914875000001,0.2960684530769231,1266.0,1334.46,1248.0,1334.0,123450.0,2.0,0.9636817783653847,0.9757878426923077,0.9757878426923077,0.9757878426923077,0.0,0.0,0.06511410175,0.013182748999999999,0.1542636975,-2.289455275,-0.0062846149249999985,-9.480441249999998,15.994189519230769,24.895638,101133.05900000001,-0.9251177029166666,0.024224898624999998,0.118298481375,0.3599613039583333,28.70104385,2.90055302,-15.00506095,1.94569742,-1.884551185,0.00838269673,0.3337252605,0.180298756,0.396667195,4788.209619140812,5725.684155273369,4757.650146483704,5736.616748047166,"1,1,60",1
1333,84498000,89.10800000000094,-0.0087648645,-0.0551509238125,0.00538825289375,0.296245391875,1266.0,1335.46,1248.0,1334.0,123450.0,2.0,0.9635293076923077,0.9756861898076923,0.9756861898076923,0.9756861898076923,0.0,0.0,0.047004944,0.0055924784,0.157525985,-2.278382525,-0.034416486450000006,-9.48552825,16.051162326923077,24.895638,101132.36636538462,-0.9265793423076923,0.023327541442307694,0.11842061490384616,0.3562005982692308,28.79729935,2.80757362,-15.00537945,1.95984002,-1.869547735,0.00936381463,0.335671807,0.1795178835,0.395051454,4778.715063476563,5734.155712890692,4773.197509765611,5725.8262207033695,"1,1,60",1
1334,84548000,89.15800000000095,-0.008923867846153847,-0.05484066244230769,0.004964800446153846,0.29641315461538464,1266.0,1335.5533980582525,1248.4466019417475,1334.2233009708739,123450.0,2.0,0.9633765384615385,0.9755843340384616,0.9755843340384616,0.9755843340384616,0.0,0.0,0.0537293025,0.0074237816875000005,0.16015585,-2.3526026874999997,0.011073352624999998,-9.5464325,16.11328025,24.895638,101131.61125,-0.9280232128846153,0.022584174557692308,0.11857341884615384,0.35241881076923076,28.894449434782608,2.7151112521739127,-15.005919652173914,1.9741174217391304,-1.8538318173913044,0.009692301782608697,0.33604848800000003,0.1781021145,0.3949347165,4782.53415527341,5729.695629882389,4760.632763671652,5742.108032227099,"1,1,60",1
1335,84598000,89.20800000000095,-0.008615732529411765,-0.054082920470588235,0.0042276465882352945,0.29640411411764706,1266.0,1334.5825242718447,1249.4174757281553,1334.7087378640776,123450.0,2.0,0.9632253934615385,0.9754835821153847,0.9754835821153847,0.9754835821153847,0.0,0.0,0.03901546525,-0.00505986445,0.1568602,-2.307711125,0.01855522975,-9.453805,16.09729894230769,24.895636576923078,101131.79576923077,-0.9294506085106383,0.021916505765957446,0.11883199957446809,0.3485926308510638,28.99198291304348,2.622870469565217,-15.006554869565218,1.988452595652174,-1.837810556521739,0.009741090043478262,0.337592334,0.17572143,0.3942936165,4778.425561523579,5725.528051757302,4779.047241211096,5719.345678710931,"1,1,60",1
1336,84648000,89.25800000000095,-0.009336023897959185,-0.054432441959183675,0.0040773599591836735,0.296574526122449,1266.0,1334.215053763441,1249.784946236559,1335.215053763441,123450.0,2.0,0.963074605,0.9753830725,0.9753830725,0.9753830725,0.0,0.0,0.045839527500000005,0.006824358875,0.15546208125,-2.338686425,0.015412840437499999,-9.522489,16.069310192307693,24.895636,101132.15942307693,-0.9308532877551021,0.021401721979591837,0.11910305367346939,0.34476760918367344,29.090094685393257,2.5312357078651684,-15.007101617977527,2.0030396101123595,-1.821248608988764,0.009943047269662922,0.3382825225,0.1725500165,0.392971125,4785.587597656295,5726.021557617374,4766.761694335387,5736.032373047417,"1,1,60",1
1337,84698000,89.30800000000094,-0.0094007391875,-0.055162908499999996,0.0043708534,0.296789276875,1266.0,1334.752688172043,1249.247311827957,1335.752688172043,123450.0,2.0,0.9629276649074074,0.9752851017592592,0.9752851017592592,0.9752851017592592,0.0,0.0,0.031791524875,0.0098204146875,0.15692677500000002,-2.3044195,0.037858479875,-9.4680203125,16.055676961538463,24.895636,101132.31296153847,-0.9322507011538461,0.020890903576923078,0.11915628646153846,0.34098355826923077,29.189073898876405,2.44050997752809,-15.007515662921348,2.0180043853932585,-1.803875631460674,0.010374757943820225,0.341203576,0.1692928415,0.39363944949999996,4773.555175781411,5727.20507812494,4770.557128906179,5734.356933593762,"1,1,60",1
1338,84748000,89.35800000000094,-0.010366407423076922,-0.05528928496153846,0.004577330038461539,0.2970205451923077,1266.2596153846155,1335.5192307692307,1249.2596153846155,1335.4807692307693,123450.0,2.0,0.9627820769444445,0.9751880230555555,0.9751880230555555,0.9751880230555555,0.0,0.0,0.032756853249999995,0.008122515,0.15379758500000001,-2.2906525249999996,-0.028430983449999996,-9.623495250000001,16.105425307692308,24.895636,101131.70807692308,-0.9336225666666667,0.020574146020833333,0.11915546197916667,0.3372302379166667,29.2894823125,2.3507302322916668,-15.007831552083333,2.0321159927083334,-1.786722953125,0.011489936114583333,0.3399589605,0.169184309,0.3956341405,4778.960473632891,5728.294311523499,4764.318579101444,5738.669018554769,"1,1,60",1
1339,84798000,89.40800000000095,-0.009432841875,-0.054832762374999997,0.00465444046875,0.29727694,1266.7403846153845,1336.4807692307693,1249.7403846153845,1334.5192307692307,123450.0,2.0,0.9626328798058252,0.9750885601941748,0.9750885601941748,0.9750885601941748,0.0,0.0,0.011185233,-0.003062779,0.15419705,-2.3211787,0.0287305875,-9.499595249999999,16.10741180769231,24.895636,101131.70384615385,-0.9349476923076923,0.020499713134615384,0.11925251190384616,0.33350782903846155,29.3907666875,2.261530284375,-15.00808728125,2.0457046906249996,-1.769705296875,0.01302401371875,0.34099144000000003,0.166677627,0.3942036255,4769.808374023392,5743.4734130862735,4787.878857421903,5713.927319335687,"1,1,60",1
1340,84848000,89.45800000000095,-0.009979570798076922,-0.05438852773076923,0.005029489538461538,0.29744682499999997,1267.0,1336.54,1249.77,1334.23,123450.0,2.0,0.9624810691262137,0.9749873708737864,0.9749873708737864,0.9749873708737864,0.0,0.0,0.05346312575,-0.003861293885,0.1519333175,-2.344821725,0.030226971249999998,-9.608229999999999,16.080416,24.895636,101132.0294117647,-0.9362448447916666,0.020231744583333332,0.11951984720833334,0.32976886333333333,29.49318445,2.17335734,-15.00842895,2.060840845,-1.753190805,0.01209580415,0.34207463250000003,0.166374556,0.393114095,4788.041137695692,5734.682055663733,4774.264770507422,5722.307812500349,"1,1,60",1
1341,84898000,89.50800000000095,-0.01135743178125,-0.054627793625,0.0046362696875,0.297295815,1267.0,1335.54,1249.27,1334.73,123450.0,2.0,0.9623301257142858,0.9748867504761904,0.9748867504761904,0.9748867504761904,0.0,0.0,0.059388615,0.005991982375,0.152998585,-2.26072535,0.00029944230000000056,-9.57740625,16.045867396226413,24.895636981132075,101132.42226415094,-0.9375592825,0.019351484173076923,0.11986031442307693,0.32594034538461536,29.596087949999998,2.0856245400000004,-15.00880745,2.076640195,-1.736891955,0.010112328649999999,0.34515182499999997,0.163651668,0.3940185575,4785.197680663917,5724.747216796783,4771.216235351499,5723.39240722647,"1,1,60",1
1342,84948000,89.55800000000096,-0.010796633067307692,-0.055286538153846154,0.004777415596153846,0.29718311884615384,1267.0,1335.46,1249.23,1334.77,123450.0,2.0,0.9621799828571429,0.9747866552380952,0.9747866552380952,0.9747866552380952,0.0,0.0,0.0488023085,0.02510016575,0.15339815499999998,-2.3385370500000002,0.037708847675,-9.624391750000001,16.030756346153847,24.895638,101132.5923076923,-0.9388967358333333,0.0183995734375,0.1199219653125,0.32210147375,29.70012405,1.9992818350000001,-15.009765550000001,2.0918391549999997,-1.719948055,0.0099717183,0.345512005,0.1620143965,0.3921566645,4778.424877929668,5725.6117675783,4756.123413085465,5731.032519531441,"1,1,60",1
1343,84998000,89.60800000000096,-0.01043526915625,-0.055277727375,0.00510088059375,0.29731141375,1267.0,1336.46,1249.73,1334.27,123450.0,2.0,0.9620308527777778,0.9746872338888889,0.9746872338888889,0.9746872338888889,0.0,0.0,0.02889544225,0.008854712249999999,0.16418391,-2.28496625,0.04548999875,-9.491513999999999,16.06642069230769,24.895638,101132.16288461539,-0.9402260532692308,0.01772686244230769,0.11979826309615385,0.3182843596153846,29.80464555,1.913534885,-15.01097205,2.106780805,-1.702727705,0.0106209073,0.3464743,0.1593009235,0.394342351,4771.399804687211,5728.3577880860485,4768.199096680277,5727.421997069757,"1,1,60",1
1344,85048000,89.65800000000095,-0.009834026884615384,-0.05491196530769231,0.004941241182692308,0.29758656346153844,1267.0,1336.77,1250.23,1334.46,123450.0,2.0,0.9618831212962963,0.9745887431481481,0.9745887431481481,0.9745887431481481,0.0,0.0,0.03149207875,0.007989648125,0.15559517374999998,-2.2836198375,0.028281671625000008,-9.488819375,16.082131115384616,24.89563873076923,101131.97173076923,-0.941522305,0.017349758083333333,0.11973662925,0.3144746139583333,29.91039905,1.829536115,-15.011945449999999,2.121087625,-1.68478996,0.0124925476,0.3472442515,0.157645317,0.39338385,4771.811254882788,5730.183520507704,4765.369091796671,5723.693530273816,"1,1,60",1
1345,85098000,89.70800000000095,-0.01014448625,-0.0550948605,0.0042811289749999995,0.29789467000000003,1267.0,1336.27,1250.73,1335.46,123450.0,2.0,0.961734225,0.9744894775,0.9744894775,0.9744894775,0.0,0.0,0.0366850535,0.0083888095,0.1560612675,-2.343026075,0.006284944525,-9.43525125,16.080505615384617,24.89564,101131.98773076924,-0.942804900576923,0.01696288728846154,0.11970367057692308,0.3106411521153846,30.01668055,1.7462865650000001,-15.01281895,2.135122375,-1.66654476,0.014888095600000002,0.3502274555,0.1567454755,0.39255809249999996,4772.161694335607,5727.90534667974,4764.534228516286,5734.714819335735,"1,1,60",1
1346,85148000,89.75800000000095,-0.009403244490384615,-0.05474611128846154,0.004470599359615385,0.29809744884615386,1267.0,1336.46,1251.23,1335.54,123450.0,2.0,0.9615820134615385,0.9743880063461539,0.9743880063461539,0.9743880063461539,0.0,0.0,0.028229497375,-0.00379482065,0.15672705874999998,-2.31683925,-0.022146202,-9.48956875,16.076549529411764,24.895640294117648,101132.02835294117,-0.9440529472916667,0.016669932604166667,0.11977792125,0.3068158045833333,30.12411285,1.66440226,-15.013354,2.148170615,-1.648736185,0.016414389550000002,0.3487228355,0.15234974650000002,0.3933862435,4772.833349609557,5727.274243164069,4774.102514648252,5726.832495117101,"1,1,60",1
1347,85198000,89.80800000000096,-0.00914735679375,-0.054732410687500004,0.0049795064375000005,0.29827204937499996,1267.0,1337.46,1251.73,1334.54,123450.0,2.0,0.9614298019230769,0.9742865351923077,0.9742865351923077,0.9742865351923077,0.0,0.0,0.031758100125,0.00226372705,0.15492944,-2.367566325,0.0013469058124999968,-9.543886624999999,16.076163660377357,24.895641528301887,101132.0537735849,-0.9452535621153846,0.016445842307692308,0.11994840115384615,0.303040725,30.23203835,1.58310306,-15.013744,2.160796065,-1.631114735,0.01756814605,0.351261377,0.150661865,0.3936104615,4775.691650390328,5733.71198730521,4773.063110352091,5726.882421874331,"1,1,60",1
1348,85248000,89.85800000000096,-0.009106609036538461,-0.054608450288461535,0.005336232942307693,0.2985327328846154,1267.23,1337.77,1251.77,1334.46,123450.0,2.0,0.9612775903846154,0.9741850640384615,0.9741850640384615,0.9741850640384615,0.0,0.0,0.04833649375,0.0031960721749999996,0.1577256775,-2.3322516,0.052074052,-9.470863750000001,16.052064423076924,24.895643423076923,101132.33865384615,-0.9464530779166667,0.01602808597916667,0.12011176145833333,0.2992308979166667,30.34067925,1.50287031,-15.01375075,2.1743894050000003,-1.613190535,0.017958244550000002,0.35109507349999997,0.1489662705,0.391528705,4777.927270508161,5732.201147460742,4779.533105468508,5723.739233398672,"1,1,60",1
1349,85298000,89.90800000000095,-0.01039857828125,-0.054618737875,0.0050037968875,0.29870573375000004,1267.73,1337.27,1251.27,1335.46,123450.0,2.0,0.9611257990740741,0.9740838724074075,0.9740838724074075,0.9740838724074075,0.0,0.0,0.05759079275,0.00985350575,0.1601559125,-2.3157916375,-0.018554897,-9.59610975,16.100639615384615,24.895645346153845,101131.74153846153,-0.9476665857692307,0.015285651076923076,0.12028267565384615,0.2953338,30.44962675,1.42309461,-15.01359325,2.1883975550000003,-1.595136585,0.018021061050000002,0.3526256265,0.14777698949999998,0.3922203405,4786.040795898353,5725.918725585949,4761.379711914307,5741.060156249757,"1,1,60",1
1350,85348000,89.95800000000096,-0.009620506086538461,-0.05422403075,0.005032436046153846,0.2987182696153846,1267.77,1337.0,1251.23,1336.23,123450.0,2.0,0.9609777898148149,0.9739851964814815,0.9739851964814815,0.9739851964814815,0.0,0.0,0.0328233315,0.00332905735,0.161787065,-2.34901155,-0.022146202,-9.50138925,16.079421692307694,24.895647269230768,101132.01000000001,-0.9488625979166666,0.014600631541666666,0.12041331054166667,0.2914507520833334,30.55971875,1.344441535,-15.0140962,2.20216354,-1.57710906,0.0181878517,0.352418245,0.14549229049999998,0.39117643900000004,4776.244482421673,5730.174316406291,4775.873022461026,5725.038354492119,"1,1,60",1
1351,85398000,90.00800000000096,-0.00965832503125,-0.05456935925,0.0046163793625,0.298833075625,1267.27,1337.0,1251.73,1336.73,123450.0,2.0,0.9608297805555556,0.9738865205555556,0.9738865205555556,0.9738865205555556,0.0,0.0,0.03548662875,0.0095873242625,0.158624545,-2.335394225,-0.012270118375,-9.588480624999999,16.04827140384615,24.895649096153846,101132.39365384616,-0.9500464057692307,0.014189500807692308,0.12046302338461538,0.28756715,30.670301249999998,1.2662695849999999,-15.014882199999999,2.21582574,-1.55909286,0.0183992027,0.356413783,0.1428538225,0.391942611,4779.004858398204,5730.065747070656,4769.097924804888,5729.657739257439,"1,1,60",1
1352,85448000,90.05800000000096,-0.009829899346153846,-0.05477282961538461,0.004964448784615385,0.2991518725,1267.46,1337.23,1252.23,1336.77,123450.0,2.0,0.9606780471153846,0.9737853346153846,0.9737853346153846,0.9737853346153846,0.0,0.0,0.039015202,0.015379799874999999,0.1537975925,-2.27778365,-0.0005983850000000016,-9.4738565,16.098382403846156,24.895650173076923,101131.78096153846,-0.9512175661538461,0.01366674573076923,0.12044013246153845,0.2837050326923077,30.781962449999998,1.189775955,-15.015100499999999,2.22972055,-1.54027985,0.0195862501,0.353413137,0.14279574,0.3921555085,4773.776733398618,5740.218603516048,4771.098608398001,5726.606298828208,"1,1,60",1
1353,85498000,90.10800000000096,-0.010110547375,-0.054244170625000004,0.00545165673125,0.29945547,1268.46,1337.73,1252.73,1336.27,123450.0,2.0,0.9605260759615385,0.9736839884615385,0.9736839884615385,0.9736839884615385,0.0,0.0,0.0507334005,0.0096206535,0.15789211625,-2.2906523875,0.03366863,-9.5652865625,16.084839153846154,24.89565303846154,101131.96326923078,-0.9523598807692307,0.013032066836538462,0.12047903692307692,0.27986038634615384,30.89408595,1.114001605,-15.0150755,2.24371505,-1.52112535,0.0211914531,0.355629221,0.140867624,0.391957216,4788.666381836154,5731.4801757808345,4761.9034667970345,5740.824536132615,"1,1,60",1
1354,85548000,90.15800000000095,-0.009347577634615384,-0.05380402903846154,0.004934346859615384,0.29942159153846154,1269.23,1338.0,1252.31,1336.69,123450.0,2.0,0.96037666,0.9735843972222222,0.9735843972222222,0.9735843972222222,0.0,0.0,0.0269978295,0.00645828005,0.15656058875,-2.3419786875,0.0068834956249999996,-9.459642749999999,16.071296846153846,24.89565496153846,101132.12673076923,-0.9534764068181818,0.012503490193181819,0.12060542136363636,0.2760034870454545,31.00707395,1.039504615,-15.014305349999999,2.25772901,-1.5023128000000001,0.02231818265,0.35815097949999997,0.1385065355,0.39166338900000003,4780.430297851298,5734.0646972657505,4775.529736328105,5721.083715820182,"1,1,60",1
1355,85598000,90.20800000000096,-0.0109194125,-0.05475591875,0.0050921998,0.2996713175,1269.73,1338.0,1250.81,1338.19,123450.0,2.0,0.96022766,0.9734850916666666,0.9734850916666666,0.9734850916666666,0.0,0.0,0.036019024499999996,0.016378575,0.159057365,-2.23468815,-0.01227012,-9.4597915,16.017935442307692,24.895656884615384,101132.77076923077,-0.954589205,0.012161451673076923,0.12058243596153846,0.2721529763461538,31.120432450000003,0.965555065,-15.01321585,2.27175131,-1.4836468,0.02323985215,0.3588564935,0.1358394015,0.392493105,4783.926660156484,5728.318139648664,4766.20065917936,5737.072900390668,"1,1,60",1
1356,85648000,90.25800000000096,-0.010533155788461538,-0.05504615555769231,0.00549835106923077,0.3001447736538461,1270.46,1338.23,1250.23,1339.23,123450.0,2.0,0.9600808377777779,0.973387212037037,0.973387212037037,0.973387212037037,0.0,0.0,0.02024005575,0.006924005275000001,0.154862835,-2.312499725,0.015562478499999997,-9.44811875,16.061364134615385,24.895657,101132.20442307692,-0.95569236625,0.011866121020833334,0.12046682541666666,0.2683199597916667,31.23419415,0.8927579425000001,-15.01142845,2.2840845450000002,-1.464722045,0.025264487500000002,0.359637225,0.13329627249999998,0.3916318405,4782.005004882847,5745.328051758222,4781.10471191462,5724.8338134761625,"1,1,60",1
1357,85698000,90.30800000000096,-0.010503931312500001,-0.0548489986875,0.0053922727375,0.30074741437499997,1271.46,1338.73,1250.73,1339.73,123450.0,2.0,0.9599349488888889,0.9732899435185185,0.9732899435185185,0.9732899435185185,0.0,0.0,0.0378835,0.011318624874999999,0.15799202,-2.336441425,0.02603711325,-9.49330975,16.05007807692308,24.895657865384617,101132.3823076923,-0.9567757088461538,0.011593776942307692,0.12038296538461538,0.26447962596153846,31.34812865,0.8204547175,-15.00934195,2.295693895,-1.445686395,0.027761822499999998,0.360200209,0.1320170295,0.3916044565,4786.600634765791,5742.371655273408,4777.670947265262,5742.208764648905,"1,1,60",1
1358,85748000,90.35800000000097,-0.01129113953846154,-0.05460356125,0.005229495003846154,0.3012859709615384,1272.0,1338.77,1251.46,1340.23,123450.0,2.0,0.9597853134615385,0.9731901875,0.9731901875,0.9731901875,0.0,0.0,0.035386880875,0.002629814625,0.15862450375,-2.2792803375,0.03666138175,-9.474905375,16.00872596153846,24.895659653846153,101132.88307692307,-0.95784523125,0.011147332833333334,0.12039882416666667,0.260593245625,31.4623615,0.749406734375,-15.007311625,2.3072045437499997,-1.42765923125,0.0280879989375,0.36070359350000003,0.1284576345,0.3897906525,4786.9346191404775,5753.824169922032,4788.466162110014,5739.184277343569,"1,1,60",1
1359,85798000,90.40800000000097,-0.011003247625,-0.054154595125,0.0048815483625,0.301646281875,1272.0,1338.27,1252.46,1340.73,123450.0,2.0,0.9596324865384616,0.9730883125,0.9730883125,0.9730883125,0.0,0.0,0.04980112275,-0.01011999,0.15935692375000002,-2.29978055,-0.06045343500000001,-9.544484875,16.045021923076924,24.89566,101132.45961538462,-0.9588874857692308,0.010627319442307692,0.120598885,0.25665777173076926,31.576722214285716,0.6788967120535715,-15.005305375,2.318672891964286,-1.4100642758928572,0.027483678848214285,0.36244044550000004,0.12586255000000002,0.3921428085,4800.183715820297,5737.997387694876,4793.235937499921,5744.507714844337,"1,1,60",1
1360,85848000,90.45800000000096,-0.011277312020833334,-0.054457146125,0.004929673710416666,0.30193342687499997,1272.0,1338.0,1253.0,1341.0,123450.0,2.0,0.9594795822115385,0.9729863932692308,0.9729863932692308,0.9729863932692308,0.0,0.0,0.044275153000000005,0.00206386115,0.16062187625,-2.3105545750000003,0.021547985125000002,-9.557054874999999,16.0675045,24.8956585,101132.155,-0.9599228257692307,0.009988588115384616,0.12082937538461538,0.25267440076923076,31.69143894318182,0.6091558931818182,-15.003854261363637,2.330614571590909,-1.392036455681818,0.02534927130681818,0.364436322,0.1239964805,0.3891694425,4795.326806640311,5742.670166015742,4795.650756836519,5751.306274414045,"1,1,60",1
1361,85898000,90.50800000000096,-0.01114506053846154,-0.05439714540384615,0.0048605634019230765,0.3019822213461538,1272.0,1338.0,1253.0,1341.0,123450.0,2.0,0.9593265870192308,0.9728844221153846,0.9728844221153846,0.9728844221153846,0.0,0.0,0.033488949000000004,0.0118511065,0.1599894625,-2.312799125,0.020650157250000002,-9.565436250000001,16.03761855769231,24.89565728846154,101132.51269230769,-0.9609542283333334,0.0094621351875,0.12085033683333334,0.24873506520833333,31.806573602272728,0.5403180522727273,-15.003054829545455,2.3431119011363637,-1.3735004897727272,0.021418674147727274,0.363613446,0.120641518,0.39092534900000003,4794.81564941413,5740.84211425781,4790.487451171484,5750.406982421906,"1,1,60",1
1362,85948000,90.55800000000096,-0.010859820038461539,-0.05420651192307692,0.005009011632692307,0.30199887557692306,1272.23,1338.46,1252.77,1340.77,123450.0,2.0,0.9591843302777777,0.9727895861111112,0.9727895861111112,0.9727895861111112,0.0,0.0,0.024434452750000002,0.0054260426375000005,0.15915719875,-2.353351125,0.028730588,-9.466974375,16.093597115384615,24.895655653846156,101131.85211538461,-0.9619654272916667,0.009104767114583334,0.12083019054166667,0.24481880979166668,31.92264055,0.472869215,-15.00323255,2.3542265,-1.35393116,0.017863575649999998,0.3644956225,0.1194669663,0.39115865600000005,4786.368774413733,5749.279467774141,4798.551879883601,5737.289648436502,"1,1,60",1
1363,85998000,90.60800000000097,-0.010540069749999999,-0.054337486375,0.0056145626375,0.302076915625,1272.73,1339.46,1252.27,1340.27,123450.0,2.0,0.9590595941666666,0.9727063916666667,0.9727063916666667,0.9727063916666667,0.0,0.0,0.040014059000000005,0.012716925,0.1597230625,-2.374749025,0.04040232125,-9.55615675,16.088631250000002,24.89565182692308,101131.90311538462,-0.962957254423077,0.008717365163461539,0.12082324576923077,0.24090395576923077,32.03910705,0.406015665,-15.00382905,2.3647485,-1.3339189599999999,0.01446940515,0.367798566,0.1178099895,0.3905148765,4786.438500976731,5749.352514648081,4788.994409179068,5742.91230468792,"1,1,60",1
1364,86048000,90.65800000000097,-0.011385292653846153,-0.05422015490384616,0.005602485721153847,0.3017848934615385,1272.77,1340.0,1252.23,1340.23,123450.0,2.0,0.9589248755555556,0.9726165564814815,0.9726165564814815,0.9726165564814815,0.0,0.0,0.054461626125,0.004061356,0.15849139875,-2.2864625,-0.005835701875000002,-9.458893374999999,16.071927884615384,24.89564821153846,101132.09901923077,-0.9639349836538461,0.008020233061538462,0.12091083961538461,0.23694156826923077,32.15678175,0.3409783455,-15.00468,2.3752937050000003,-1.314451675,0.013051824299999999,0.366774045,0.117333496,0.38810000100000003,4792.6794549850165,5734.317754836095,4777.8238467265055,5741.239815847949,"1,1,60",1
1365,86098000,90.70800000000096,-0.01080032240625,-0.0543169930625,0.0054554193625,0.30178791437499997,1272.27,1340.0,1252.73,1340.73,123450.0,2.0,0.9587547644444445,0.972503176851852,0.972503176851852,0.972503176851852,0.0,0.0,0.043646196,0.0036987086666666665,0.15955297777777777,-2.3484459777777777,0.015961512,-9.526928222222223,16.078338923076924,24.895643653846154,101132.03548076923,-0.9648849340384615,0.007302015721153846,0.12110510576923077,0.23296658423076924,32.27497425,0.2767194105,-15.005640000000001,2.385848855,-1.295217925,0.0124813533,0.367279747,0.114472367,0.3900153055,4787.918188476412,5733.970483398552,4783.6781494137995,5736.055346679892,"1,1,60",1
1366,86148000,90.75800000000098,-0.010764814836538461,-0.05502072313461538,0.005297248069230769,0.30184402615384615,1272.23,1339.54,1253.23,1341.0,123450.0,2.0,0.9585856234615385,0.9723904413461539,0.9723904413461539,0.9723904413461539,0.0,0.0,0.034154919,0.01484719275,0.156527345,-2.3950999,-0.008080266000000001,-9.484631499999999,16.060912653846152,24.895639442307694,101132.23807692308,-0.965827235,0.006779249465909091,0.12112539772727272,0.22903665022727274,32.3939721,0.213785383,-15.0064943,2.3960392,-1.274773315,0.01180561175,0.368048274,0.11129782,0.38827479,4787.290429687587,5740.810473633028,4770.420312499728,5746.875683593786,"1,1,60",1
1367,86198000,90.80800000000097,-0.0108100605625,-0.0543871451875,0.0049445437374999995,0.301803905,1272.73,1338.54,1253.73,1341.0,123450.0,2.0,0.9584316811538461,0.9722877971153846,0.9722877971153846,0.9722877971153846,0.0,0.0,0.0367517465,-0.003661632225,0.163185215,-2.3403327000000003,0.03800811675,-9.641451,16.04059726923077,24.895635115384614,101132.46403846155,-0.9667465625,0.0063595962624999995,0.1211622725,0.22511208125,32.5133151,0.151419173,-15.0073033,2.4060732000000002,-1.253809765,0.011084754249999999,0.368998434,0.10994314820000001,0.3891592645,4781.434692382749,5729.095947265173,4780.803735351493,5744.066748047286,"1,1,60",1
1368,86248000,90.85800000000097,-0.009836569682692307,-0.053759731711538465,0.005044290815384616,0.3017986301923077,1272.77,1338.46,1254.0,1340.77,123450.0,2.0,0.9582777388461537,0.9721851528846154,0.9721851528846154,0.9721851528846154,0.0,0.0,0.02253703375,0.0033622297375,0.1592570525,-2.286463,-0.04788387125,-9.576059625000001,16.03816,24.895629346153846,101132.51653846154,-0.9676445312499999,0.0061129918875,0.12131966312499999,0.221144809375,32.6333056,0.09038325175,-15.008372,2.416035065,-1.23432297,0.01125195315,0.3696437625,0.1051374478,0.388607789,4783.174047851459,5726.335791015816,4777.2423095703625,5745.133129882643,"1,1,60",1
1369,86298000,90.90800000000097,-0.00856884271875,-0.05389560075,0.0054762574,0.301859565,1272.27,1339.46,1254.0,1340.27,123450.0,2.0,0.9581300374074073,0.9720866879629629,0.9720866879629629,0.9720866879629629,0.0,0.0,0.011451474375,0.00565915115,0.150868125,-2.3606834,-0.005386786160705,-9.63097725,16.053328461538463,24.895624384615385,101132.34807692308,-0.9685213770833333,0.00608950156875,0.121339248125,0.21726183770833332,32.753573599999996,0.02991745424999999,-15.009552000000001,2.425966015,-1.21546907,0.011799747650000001,0.3697927015,0.10566643220000001,0.390324399,4769.402539062466,5743.669653320307,4792.624072265244,5714.858276367357,"1,1,60",1
1370,86348000,90.95800000000096,-0.010226134153846154,-0.05413327740384615,0.005136169192307693,0.30177438461538464,1272.0,1340.0,1253.54,1340.0,123450.0,2.0,0.9579824633333333,0.9719883083333334,0.9719883083333334,0.9719883083333334,0.0,0.0,0.061052941250000006,0.009920455750000001,0.15772570875,-2.333449375,-0.026036779375000003,-9.6214005,16.077435846153847,24.895620173076924,101132.03757692307,-0.9693946291666666,0.005596317447916667,0.12134937312499999,0.21333782916666666,32.87495355,-0.029442791250000003,-15.01130915,2.436481395,-1.19585763,0.0115025438,0.37062774649999997,0.1021659835,0.3879079675,4782.68544921904,5729.443041991699,4762.105249022941,5737.437036133304,"1,1,60",1
1371,86398000,91.00800000000098,-0.0107027330625,-0.054232465125,0.0053280024375,0.301603231875,1272.0,1340.0,1252.54,1340.0,123450.0,2.0,0.9578319696153846,0.9718879889423077,0.9718879889423077,0.9718879889423077,0.0,0.0,0.050433734,0.0126166885625,0.15692673000000001,-2.317437575,0.013617190125000005,-9.5347591875,16.077346192307694,24.895614711538464,101132.03888461538,-0.9702677673076924,0.004624307842307692,0.12136791865384615,0.20934295076923076,32.99681005,-0.08832922875000002,-15.01331365,2.447247245,-1.1759215299999999,0.010843197800000001,0.3731945085,0.1018289578,0.389045274,4773.968261718928,5727.534423828301,4769.307617187314,5727.268261718531,"1,1,60",1
1372,86448000,91.05800000000097,-0.010661241942307692,-0.05482156928846154,0.005612559403846154,0.3015524201923077,1272.0,1339.77,1252.23,1339.77,123450.0,2.0,0.957680835,0.97178724375,0.97178724375,0.97178724375,0.0,0.0,0.049501461875,0.015146739250000001,0.15769246,-2.330157125,0.02947877625,-9.527277125,16.068317346153847,24.895609134615384,101132.12176923077,-0.9711340820833334,0.003865893025,0.12127424666666667,0.20535952791666665,33.11938755,-0.1456878095,-15.0149937,2.457721195,-1.155400195,0.010227838400000001,0.37053779,0.0979551643,0.39048204099999995,4777.306982421972,5725.758764648343,4756.360693359066,5737.563574219055,"1,1,60",1
1373,86498000,91.10800000000097,-0.0100895548125,-0.054497758874999996,0.0053677906249999996,0.30133129125,1272.0,1339.27,1252.73,1339.27,123450.0,2.0,0.9575317938888889,0.9716878893518519,0.9716878893518519,0.9716878893518519,0.0,0.0,0.03009371575,0.00719046825,0.16278573,-2.297535875,0.0284313125,-9.50737625,16.060462,24.895606,101132.22750000001,-0.971986655,0.003327157625,0.12119194942307693,0.20134302653846153,33.24227405,-0.2023915945,-15.0165347,2.468070045,-1.134628045,0.0096313304,0.373150349,0.0975265185,0.389076216,4762.115502929619,5720.634082031311,4769.777197265692,5721.728393554517,"1,1,60",1
1374,86548000,91.15800000000098,-0.011751671230769232,-0.054713000250000005,0.005512607730769231,0.3015401651923077,1271.77,1339.23,1253.0,1339.0,123450.0,2.0,0.9573834883333333,0.9715890236111111,0.9715890236111111,0.9715890236111111,0.0,0.0,0.04107905925,0.010186781575,0.154130505,-2.290652825,0.012868999999999998,-9.3571405,16.066871730769233,24.895602365384615,101132.15942307693,-0.9728069966666667,0.0029216677708333335,0.12117245500000001,0.19736179895833333,33.36525295,-0.257510317,-15.0179889,2.477718825,-1.11293697,0.0102440346,0.3744770095,0.09567727775,0.389330925,4771.338916015995,5717.309326171793,4753.79458007762,5725.875268554979,"1,1,60",1
1375,86598000,91.20800000000098,-0.0117462843125,-0.054953375250000006,0.005654410575,0.30161665375,1271.27,1339.73,1253.0,1339.0,123450.0,2.0,0.9572331403846154,0.9714887917307693,0.9714887917307693,0.9714887917307693,0.0,0.0,0.028462563125,0.0114847514375,0.1571930875,-2.3171385625,0.03142406125,-9.476849187500001,16.09576403846154,24.89559948076923,101131.81211538462,-0.973599805,0.0025316082846153845,0.12110982384615385,0.19345633692307693,33.48827145,-0.31194972699999995,-15.0194059,2.487067575,-1.09085207,0.0113749726,0.374262684,0.0921736965,0.3886515,4759.850390624938,5729.697094726681,4756.6799560548725,5713.948754882532,"1,1,60",1
1376,86648000,91.25800000000098,-0.011296784846153846,-0.05482105292307692,0.005490937892307693,0.3014756725,1271.23,1340.0,1253.23,1338.77,123450.0,2.0,0.9570813134615385,0.9713875705769232,0.9713875705769232,0.9713875705769232,0.0,0.0,0.03661868325,0.0014650047,0.16258593500000001,-2.33554395,0.013766827424999996,-9.5669325,16.05694,24.895596865384615,101132.3,-0.974383825,0.0022503192229166667,0.12104323916666666,0.18951487145833334,33.61175405,-0.3647080275,-15.02096255,2.495741595,-1.06914202,0.01221719875,0.375057235,0.089018187,0.3908871625,4760.943237305029,5715.530981444979,4755.190893554357,5722.737182617576,"1,1,60",1
1377,86698000,91.30800000000097,-0.011601354250000001,-0.0545717848125,0.00554183719375,0.30147304875,1271.73,1340.0,1253.73,1338.27,123450.0,2.0,0.9569293278846154,0.9712862388461538,0.9712862388461538,0.9712862388461538,0.0,0.0,0.035120552625,0.0008987579999999995,0.16118782125,-2.28706105,-0.003142223000000003,-9.544337,16.051974134615385,24.895596,101132.35865384615,-0.9751443615384615,0.0018812727865384616,0.12111562046153847,0.18551750211538462,33.73543555,-0.4167458525,-15.02257905,2.504126445,-1.0475926199999999,0.01293569125,0.37413801300000005,0.08707849375,0.3898045005,4758.83452148425,5716.238378906334,4754.186450195574,5718.979223632188,"1,1,60",1
1378,86748000,91.35800000000097,-0.01070641325,-0.053995860729166664,0.005684807083333333,0.30149060666666666,1272.0,1340.0,1253.77,1338.23,123450.0,2.0,0.9567771836538462,0.9711847965384615,0.9711847965384615,0.9711847965384615,0.0,0.0,0.027130926125,-0.0038614946249999997,0.1564607375,-2.3352446374999998,-0.009127730124999999,-9.500792500000001,16.00935798076923,24.895596,101132.86067307692,-0.9758690075,0.0016034688958333333,0.12125582104166667,0.18157826583333334,33.860082,-0.4678442425,-15.0241546,2.512750345,-1.0278420449999999,0.01388548965,0.37660013849999996,0.0848884392,0.39056130499999997,4762.0914062502425,5719.865991210924,4758.878784179566,5707.348510742352,"1,1,60",1
1379,86798000,91.40800000000098,-0.01103071276923077,-0.05430353480769231,0.005675684134615384,0.3015496034615385,1272.0,1340.0,1253.27,1338.73,123450.0,2.0,0.9566348771153846,0.9710899126923076,0.9710899126923076,0.9710899126923076,0.0,0.0,0.038016481375,0.0079893695,0.16311865625,-2.3093570375,0.0041900208750000004,-9.589528125,16.07517826923077,24.89559601923077,101132.06163461538,-0.9765900046153846,0.0012480373538461538,0.12132930309615383,0.17760945096153846,33.985142,-0.5185400175,-15.0257126,2.521476695,-1.008862395,0.014934419150000001,0.377643947,0.08423524975,0.389039376,4754.785156249782,5713.125830078208,4760.9811767578885,5710.73168945269,"1,1,60",1
1380,86848000,91.45800000000098,-0.011199294057692308,-0.054813584192307696,0.005600629863461539,0.30166299673076924,1272.0,1339.77,1253.0,1339.0,123450.0,2.0,0.9565061559615384,0.9710040857692308,0.9710040857692308,0.9710040857692308,0.0,0.0,0.052031416999999996,0.011185308125,0.15692679625,-2.3145947875,-0.010025556500000001,-9.461436125,16.048091730769233,24.89559698076923,101132.3933653846,-0.9773239883333333,0.0005916736582083333,0.1212624359375,0.173577731875,34.110538,-0.5679448735,-15.0272405,2.52952611,-0.9897234599999999,0.015283588050000001,0.375943305,0.0818194345,0.3888755395,4758.831079101885,5715.586791992114,4748.704785155927,5718.483520508138,"1,1,60",1
1381,86898000,91.50800000000098,-0.011869398625,-0.054955827500000005,0.0056332751,0.301650483125,1272.0,1339.27,1253.0,1339.0,123450.0,2.0,0.9563638643518518,0.9709092151851851,0.9709092151851851,0.9709092151851851,0.0,0.0,0.047770287125000005,0.012117470750000001,0.15682698250000002,-2.3523036125,-0.026784966,-9.531017250000001,16.05639826923077,24.895600769230768,101132.28692307693,-0.9780350492307692,-0.0001637839787307692,0.12116885069230769,0.16959156826923077,34.236078,-0.6167964785,-15.0287555,2.53728541,-0.9705162599999999,0.015332859550000001,0.377664889,0.0784978625,0.389934715,4753.789672851228,5711.0166992185,4746.161206054954,5715.493627929396,"1,1,60",1
1382,86948000,91.55800000000099,-0.011665708,-0.05484898696153846,0.005447330726923077,0.30160724134615385,1272.0,1339.46,1253.46,1338.77,123450.0,2.0,0.9561952300925926,0.9707967892592593,0.9707967892592593,0.9707967892592593,0.0,0.0,0.039348122,0.002530286725,0.150734955,-2.3502087,-0.04758459575,-9.47894325,16.103619134615386,24.895604615384617,101131.73769230768,-0.978717659375,-0.0007301822020833334,0.12116312352083333,0.16561153041666668,34.36184445,-0.6640000140000001,-15.0298169,2.5438194299999997,-0.950231235,0.01760369725,0.377817012,0.07772895225,0.3872982375,4754.280517578339,5705.456176757882,4745.089184570077,5714.88039550791,"1,1,60",1
1383,86998000,91.60800000000098,-0.010849774625,-0.054679261624999996,0.005587224825,0.301969078125,1272.0,1340.46,1254.46,1338.27,123450.0,2.0,0.95602991625,0.9706865792307693,0.9706865792307693,0.9706865792307693,0.0,0.0,0.027363811000000002,0.006791024,0.15426365,-2.33973415,-0.00179548725,-9.43345525,16.10452201923077,24.895608461538462,101131.74057692308,-0.979365455,-0.0010557750625,0.121233016875,0.161679785,34.48770795,-0.7104972340000001,-15.0306839,2.54982833,-0.929484285,0.02082663475,0.3790784225,0.07464760200000001,0.388508942,4751.614379882519,5715.139184570431,4748.7696777351875,5719.067456053965,"1,1,60",1
1384,87048000,91.65800000000098,-0.010562854403846154,-0.054031749038461536,0.0058236564769230765,0.3021496815384615,1272.2395833333333,1341.0,1255.0,1338.0,123450.0,2.0,0.9558797287499999,0.9705864638461539,0.9705864638461539,0.9705864638461539,0.0,0.0,0.030925994000000002,-0.0036950176,0.15968983625,-2.3687634125,0.05312152125,-9.4774495,16.07283076923077,24.895615615384617,101132.11798076924,-0.9799847768750001,-0.0012551355625,0.1213753825,0.15777559124999999,34.61458785,-0.755390285,-15.031317099999999,2.5568736149999998,-0.908228841,0.0230002719,0.37786346849999997,0.0718660295,0.388592685,4750.711474609388,5711.757226562022,4758.767456054591,5713.913818359914,"1,1,60",1
1385,87098000,91.70800000000098,-0.011098855772727272,-0.053896039659090914,0.0060060212545454544,0.30235409772727273,1272.7604166666667,1341.0,1255.0,1338.0,123450.0,2.0,0.9557297424074074,0.9704864836111111,0.9704864836111111,0.9704864836111111,0.0,0.0,0.03854921725,-0.008921617825,0.15479625,-2.273892975,0.048183479,-9.42806775,16.073733653846155,24.89562251923077,101132.08067307693,-0.9805860525,-0.0016372912666666667,0.12159391322916667,0.15381737875,34.74190335,-0.799595835,-15.0318501,2.564363065,-0.886755471,0.0247242089,0.379182494,0.0706215585,0.387672642,4762.241625976233,5706.550146484501,4750.786059570649,5717.429711913671,"1,1,60",1
1386,87148000,91.75800000000098,-0.010222520303571429,-0.053572017946428574,0.0056890010375000005,0.3026695667857143,1273.0,1341.5192307692307,1255.0,1338.7788461538462,123450.0,2.0,0.9555815664814815,0.9703877197222223,0.9703877197222223,0.9703877197222223,0.0,0.0,0.02493370175,0.0006658233125000006,0.15246601125,-2.2860138125000002,-0.018255627500000003,-9.41894,16.0686775,24.89563,101132.1325,-0.981172155,-0.002000980125,0.1217732796875,0.14988360229166667,34.8701936,-0.8424667650000001,-15.031625349999999,2.57152754,-0.866169778,0.02742963095,0.37919352349999996,0.06880903425,0.3877820935,4760.16745605474,5723.409326172202,4760.074560546777,5697.091186523451,"1,1,60",1
1387,87198000,91.80800000000099,-0.010614677624999999,-0.0543401305625,0.0054038821,0.303138475,1273.0,1342.4807692307693,1255.0,1340.2211538461538,123450.0,2.0,0.9554333905555555,0.9702889558333334,0.9702889558333334,0.9702889558333334,0.0,0.0,0.057524373,0.0189085155,0.1538640875,-2.297835475,0.039504503499999996,-9.523236625,16.03292326923077,24.895638403846153,101132.5726923077,-0.98177053,-0.0025162830288461536,0.12171652288461539,0.14594888211538462,34.9989016,-0.884765715,-15.03107585,2.57855274,-0.8459645179999999,0.030555689449999996,0.380411361,0.0661331998,0.389147645,4761.751538085768,5722.523730468934,4748.494116211148,5719.880981445273,"1,1,60",1
1388,87248000,91.85800000000098,-0.011029909076923076,-0.05467835194230769,0.006002176028846154,0.30354666346153847,1273.69,1343.0,1255.0,1341.0,123450.0,2.0,0.9552777297029703,0.9701851769306931,0.9701851769306931,0.9701851769306931,0.0,0.0,0.0485027475,0.012783118874999999,0.15289878499999998,-2.3569423875,-0.0005983853749999997,-9.472061375,16.032020384615386,24.895647057692308,101132.57173076924,-0.9823735716666666,-0.0033649895708333334,0.121536132625,0.14197212666666667,35.12820215,-0.9257230275,-15.02962615,2.586127405,-0.8256582865,0.03295849955,0.38072835,0.0624059769,0.38887172000000003,4763.117578125332,5731.708715820568,4757.077416992097,5717.7344970703825,"1,1,60",1
1389,87298000,91.90800000000098,-0.011863366,-0.054162425874999996,0.006373075725,0.304085535,1275.19,1343.0,1255.0,1341.0,123450.0,2.0,0.955121591089109,0.9700810779207921,0.9700810779207921,0.9700810779207921,0.0,0.0,0.05770188522222222,0.0031366626222222222,0.1599376011111111,-2.294842422222222,0.027533487777777775,-9.49793088888889,16.08285278846154,24.895657615384618,101131.96326923078,-0.9829393788461539,-0.004253250475,0.12150840192307692,0.1379978446153846,35.25775665,-0.9661053525,-15.02779065,2.593937555,-0.8053087815,0.03505134605,0.3802787425,0.06187345165,0.3888185255,4778.1471268506875,5718.194875616833,4752.717336554003,5729.864591899537,"1,1,60",1
1390,87348000,91.958000000001,-0.011088628942307692,-0.054327730576923076,0.006255127692307692,0.30463487134615386,1276.23,1343.23,1255.46,1341.23,123450.0,2.0,0.9549767360360361,0.9699845004504505,0.9699845004504505,0.9699845004504505,0.0,0.0,0.037018062000000004,0.01098559075,0.156194375,-2.2852659,0.0299276865,-9.52114225,16.091791942307694,24.895667961538464,101131.85673076923,-0.9834868125,-0.004981338010416667,0.12147850370833334,0.13404595,35.38763315,-1.0045877375,-15.02538955,2.600381725,-0.7839895245,0.03694578595,0.38099259950000003,0.05983507255,0.3893143965,4773.493164062269,5736.518383789341,4766.509375000229,5722.2958740236,"1,1,60",1
1391,87398000,92.00800000000099,-0.011143444624999999,-0.054343286875,0.0059867168125,0.305332185,1276.73,1343.73,1256.46,1341.73,123450.0,2.0,0.9548328621621621,0.969888577027027,0.969888577027027,0.969888577027027,0.0,0.0,0.043409722,0.008522295975,0.1560611925,-2.360383825,-0.036212133,-9.5777045,16.067323615384616,24.895678134615384,101132.17403846154,-0.9840247225000001,-0.0055137995624999995,0.1213971425,0.1300878725,35.51764765,-1.0422558624999998,-15.02274605,2.606240475,-0.7622546595,0.038755194449999995,0.3822090385,0.05758517305,0.388628951,4778.786010742566,5732.869873046628,4761.668164062497,5740.611718750136,"1,1,60",1
1392,87448000,92.05800000000099,-0.011168050653846153,-0.05371610190384615,0.005966638298076923,0.3056778482692308,1277.46,1343.77,1256.54,1342.46,123450.0,2.0,0.9546832192307692,0.9697888240384616,0.9697888240384616,0.9697888240384616,0.0,0.0,0.03911517,0.00026625522500000015,0.15769245875,-2.2976854875,-0.007631351500000001,-9.658959625,16.07156673076923,24.89568819230769,101132.11230769231,-0.9845362395454544,-0.006059975113636364,0.12145538795454545,0.12608551227272727,35.64770205,-1.07797622,-15.0200357,2.61311979,-0.7396780900000001,0.038217267049999996,0.37999725,0.054631576349999995,0.38955314,4781.05954589839,5737.501782226388,4777.316918945465,5732.305444335992,"1,1,60",1
1393,87498000,92.10800000000098,-0.0128484211875,-0.053891531562500004,0.00590515265625,0.305618195625,1278.46,1343.27,1255.54,1343.46,123450.0,2.0,0.9545311038461538,0.9696874298076923,0.9696874298076923,0.9696874298076923,0.0,0.0,0.0388155745,-0.00169757667625,0.154396775,-2.2891564375,-0.005835701375000002,-9.50139125,16.062537884615384,24.89569828846154,101132.20653846154,-0.9850220488461539,-0.0064705599923076925,0.12156182223076924,0.12209972288461539,35.77777355,-1.11286182,-15.0172967,2.62043649,-0.71674079,0.03667333855,0.3827670695,0.052990425400000006,0.38905635,4790.062646484485,5733.816455077885,4769.881542968601,5734.750561523733,"1,1,60",1
1394,87548000,92.15800000000098,-0.012743555634615385,-0.053985410884615385,0.005846493134615384,0.3060659678846154,1278.77,1343.23,1255.23,1344.23,123450.0,2.0,0.9543927506730769,0.9695951865384616,0.9695951865384616,0.9695951865384616,0.0,0.0,0.03315682675,0.0027300667750000005,0.1512008875,-2.3226752250000002,0.015861752925,-9.5265285,16.031930096153847,24.895708423076922,101132.58146153846,-0.98549572625,-0.006860762102083333,0.12161313333333333,0.11814348666666666,35.908659603960395,-1.1466825495049506,-15.014679603960396,2.6269647425742573,-0.6948509415841584,0.03481174955445544,0.38360011299999996,0.0493901928,0.3914799215,4787.773071289139,5743.158154297223,4784.49296875029,5730.381127929337,"1,1,60",1
1395,87598000,92.208000000001,-0.0120736280625,-0.0545058275,0.0057798822625,0.3064099725,1278.27,1343.73,1255.73,1344.73,123450.0,2.0,0.9542628324038461,0.9695085519230769,0.9695085519230769,0.9695085519230769,0.0,0.0,0.0345546455,0.010785688750000001,0.1598562625,-2.327762975,0.022745086924999998,-9.64474375,16.02597105769231,24.895716826923078,101132.63815384616,-0.9859786990384616,-0.007194600413461538,0.12148338461538462,0.11415657653846153,36.03989475247525,-1.180046905940594,-15.012114752475247,2.633155089108911,-0.6734100009900991,0.03281402034653465,0.3825621025,0.0482721662,0.38906984650000004,4784.169140624906,5742.101196288937,4775.412622070003,5748.083154297363,"1,1,60",1
1396,87648000,92.25800000000099,-0.012683613634615384,-0.054285233076923074,0.006100837075000001,0.30676208000000005,1278.23,1344.0,1256.23,1345.46,123450.0,2.0,0.9541231525,0.9694154174999999,0.9694154174999999,0.9694154174999999,0.0,0.0,0.024234973,0.00845543015,0.152599105,-2.258330725,-0.002394036345027499,-9.503485375,16.040778730769233,24.89572428846154,101132.46626923078,-0.9864524322916667,-0.007544845604166667,0.12131620947916667,0.11015279258333334,36.17177981818182,-1.2125971080808082,-15.010270222222221,2.6398069474747476,-0.6512740737373737,0.03167022512121212,0.38375924349999996,0.0453664801,0.38935827,4785.300244140728,5752.599218750236,4790.842187500738,5737.109619140104,"1,1,60",1
1397,87698000,92.30800000000099,-0.0129013959375,-0.05366938625,0.00575488446875,0.30733107000000004,1278.73,1344.0,1256.73,1346.46,123450.0,2.0,0.9539751571296297,0.9693167462037037,0.9693167462037037,0.9693167462037037,0.0,0.0,0.0400140445,0.00206375745,0.161587295,-2.32626615,0.04309579775,-9.512462,16.04014701923077,24.895732288461538,101132.4975,-0.9868901817307693,-0.007918174865384615,0.12130906259615384,0.10613550126923077,36.30397072727273,-1.244764178787879,-15.008764666666666,2.646675987878788,-0.6288110939393939,0.03092828118181818,0.3835029495,0.0424486747,0.3881021,4798.555151367023,5737.047924804648,4786.0822998042495,5750.649438477092,"1,1,60",1
1398,87748000,92.358000000001,-0.012504894403846153,-0.05403147330769231,0.005891674540384615,0.30743241326923076,1279.23,1344.0,1257.0,1346.77,123450.0,2.0,0.9538252673076923,0.9692168136538462,0.9692168136538462,0.9692168136538462,0.0,0.0,0.0258661305,0.011784332125,0.15925705375,-2.3883659875,0.05746100435,-9.511566375,15.997259326923077,24.895738442307692,101133.01115384615,-0.9873242076923077,-0.008303343846153846,0.12121955384615385,0.10209745557692308,36.436715400000004,-1.2757228600000001,-15.00762945,2.653200355,-0.60699763,0.0284887896,0.384354061,0.03969210375,0.390274193,4784.775830077607,5752.251928711632,4790.818164063228,5744.792431639839,"1,1,60",1
1399,87798000,92.408000000001,-0.0118542204375,-0.053855950625,0.00639045043125,0.307449379375,1279.73,1344.0,1257.0,1346.27,123450.0,2.0,0.9536722865384616,0.9691148232692308,0.9691148232692308,0.9691148232692308,0.0,0.0,0.031125712750000003,0.011351721,0.15566177125,-2.3407811,0.06150122875,-9.562891875,16.02877025,24.8957435,101132.60500000001,-0.9877459008333334,-0.0085526104375,0.12104556541666667,0.09812991875,36.5696974,-1.30616366,-15.006652950000001,2.659577005,-0.58546253,0.025321777599999998,0.383115191,0.039062465000000005,0.38925079349999997,4789.541650390941,5748.4748535152285,4784.852734374713,5741.529296875245,"1,1,60",1
1400,87848000,92.458000000001,-0.012246444826923077,-0.05379395051923077,0.006019919080769231,0.30727605461538465,1279.77,1344.23,1257.0,1346.0,123450.0,2.0,0.9535147694444445,0.9690098147222223,0.9690098147222223,0.9690098147222223,0.0,0.0,0.041101459916666666,0.009897963333333334,0.15683800916666665,-2.3059155,0.06155110666666667,-9.648732583333333,16.109308096153846,24.895748846153847,101131.65076923078,-0.9881427297916666,-0.008991128729166666,0.12095588395833333,0.09412306729166667,36.7033045,-1.334878505,-15.006176775,2.66600787,-0.563811699,0.02225886995,0.38452602208333336,0.0366080525,0.39023289499999997,4793.432470702954,5736.612792968603,4776.450634765792,5745.950903320233,"1,1,60",1
1401,87898000,92.50800000000099,-0.0116094035625,-0.0539923594375,0.006023444875000001,0.3072313025,1279.27,1344.73,1257.0,1346.0,123450.0,2.0,0.9533466675925927,0.9688977637962963,0.9688977637962963,0.9688977637962963,0.0,0.0,0.024035048625,0.009687341325000001,0.1550625575,-2.347814175,-0.0116715688125,-9.49959475,16.08637403846154,24.89575234615385,101131.93,-0.98853265,-0.009376357461538462,0.12078373096153847,0.09012383778846154,36.8371795,-1.362853655,-15.005915025,2.67246197,-0.5421112690000001,0.01924057845,0.3849113275,0.034815977500000005,0.38909625000000003,4781.905346679391,5745.558105468687,4780.9214111325755,5731.683032227177,"1,1,60",1
1402,87948000,92.55800000000099,-0.012130600442307692,-0.05415685911538461,0.006137984042307692,0.30732955153846153,1279.0,1345.0,1257.23,1346.0,123450.0,2.0,0.9531809472115385,0.9687872990384616,0.9687872990384616,0.9687872990384616,0.0,0.0,0.0437091425,0.021538586749999998,0.1531650175,-2.30142625,-0.017657076124999997,-9.470116125,16.043757884615385,24.89575453846154,101132.40846153846,-0.9889186820833333,-0.009798645708333335,0.12051950054166667,0.08611098427083333,36.9708695,-1.3893846062500002,-15.005907125,2.67744785625,-0.5215032337500001,0.017359071625,0.38406874,0.03199287975,0.38944239999999997,4777.63972167955,5744.8925048831325,4770.946655273532,5745.482446288762,"1,1,60",1
1403,87998000,92.608000000001,-0.0115049366875,-0.05378370275,0.0059720126,0.30739391875,1279.0,1345.0,1257.73,1346.0,123450.0,2.0,0.9530298558653847,0.9686865778846153,0.9686865778846153,0.9686865778846153,0.0,0.0,0.038615896250000004,-0.00079886445,0.157725715,-2.2945433,-0.05386937725,-9.590274625,16.016219903846157,24.895758192307692,101132.76038461538,-0.9892748903846154,-0.010372046788461538,0.1203706368076923,0.08206246846153846,37.104480214285715,-1.4152966151785715,-15.006008017857143,2.6818045080357145,-0.5013633676785715,0.015964758232142856,0.38311560499999997,0.02772413175,0.38984352499999997,4781.604956054913,5743.57580566423,4781.771435546574,5732.231445312723,"1,1,60",1
1404,88048000,92.658000000001,-0.011868871769230769,-0.05398701559615385,0.0056604204442307696,0.3074179646153846,1279.23,1345.0,1258.0,1346.0,123450.0,2.0,0.9528789652777778,0.96858599,0.96858599,0.96858599,0.0,0.0,0.057124794,0.008322271875,0.1567936525,-2.3271642,0.031424067,-9.447222499999999,15.993557500000001,24.895760057692307,101133.05288461539,-0.98959837,-0.011011387770833334,0.12035935083333334,0.07799729270833333,37.23834422727273,-1.4401139977272728,-15.006509301136363,2.6859145613636364,-0.4805309204545455,0.015439660204545454,0.38424139,0.02711064375,0.391582275,4782.770825195466,5736.73464355464,4773.605761718858,5739.610571288942,"1,1,60",1
1405,88098000,92.708000000001,-0.0119996285625,-0.0538946504375,0.00569604383125,0.30758737999999997,1279.73,1345.0,1258.0,1346.0,123450.0,2.0,0.9527312199074074,0.96848749,0.96848749,0.96848749,0.0,0.0,0.04823663,0.0036285562125000005,0.15835820375,-2.309357075,-0.020051274,-9.49331175,16.107320942307695,24.89576103846154,101131.64634615385,-0.989905975,-0.011787833625,0.120346283125,0.07388371625000001,37.37250559090909,-1.463646384090909,-15.007480607954545,2.6897351295454546,-0.4588854431818182,0.015934945431818184,0.38336157000000004,0.02397188875,0.389996675,4781.056958007956,5735.036743163974,4779.873535156033,5736.060205078276,"1,1,60",1
1406,88148000,92.758000000001,-0.012022222461538463,-0.05372271865384615,0.006001734586538462,0.30760702153846153,1280.0,1345.0,1258.23,1345.54,123450.0,2.0,0.9525834745370371,0.96838899,0.96838899,0.96838899,0.0,0.0,0.050433590625000004,0.012716427875,0.15436352625,-2.343025925,0.049530215,-9.494656,16.044118057692305,24.89576296153846,101132.46365384615,-0.9902003670454546,-0.012534989590909092,0.12030798965909091,0.06977988954545454,37.50663205,-1.48558971,-15.007984449999999,2.693269035,-0.436753373,0.01500679415,0.3839079125,0.02269137375,0.38963704250000003,4786.379614257996,5737.405346679858,4761.871411132419,5748.407519531322,"1,1,60",1
1407,88198000,92.808000000001,-0.0113787626875,-0.053202596125,0.0062912530625,0.30742751125,1280.0,1345.0,1258.73,1344.54,123450.0,2.0,0.952431164423077,0.9682874568269231,0.9682874568269231,0.9682874568269231,0.0,0.0,0.0328898845,-0.001997469625,0.1565273425,-2.293645275,-0.0454896675,-9.47206175,16.100368692307693,24.895764884615385,101131.74028846154,-0.9904686644230769,-0.013112973846153847,0.12030512326923078,0.06574478038461538,37.640743549999996,-1.50685201,-15.00828795,2.696680085,-0.41441276299999996,0.01346859865,0.3847674175,0.02095639975,0.39124615500000004,4778.387207031164,5732.551538085906,4777.76093750008,5726.982958984417,"1,1,60",1
1408,88248000,92.858000000001,-0.0113005665,-0.05372422165384615,0.006157848875,0.30764462096153844,1280.0,1345.0,1259.0,1344.23,123450.0,2.0,0.9522783471153846,0.9681855866346154,0.9681855866346154,0.9681855866346154,0.0,0.0,0.035952567375,0.0033621401874999995,0.16418392625,-2.3596357500000003,0.036062829375,-9.428815,16.09116023076923,24.895765,101131.85317307692,-0.9907197514583334,-0.013501427916666666,0.12034023822916667,0.061697903000000005,37.77482145,-1.52659209,-15.008099,2.699981235,-0.392295607,0.0131683563,0.384304475,0.0179231505,0.3895320775,4780.172143554552,5727.640356445158,4770.824707031118,5736.030981445858,"1,1,60",1
1409,88298000,92.908000000001,-0.011174914812499999,-0.05389593125,0.0059121667187500004,0.30782624312499995,1280.0,1345.0,1259.0,1344.73,123450.0,2.0,0.9521302924074074,0.968086863425926,0.968086863425926,0.968086863425926,0.0,0.0,0.03065953925,0.01677785825,0.16155402875,-2.3024740625,-0.00553642575,-9.5429885,16.045112346153847,24.895766730769232,101132.40653846154,-0.9909725967307692,-0.013907067634615385,0.12023157625,0.05761962576923077,37.90888495,-1.5456797899999999,-15.007699,2.703235285,-0.37027421699999996,0.0133986653,0.38396993,0.0160006525,0.38950519,4768.72548828124,5740.831469726417,4776.023901367343,5731.622558593623,"1,1,60",1
1410,88348000,92.958000000001,-0.013085892134615385,-0.05371262807692308,0.005858525711538462,0.30784372576923075,1280.0,1345.0,1259.0,1345.23,123450.0,2.0,0.9519832831481482,0.9679888310185185,0.9679888310185185,0.9679888310185185,0.0,0.0,0.043709282875000005,0.0012318607625,0.15589478125,-2.3081599749999997,-0.011521931249999999,-9.605537250000001,16.034276769230768,24.895767,101132.56442307692,-0.9912022307692308,-0.014358049307692307,0.12016090625,0.05356458455769231,38.0427941,-1.5630716,-15.00749255,2.7060185150000002,-0.348821213,0.0127454959,0.3842365725,0.013847742750000001,0.391424225,4780.346313476753,5730.380932617091,4763.523901366726,5730.8369140626,"1,1,60",1
1411,88398000,93.008000000001,-0.013543353875,-0.0538380950625,0.005848220156249999,0.30792777499999996,1280.0,1345.0,1259.0,1345.73,123450.0,2.0,0.9518318408653846,0.96788785,0.96788785,0.96788785,0.0,0.0,0.037284213000000004,0.001997388975,0.16251945750000002,-2.279878475,0.00029944119454499996,-9.50408275,16.003850173076923,24.895769365384613,101132.91115384616,-0.9914001858333333,-0.014921058249999999,0.1202024290625,0.049507633437500004,38.1766371,-1.5797366,-15.00736905,2.7085999650000003,-0.32761180300000003,0.011713692900000001,0.3847859025,0.012360258,0.389517905,4771.027636718858,5727.527490234601,4772.584423827876,5736.077099609101,"1,1,60",1
1412,88448000,93.058000000001,-0.013100572615384616,-0.054141786865384615,0.005863293903846154,0.30803332384615384,1280.0,1345.23,1259.46,1345.77,123450.0,2.0,0.9516781149038461,0.96778535,0.96778535,0.96778535,0.0,0.0,0.031225761499999997,0.00406118525,0.159190445,-2.3741504,-0.004189686389885001,-9.57920325,16.03463875,24.89577,101132.52,-0.9915931933333333,-0.015302623770833333,0.120158421875,0.045467713124999996,38.310792187500006,-1.59517025625,-15.0074223125,2.7102784625000003,-0.3063545425,0.011554706375000001,0.38374353,0.00951556825,0.3916476575,4773.004711913947,5728.681225585781,4769.136254882915,5740.05971679734,"1,1,60",1
1413,88498000,93.108000000001,-0.012555023125,-0.053971492625,0.00592770031875,0.30824380875,1280.0,1345.73,1260.46,1345.27,123450.0,2.0,0.9515265639423077,0.9676843278846154,0.9676843278846154,0.9676843278846154,0.0,0.0,0.0208391645,-0.004128079425,0.15792545749999998,-2.323872275,0.0329204415,-9.536106,16.007461923076924,24.89577071153846,101132.85807692308,-0.991759124,-0.01556067465,0.120205186,0.0414375666,38.445081026785715,-1.61007619375,-15.007551330357144,2.711569980357143,-0.28507677464285713,0.011769784053571429,0.3836100625,0.006753157125,0.39191175500000003,4763.03376464839,5735.673876953324,4785.4896484377305,5721.445776366921,"1,1,60",1
1414,88548000,93.15800000000101,-0.012756954173076922,-0.0536617205,0.006004829105769231,0.30822434576923075,1280.0,1345.77,1260.54,1345.46,123450.0,2.0,0.9513765879807692,0.9675843759615385,0.9675843759615385,0.9675843759615385,0.0,0.0,0.055127272375,0.0024303644374999997,0.15839158,-2.3720553875,0.014515016124999999,-9.6498305,16.05757269230769,24.895772346153844,101132.28596153847,-0.9919030325,-0.015964213075,0.12031732225,0.0373493845,38.57972444318182,-1.6237882613636363,-15.007890988636364,2.7130342931818183,-0.26362745068181814,0.011175848568181818,0.384498518,0.004959884565,0.391531197,4774.532861328498,5722.883227538581,4771.213623046115,5731.3686767583185,"1,1,60",1
1415,88598000,93.20800000000101,-0.0140159294375,-0.05412935925,0.00597963343125,0.30816568,1280.0,1345.27,1259.54,1346.46,123450.0,2.0,0.9512281509259259,0.9674854416666667,0.9674854416666667,0.9674854416666667,0.0,0.0,0.053596148125,0.014514009874999999,0.15862455125,-2.3383870124999997,-0.0336683,-9.430462125,16.03021498076923,24.895773,101132.61442307693,-0.9920460326923076,-0.016886941134615384,0.12021443692307693,0.03321722951923077,38.71478410227273,-1.6360988295454544,-15.008477920454546,2.714701452272727,-0.24197673477272727,0.009632201977272728,0.38331844950000005,0.002219764235,0.39181222050000003,4769.099414062111,5724.004028320449,4758.301660156771,5736.680615234188,"1,1,60",1
1416,88648000,93.258000000001,-0.012744118673076923,-0.05359573630769231,0.005845593736538462,0.30855468711538464,1280.2395833333333,1345.2395833333333,1259.2395833333333,1346.28125,123450.0,2.0,0.9510812527777778,0.967387525,0.967387525,0.967387525,0.0,0.0,0.0387823195,0.00808946525,0.1609547925,-2.3135475,-0.042646552,-9.52503425,16.00710076923077,24.89577419230769,101132.88288461538,-0.9921754322916666,-0.0174781369375,0.1201235846875,0.029141320125,38.8496529,-1.646866865,-15.00887135,2.7165833299999997,-0.220054262,0.0088595246,0.385027975,-0.0011439632015,0.391655814,4766.085986328227,5726.93620605473,4767.862158203053,5736.432861328259,"1,1,60",1
1417,88698000,93.308000000001,-0.012032080818181818,-0.053061010136363634,0.006392660036363637,0.30857107818181817,1280.7604166666667,1345.7604166666667,1259.7604166666667,1344.71875,123450.0,2.0,0.950932875,0.9672886123076923,0.9672886123076923,0.9672886123076923,0.0,0.0,0.03681803975,-0.00286269065,0.15812524,-2.364573675,0.002693645999999999,-9.643546125,16.022540096153847,24.895776115384614,101132.69519230768,-0.9922717042307692,-0.01779573078846154,0.12018533221153846,0.025130456326923074,38.9844399,-1.656973815,-15.009181850000001,2.71855723,-0.19801532200000002,0.0084172626,0.3835647435,-0.00225812277,0.39174493000000005,4772.199462890477,5727.2620605471175,4776.450488281426,5717.2643066400005,"1,1,60",1
1418,88748000,93.358000000001,-0.012696056964285714,-0.053658951660714285,0.006570534117857143,0.30838913875,1281.0,1346.0,1260.0,1344.5192307692307,123450.0,2.0,0.950781625,0.9671877661538462,0.9671877661538462,0.9671877661538462,0.0,0.0,0.042676934,0.0107860489,0.15199999,-2.2610245,-0.0032918609999999984,-9.534908999999999,16.026332211538463,24.89577803846154,101132.65634615385,-0.9923576867307692,-0.01829192778846154,0.12017201911538461,0.021125609846153845,39.1189035,-1.665341475,-15.0093499,2.71940931,-0.1758413415,0.009032299149999999,0.3832370875,-0.004050890175,0.391786539,4767.867700195375,5730.4796142579435,4762.047460936958,5718.620556640902,"1,1,60",1
1419,88798000,93.40800000000101,-0.01353995525,-0.0541140990625,0.0063087162999999995,0.30864344875,1281.0,1346.0,1260.0,1345.4807692307693,123450.0,2.0,0.9506307962962962,0.9670872074074074,0.9670872074074074,0.9670872074074074,0.0,0.0,0.0541287095,0.01684460725,0.15433020249999999,-2.328959675,0.007182771134507501,-9.455003375,16.05116201923077,24.895780442307693,101132.37269230769,-0.9924449288461539,-0.01899767267307692,0.11998174692307692,0.01710255298076923,39.2532285,-1.672963725,-15.0094569,2.7197806100000004,-0.1536094865,0.01010046365,0.38320293,-0.006668166,0.39247728400000004,4768.839160155736,5727.521850585903,4753.046191407026,5736.071997070181,"1,1,60",1
1420,88848000,93.45800000000101,-0.012903133226415094,-0.05347139543396227,0.005828402754716981,0.30891465056603773,1281.23,1346.23,1260.0,1345.77,123450.0,2.0,0.9504811666666666,0.9669874666666667,0.9669874666666667,0.9669874666666667,0.0,0.0,0.040147167500000004,-0.0032956295125000003,0.1531650575,-2.332700625,-0.03022663325,-9.468321374999999,16.055966132075472,24.895783735849058,101132.31641509433,-0.9925061000000001,-0.01960583733333333,0.11989340333333333,0.013033572,39.3872357,-1.67869692,-15.0092391,2.7202562450000003,-0.1302078125,0.00989311265,0.3819883355,-0.00949919305,0.3928888515,4770.53015136743,5723.431982421862,4763.763330077923,5728.534082031192,"1,1,60",1
1421,88898000,93.508000000001,-0.013186134659574468,-0.05322171365957447,0.006272497063829787,0.3089807940425532,1281.73,1346.73,1260.0,1345.27,123450.0,2.0,0.9503311009615385,0.9668874336538461,0.9668874336538461,0.9668874336538461,0.0,0.0,0.02649858875,-0.0017979617499999999,0.164117295,-2.3508072249999996,0.027234214,-9.60493925,16.03143931372549,24.895786784313724,101132.59196078431,-0.9925317254545455,-0.019982744,0.11998204090909091,0.009024826981818182,39.5211067,-1.68362052,-15.0088821,2.7207765950000002,-0.1063047875,0.00913911215,0.3834402047826087,-0.010065432000000001,0.39352857826086957,4775.0400390625,5718.24951171875,4759.2666015625,5737.43994140625,"1,1,60",1
1422,88948000,93.55800000000102,-0.012524697721153846,-0.05375060644230769,0.006321960588461538,0.3090734473076923,1281.77,1347.23,1260.46,1345.0,123450.0,2.0,0.9501771105769231,0.9667847701923077,0.9667847701923077,0.9667847701923077,0.0,0.0,0.02404457485714286,0.006353800285714286,0.1592570457142857,-2.3131407285714287,0.03300595357142857,-9.483604285714286,16.041138884615386,24.89578946153846,101132.46192307693,-0.992557016875,-0.0201746785625,0.119979981875,0.0050247287625,39.6553529,-1.687043705,-15.0087771,2.7211749700000003,-0.08297651674999999,0.0089891658,0.38282042043478265,-0.012938695956521739,0.3921003747826087,4763.864155016365,5726.652909128412,4768.238178453666,5726.128752056259,"1,1,60",1
1423,88998000,93.60800000000101,-0.01160061871875,-0.0540151290625,0.00601582949375,0.30925217312500003,1281.27,1347.73,1261.46,1345.0,123450.0,2.0,0.9500232472222223,0.9666821913888889,0.9666821913888889,0.9666821913888889,0.0,0.0,0.026098919249999998,0.0059920776875,0.15426362500000002,-2.377143125,0.002843282000000001,-9.576509000000001,16.056578846153847,24.895793961538462,101132.28096153846,-0.9925808091666666,-0.020325011229166665,0.11985837249999999,0.0010238017520833333,39.7897599,-1.689823855,-15.008780100000001,2.72152107,-0.05989456925,0.0090980998,0.381682485,-0.01757205535,0.39178254,4767.843359374739,5728.716284180011,4759.056103515941,5732.2986328119505,"1,1,60",1
1424,89048000,93.65800000000101,-0.010957746788461538,-0.053228594538461536,0.006364558361538462,0.3094074561538462,1281.23,1347.77,1261.54,1345.46,123450.0,2.0,0.9498756083333334,0.9665837608333333,0.9665837608333333,0.9665837608333333,0.0,0.0,0.02383514925,0.0007991517249999998,0.152532595,-2.293345975,-0.0143650449,-9.53610625,16.079602115384613,24.895799153846152,101132.01173076923,-0.9925779208333333,-0.020517094145833335,0.11981688125,-0.0029348378958333333,39.924592849999996,-1.69140263,-15.008998,2.72208109,-0.0377393871,0.0099966576,0.38358982,-0.0176904918,0.3939285195,4762.330175781436,5738.465502929741,4775.920507812492,5710.403662109205,"1,1,60",1
1425,89098000,93.70800000000101,-0.01276869475,-0.0534941205,0.0062462015312499996,0.30965480375,1281.73,1347.27,1260.54,1346.46,123450.0,2.0,0.9497279694444445,0.9664853302777777,0.9664853302777777,0.9664853302777777,0.0,0.0,0.060853228375,0.0048602129625,0.16168718125,-2.3258177375,0.042197973375,-9.5338615,16.034637999999998,24.89580275,101132.55750000001,-0.9925475903846154,-0.02108410167307692,0.11979893865384615,-0.006958087848076923,40.05960835,-1.69246653,-15.009308,2.72273279,-0.015981390100000006,0.0112336256,0.3811055795,-0.0205117633,0.39104795,4775.418261719021,5721.413061523627,4757.418847655924,5734.164331054854,"1,1,60",1
1426,89148000,93.758000000001,-0.013201095519230769,-0.053538550403846155,0.006438481,0.30975196538461536,1282.23,1347.0,1259.77,1347.46,123450.0,2.0,0.949578100925926,0.9663854106481481,0.9663854106481481,0.9663854106481481,0.0,0.0,0.042577322875,0.0118509649375,0.159490095,-2.2939449625,0.021398347499999998,-9.632324,16.00999,24.895806269230768,101132.85,-0.9925084083333333,-0.021893216729166668,0.119677458125,-0.011022801072916666,40.1949749,-1.69195802,-15.0097629,2.723621335,0.006561988350000001,0.010629586949999999,0.3802370135,-0.023844125600000002,0.3904802515,4766.457861327822,5722.004443359202,4765.178784179941,5732.518188476661,"1,1,60",1
1427,89198000,93.80800000000102,-0.01436250175,-0.0536393163125,0.00655278369375,0.30971210875,1282.73,1347.0,1259.27,1348.46,123450.0,2.0,0.9494278694444445,0.9662852486111111,0.9662852486111111,0.9662852486111111,0.0,0.0,0.034754190000000004,0.0114514765,0.15679364,-2.387917325,0.07900883325,-9.57890275,16.022991538461536,24.895812038461536,101132.6925,-0.9924633836538461,-0.022368925307692307,0.11952572942307692,-0.015020508115384615,40.3304919,-1.69077562,-15.010279899999999,2.7246113849999998,0.029441958849999998,0.00923654545,0.379665313,-0.023914214149999998,0.391230664,4769.832324218692,5718.450219726646,4755.714282226238,5733.691918945538,"1,1,60",1
1428,89248000,93.85800000000101,-0.013326309788461537,-0.05400333086538461,0.006515057859615384,0.3098918901923077,1283.23,1347.23,1258.77,1349.23,123450.0,2.0,0.9492775666666666,0.9661850333333333,0.9661850333333333,0.9661850333333333,0.0,0.0,0.0107858895,0.0070573287499999995,0.157659155,-2.3367407,-0.0035911404999999993,-9.416396,16.073733653846155,24.895817807692307,101132.07596153846,-0.9924098927083334,-0.0225319874375,0.11938008145833333,-0.018973869,40.4659116,-1.6876254849999999,-15.0103979,2.723830505,0.0513555825,0.01010201405,0.3801604821739131,-0.02746267717391304,0.39579210956521743,4752.516447367888,5733.472502056071,4771.433362459577,5714.532175163994,"1,1,60",1
1429,89298000,93.90800000000101,-0.0131696755,-0.0541878675625,0.0065991712375,0.310193916875,1283.73,1347.73,1258.27,1349.73,123450.0,2.0,0.9491272333333334,0.9660847952380952,0.9660847952380952,0.9660847952380952,0.0,0.0,0.04214454125,0.00366183875,0.15326495,-2.356792725,-0.00957664475,-9.416396,16.00330865384615,24.89582348076923,101132.91634615384,-0.9923346546153846,-0.022753885115384617,0.11926271103846153,-0.022938715826923077,40.6012896,-1.683632035,-15.0103449,2.722290655,0.07285505749999999,0.011935415550000002,0.3794810975,-0.03025532495,0.3928930615,4766.723583984658,5730.955981444857,4758.401660155937,5726.0823974618625,"1,1,60",1
1430,89348000,93.95800000000102,-0.01462625098076923,-0.054248518076923075,0.006818238361538461,0.31056720730769233,1284.23,1347.77,1258.46,1349.77,123450.0,2.0,0.9489780252336449,0.9659853308411215,0.9659853308411215,0.9659853308411215,0.0,0.0,0.05203156475,0.006391386325000001,0.15526231000000001,-2.3344964,0.0002994392500000019,-9.423278750000001,16.024977884615385,24.895828461538464,101132.64615384616,-0.9922267970833333,-0.023514524854166666,0.1191729545,-0.026967006520833333,40.73608275,-1.67825941,-15.00989255,2.720069915,0.094723793,0.0134113106,0.38052943349999996,-0.032972928500000005,0.393770137,4765.740429687366,5735.842724609637,4761.307934570555,5727.219116210424,"1,1,60",1
1431,89398000,94.00800000000102,-0.0142368263125,-0.0533355088125,0.006922643731250001,0.310848600625,1284.73,1347.27,1259.46,1349.27,123450.0,2.0,0.9488295672897196,0.9658863822429906,0.9658863822429906,0.9658863822429906,0.0,0.0,0.0515321255,-0.010785722,0.1589241675,-2.259228875,-0.016160694675,-9.515754249999999,15.964665192307692,24.895836115384615,101133.38103846154,-0.9920777288461539,-0.02433409926923077,0.1192679176923077,-0.030990465000000002,40.87062525,-1.67229571,-15.00926905,2.7175573650000002,0.116750783,0.014733988600000001,0.379908762,-0.034039971,0.3932574385,4780.6835205079215,5726.511425780824,4761.944897460968,5731.158618164579,"1,1,60",1
1432,89448000,94.05800000000102,-0.014148694596153847,-0.053166331057692306,0.006355627090384616,0.3110308644230769,1285.0,1347.46,1259.77,1349.23,123450.0,2.0,0.9486790951923076,0.9657860764423077,0.9657860764423077,0.9657860764423077,0.0,0.0,0.040413448625,-0.002729864775,0.1563275825,-2.32477025,-0.0190038145,-9.464581,16.04592480769231,24.895841884615383,101132.43296153846,-0.9919050256249999,-0.0249678650625,0.11946121741666667,-0.035023123541666666,41.0049406,-1.6647906449999998,-15.008718,2.71621119,0.1388877255,0.0141011634,0.3775102415,-0.03542168265,0.3936432105,4776.472631835499,5727.843603515921,4768.4270996098785,5729.517309569915,"1,1,60",1
1433,89498000,94.10800000000101,-0.013670841250000001,-0.0536451346875,0.00642691505625,0.31104334125,1285.0,1348.46,1259.27,1349.73,123450.0,2.0,0.9485262586538461,0.9656841774038462,0.9656841774038462,0.9656841774038462,0.0,0.0,0.029161536999999998,0.005093202225,0.15952339875,-2.369960925,0.004938210624999995,-9.569475125,16.00773278846154,24.89584671153846,101132.85311538463,-0.991744945576923,-0.02532286655769231,0.11947317746153846,-0.03902286101923077,41.1391586,-1.6566249949999998,-15.008198,2.71536489,0.1610717905,0.0126302654,0.37998850149999996,-0.0391121884,0.3938085285,4769.305810546805,5723.377392578269,4766.636401366698,5735.791894531651,"1,1,60",1
1434,89548000,94.15800000000101,-0.0132574625,-0.053770742403846154,0.006730585428846154,0.3111430223076923,1285.23,1348.77,1259.23,1350.0,123450.0,2.0,0.948375625925926,0.9655837564814814,0.9655837564814814,0.9655837564814814,0.0,0.0,0.0204397975,0.00519303635,0.15096797125,-2.3991399875,-0.018105984375,-9.5254825,15.979833653846153,24.89585423076923,101133.20538461539,-0.991584778076923,-0.025537170903846152,0.11939623090384616,-0.04299205682692308,41.273439599999996,-1.6473730149999999,-15.00714915,2.71417664,0.18324793150000002,0.01220205695,0.378515175,-0.041360674900000005,0.394910392,4771.13427734375,5729.15966796875,4756.5068359375,5735.59423828125,"1,1,60",1
1435,89598000,94.20800000000102,-0.013301276187499999,-0.053284227249999996,0.00659794611875,0.3113277225,1285.73,1348.27,1259.73,1350.0,123450.0,2.0,0.9482285888888888,0.9654857472222222,0.9654857472222222,0.9654857472222222,0.0,0.0,0.040679782375,0.0086555095,0.1497029475,-2.3283615500000003,0.027084575,-9.54104525,16.042133557692306,24.895859326923077,101132.45769230768,-0.9914086695833333,-0.025839730145833333,0.11932081197916666,-0.046907154666666666,41.4077476,-1.637655465,-15.00587365,2.71284184,0.2054206765,0.01222071545,0.376702665,-0.0423144641,0.39438025250000003,4773.049853515779,5738.417358397909,4764.682958983812,5719.9648925789215,"1,1,60",1
1436,89648000,94.25800000000102,-0.014854844307692308,-0.053711616538461536,0.006827256592307693,0.31181167846153846,1286.0,1348.23,1260.46,1349.77,123450.0,2.0,0.9480802177884615,0.9653868420192308,0.9653868420192308,0.9653868420192308,0.0,0.0,0.061785164999999996,0.015379655124999999,0.157992135,-2.39120945,-0.01466432175,-9.50438375,16.021185942307692,24.895866615384616,101132.69488461538,-0.9912137153846153,-0.026650043711538462,0.11911278413461539,-0.05092116182692308,41.541805000000004,-1.626506415,-15.004551249999999,2.711290845,0.22722024799999999,0.012119214750000001,0.3775739515,-0.044667412999999996,0.39356189599999997,4776.827075195161,5729.348193359736,4756.544995117378,5742.498974609325,"1,1,60",1
1437,89698000,94.30800000000102,-0.013805034375,-0.0532323133125,0.00692165798125,0.312151570625,1286.0,1348.73,1261.46,1349.27,123450.0,2.0,0.9479271168269231,0.9652847602884616,0.9652847602884616,0.9652847602884616,0.0,0.0,0.039248495625,0.0006660368625000001,0.15446331625,-2.3584384000000003,0.03516501075,-9.556009,15.988772211538462,24.89587430769231,101133.08065384616,-0.99099633125,-0.027426618416666666,0.11896172489583334,-0.0549436866875,41.675755,-1.614743865,-15.003208749999999,2.709647195,0.24885988799999997,0.01196621725,0.376686768,-0.04695689565,0.39524079,4780.988378906465,5736.764575195004,4767.1304687498,5725.987866211006,"1,1,60",1
1438,89748000,94.35800000000103,-0.013751556673076922,-0.053265836211538464,0.0067375439019230765,0.31234244384615384,1286.0,1349.23,1262.0,1349.69,123450.0,2.0,0.9477746541666666,0.9651831080555556,0.9651831080555556,0.9651831080555556,0.0,0.0,0.03931504025,0.010419526875,0.15939019375000002,-2.3711579375,-0.008678814554354992,-9.576358124999999,16.017032500000003,24.8958805,101132.7305,-0.9907602291666667,-0.027893038145833333,0.11891032416666666,-0.058931434625,41.809936,-1.601607285,-15.00250885,2.707453485,0.2706565695,0.0119702105,0.37664721,-0.04874895935,0.394572617,4778.531249999893,5731.785131836236,4770.73937988307,5736.84506835938,"1,1,60",1
1439,89798000,94.40800000000102,-0.013643645937499999,-0.053825527375,0.0065757662875,0.312761230625,1286.0,1349.73,1262.0,1351.19,123450.0,2.0,0.9476261125,0.9650840941666666,0.9650840941666666,0.9650840941666666,0.0,0.0,0.03328930375,0.01584585675,0.1585247075,-2.397493925,-0.02873026075,-9.43794425,16.022088653846154,24.895887692307692,101132.70269230769,-0.9905279873076923,-0.028276900423076925,0.11868041509615385,-0.06297211480769231,41.944216,-1.5878818350000001,-15.00208435,2.7050240349999997,0.2925205545,0.012041485499999999,0.374489037,-0.0519270283,0.39497589,4773.894824218625,5740.104467773437,4771.166333007423,5745.2668212896915,"1,1,60",1
1440,89848000,94.45800000000102,-0.0128131225,-0.05328301942307692,0.006197452163461539,0.31296548461538465,1286.23,1350.0,1262.23,1351.31,123450.0,2.0,0.9474775708333333,0.9649850802777777,0.9649850802777777,0.9649850802777777,0.0,0.0,0.031791443,0.0040945059999999995,0.15632757125,-2.4144031125,0.020500520249999998,-9.5087225625,16.00357951923077,24.895893365384616,101132.94519230768,-0.9902738122916667,-0.02854461947916667,0.11852014364583333,-0.06702526083333334,42.0784022,-1.5724501,-15.0016427,2.7028409499999997,0.3148089145,0.0110508465,0.3758036515,-0.0531861239,0.393257505,4776.335546875108,5732.759130859378,4765.658740234294,5751.921386718556,"1,1,60",1
1441,89898000,94.50800000000102,-0.0118463888125,-0.052314192,0.006402943475000001,0.312982991875,1286.73,1350.0,1262.73,1349.81,123450.0,2.0,0.9473253384615384,0.9648835781730769,0.9648835781730769,0.9648835781730769,0.0,0.0,0.020838970249999998,-0.004726946625,0.1586578925,-2.27359405,0.02813204025,-9.5612465,16.013782115384615,24.895898173076922,101132.81788461539,-0.98997295875,-0.028713224750000002,0.11863884875,-0.07105843125,42.2125482,-1.5562871,-15.0011937,2.7007634499999997,0.3372791495,0.009605101500000001,0.3743673975,-0.056102299349999996,0.39621698899999996,4773.415502930022,5741.02873535138,4793.088598632497,5722.717700195327,"1,1,60",1
1442,89948000,94.55800000000102,-0.013123299057692309,-0.05273880753846154,0.007006659332692308,0.3130316775,1286.77,1350.23,1263.0,1349.46,123450.0,2.0,0.9471730307692308,0.9647820252884615,0.9647820252884615,0.9647820252884615,0.0,0.0,0.05685821,0.0143478616875,0.15712664250000002,-2.30097745,0.02199689692210625,-9.507077624999999,16.007281346153846,24.89590298076923,101132.89865384615,-0.9896631536363636,-0.029088915886363635,0.1186774640909091,-0.07505640090909091,42.3467103,-1.53857444,-15.0005431,2.6990076,0.3591560785,0.0088555121,0.37491671849999997,-0.057589979199999995,0.39531458649999995,4786.406860351709,5735.068749999955,4764.948486327381,5738.281054688102,"1,1,60",1
1443,89998000,94.60800000000103,-0.0131654976875,-0.053499054187500006,0.006786721175,0.31319959,1286.27,1350.73,1263.0,1350.46,123450.0,2.0,0.9470226052884616,0.9646817315384616,0.9646817315384616,0.9646817315384616,0.0,0.0,0.04653873875,0.0135822815,0.1568601925,-2.36996055,0.003292195275,-9.654020749999999,16.008996826923077,24.89590778846154,101132.86153846154,-0.98936355,-0.029822106375,0.11835343749999999,-0.0791061225,42.4808793,-1.5201976400000001,-14.999806099999999,2.6973896,0.3807787335,0.0084042751,0.37338665,-0.0595156014,0.3963524055,4775.420556640361,5739.531738281232,4773.09333496104,5733.30170898446,"1,1,60",1
1444,90048000,94.65800000000102,-0.013253440153846153,-0.05378858186538462,0.006641821494230769,0.3132863080769231,1286.46,1351.0,1263.0,1350.77,123450.0,2.0,0.9468723889423077,0.9645815776923077,0.9645815776923077,0.9645815776923077,0.0,0.0,0.046871515625,0.01934102275,0.15845814875,-2.3136970249999997,-0.021098735375,-9.626187999999999,15.98768875,24.895913115384616,101133.10942307692,-0.98905295625,-0.0304375585625,0.117993315625,-0.083198590625,42.614630049999995,-1.5003377500000001,-14.998830049999999,2.69503107,0.4022529045,0.00693358925,0.37317144950000003,-0.0647299463,0.397720828,4776.325488281307,5735.987841796603,4762.19206542943,5746.269653320628,"1,1,60",1
1445,90098000,94.70800000000102,-0.0131593791875,-0.0532607944375,0.00689914831875,0.313317849375,1287.46,1351.0,1263.0,1350.27,123450.0,2.0,0.9467255958333334,0.964483125462963,0.964483125462963,0.964483125462963,0.0,0.0,0.03948145475,0.010985410375,0.1546297925,-2.354248375,0.04174906025,-9.567978125,15.97414548076923,24.895917923076922,101133.2825,-0.9887199770833334,-0.031076639625,0.11768747066666665,-0.08725523239583333,42.74820155,-1.4798422500000001,-14.99775155,2.69235517,0.4236634395,0.005025996750000001,0.3722899645,-0.065353994,0.3968273315,4772.86904296872,5742.475219726403,4771.1067138670915,5728.734082031533,"1,1,60",1
1446,90148000,94.75800000000103,-0.014754776326923076,-0.05350266009615384,0.006941643896153846,0.3136598948076923,1288.0,1350.7604166666667,1263.71875,1350.4791666666667,123450.0,2.0,0.9465795541666667,0.9643850467592593,0.9643850467592593,0.9643850467592593,0.0,0.0,0.052497682375,0.0070241625625,0.1610546425,-2.3708584249999998,0.028132042875,-9.546730875,16.007823076923078,24.89592176923077,101132.86326923077,-0.98835878125,-0.03170180779166666,0.11750330216666667,-0.0912757396875,42.881107,-1.458130255,-14.99669965,2.68888736,0.44524750799999996,0.005277053575,0.3718008355,-0.06746137499999999,0.3986348785,4779.915380859469,5733.1513183590905,4761.712133788821,5750.006518555355,"1,1,60",1
1447,90198000,94.80800000000103,-0.014982005181818182,-0.05317264097727273,0.006282984179545454,0.3141450640909091,1288.0,1350.2395833333333,1265.28125,1351.5208333333333,123450.0,2.0,0.9464294245192308,0.964285205,0.964285205,0.964285205,0.0,0.0,0.03701804375,-0.0018309120749999998,0.16088821625,-2.3056164125,-0.026784969875000002,-9.496751375,16.024977884615385,24.89592521153846,101132.6425,-0.9879588375,-0.032281926125,0.11745128275,-0.0953707175,43.013727,-1.435896905,-14.99565915,2.68508016,0.46690594799999996,0.0064532458249999996,0.369740127,-0.0679961342,0.39728079650000003,4779.243090820287,5731.893676757552,4782.635937500457,5745.602490234392,"1,1,60",1
1448,90248000,94.85800000000103,-0.014157679392857144,-0.052860863392857144,0.006439225696428571,0.3143290075,1288.0,1350.7788461538462,1265.7403846153845,1351.4807692307693,123450.0,2.0,0.9462771889423077,0.9641844549999999,0.9641844549999999,0.9641844549999999,0.0,0.0,0.024567686124999998,-0.0009987180125,0.15712651625000001,-2.3174379875,0.05252297125,-9.49211375,16.010802596153848,24.89592846153846,101132.82961538462,-0.9875373636363637,-0.03254215890909091,0.11755866059090908,-0.09943990613636364,43.1461276875,-1.41200980625,-14.9948535625,2.68174165625,0.48819387999999997,0.00595624521875,0.3702275285,-0.07171636529999999,0.3956737125,4778.7452148437815,5730.393994140786,4781.2197998042575,5746.333227539056,"1,1,60",1
1449,90298000,94.90800000000102,-0.013604488625,-0.053182375062499995,0.00725955309375,0.31439125625,1288.0,1352.2211538461538,1265.2596153846155,1350.5192307692307,123450.0,2.0,0.9461286263888888,0.9640857242592592,0.9640857242592592,0.9640857242592592,0.0,0.0,0.018375693999999998,-0.0009984646918125,0.156261005,-2.3148937,-0.009277365475,-9.579799625,15.992835192307693,24.89593230769231,101133.05923076923,-0.9871240155769231,-0.032619985134615385,0.11757897269230769,-0.10340734192307693,43.27843438392857,-1.3874139580357143,-14.994148651785714,2.6786040223214287,0.5093230228571428,0.004742161959821429,0.3706888965,-0.0733824651,0.396593766,4775.228906249798,5745.450732421902,4796.6630615235335,5721.387475585951,"1,1,60",1
1450,90348000,94.95800000000102,-0.014117514846153846,-0.05340670617307692,0.007646749701923077,0.31458266346153846,1288.23,1352.77,1264.77,1350.23,123450.0,2.0,0.9459827236111111,0.9639884557407408,0.9639884557407408,0.9639884557407408,0.0,0.0,0.058323253,0.021971127,0.158191755,-2.3056165,0.011971177150000002,-9.5528665,15.99599528846154,24.89593557692308,101133.02288461538,-0.98671005375,-0.03302854533333333,0.11737834875,-0.10738241999999999,43.410639204545454,-1.3617431715909092,-14.99332446590909,2.675237181818182,0.5307897034090909,0.003108819566818182,0.3682212957142857,-0.07631578,0.3981989633333334,4780.028217516572,5745.1670435854285,4771.070646586465,5744.658794203053,"1,1,60",1
1451,90398000,95.00800000000103,-0.0154923583125,-0.0536807720625,0.007723906062500001,0.31471384874999997,1288.73,1352.27,1264.27,1350.73,123450.0,2.0,0.9458335330769231,0.9638890021153846,0.9638890021153846,0.9638890021153846,0.0,0.0,0.059189081000000004,0.010519468950000001,0.15206640249999998,-2.343026075,0.06673855050000001,-9.6459405,16.0322915,24.8959375,101132.58175,-0.9862861763461538,-0.03394143021153846,0.116953015,-0.1113787191153846,43.54272443181818,-1.3348105011363636,-14.992360261363636,2.6716012727272727,0.5526526238636363,0.0009833034077272726,0.3684834275,-0.07776813875,0.3982937125,4785.080639648409,5743.856005859438,4765.755395508287,5742.218359374457,"1,1,60",1
1452,90448000,95.05800000000103,-0.015212384538461538,-0.05323625888461539,0.007325259576923077,0.3148857007692308,1289.2395833333333,1352.4791666666667,1264.2395833333333,1351.0,123450.0,2.0,0.9456798023076922,0.9637865309615384,0.9637865309615384,0.9637865309615384,0.0,0.0,0.0514657185,0.0059922845,0.156194375,-2.331952375,0.079607383,-9.58339075,16.051162326923077,24.89593921153846,101132.35875,-0.9858217822916666,-0.034771567041666666,0.116727442,-0.11540114658333334,43.674805299999996,-1.306327695,-14.99153445,2.6672728599999997,0.574718215,0.000315829729,0.3682139475,-0.07759468,0.39896555,4787.720678711097,5737.288110351286,4771.026098632746,5743.588183594126,"1,1,60",1
1453,90498000,95.10800000000103,-0.014564169954545455,-0.053116300681818183,0.00736642375,0.31521409045454546,1289.7604166666667,1353.5208333333333,1264.7604166666667,1351.0,123450.0,2.0,0.9455277272222222,0.9636851597222222,0.9636851597222222,0.9636851597222222,0.0,0.0,0.035353444,-0.000332931005,0.1553954775,-2.31818605,0.0436943535,-9.536106499999999,15.982000576923076,24.89594,101133.16942307692,-0.9853360337499999,-0.035321261125,0.116646975,-0.1193905475,43.8068843,-1.277180545,-14.99076795,2.6626476599999997,0.596870665,0.000273231399,0.3662385625,-0.082145987,0.3994097975,4785.485156249984,5744.048803711642,4779.381347656679,5735.7109374993215,"1,1,60",1
1454,90548000,95.15800000000104,-0.014327458232142858,-0.053299872589285716,0.006976209821428572,0.315326125,1290.0,1353.7403846153845,1265.2596153846155,1351.2596153846155,123450.0,2.0,0.9453788661111111,0.9635859236111112,0.9635859236111112,0.9635859236111112,0.0,0.0,0.03795023975,0.011252049,0.15879094,-2.326266075,-0.011671563750000002,-9.659407,16.001502884615384,24.895940403846154,101132.92711538462,-0.9848478513636363,-0.03570367731818182,0.11652363613636364,-0.12336647022727273,43.9386609,-1.246497735,-14.9900004,2.6579348549999997,0.619368691,-9.020064000000001e-05,0.3665835,-0.0829171095,0.3997499825,4781.0097167968825,5744.579370116883,4775.654272460592,5739.934008789529,"1,1,60",1
1455,90598000,95.20800000000104,-0.014823525218750001,-0.0531539531875,0.0066456949375,0.315486364375,1290.0,1353.2596153846155,1265.7403846153845,1351.7403846153845,123450.0,2.0,0.9452332407692308,0.9634888441346154,0.9634888441346154,0.9634888441346154,0.0,0.0,0.04946839,0.0019308840000000001,0.1573927725,-2.364573675,0.0170588565,-9.52293775,15.985251057692308,24.895943,101133.13384615384,-0.9843396125,-0.036188317625,0.11630290725,-0.12741520750000002,44.0703079,-1.215156785,-14.989232399999999,2.653184505,0.6420148210000001,-0.00059113284,0.36461129999999997,-0.086411505,0.40020096000000005,4783.36198730455,5736.937573242478,4774.973193360161,5747.311157225791,"1,1,60",1
1456,90648000,95.25800000000103,-0.013903546278846154,-0.052497104653846154,0.007182525625,0.31587134423076924,1290.23,1353.23,1266.23,1352.0,123450.0,2.0,0.9451023561538462,0.9634015893269231,0.9634015893269231,0.9634015893269231,0.0,0.0,0.032723442,0.0031626441750000006,0.15266577374999998,-2.302473875,0.004638933250000001,-9.5179994375,16.059198153846154,24.895943,101132.25769230768,-0.9838089511363636,-0.03665958211363636,0.11619463054545455,-0.13142360977272727,44.20156123076923,-1.182708110576923,-14.987939884615384,2.6487928807692307,0.6628982398076924,-0.000508042103125,0.36512695500000003,-0.0868695415,0.3992191875,4786.974121093955,5748.496923828397,4781.616015624838,5735.850659179668,"1,1,60",1
1457,90698000,95.30800000000103,-0.0137991168125,-0.05258199625,0.00722665159375,0.316249235625,1290.73,1353.73,1266.73,1352.0,123450.0,2.0,0.9449676937962963,0.9633118150925926,0.9633118150925926,0.9633118150925926,0.0,0.0,0.0428768875,0.008055893,0.1617204675,-2.319083825,-0.0194527245,-9.5938675,16.018747980769234,24.89594294230769,101132.71798076923,-0.9832678913461539,-0.03709024788461539,0.11608712865384616,-0.135381905,44.332645846153845,-1.1497846971153847,-14.986422576923077,2.644554996153846,0.6830262109615385,-0.00017465582187500004,0.362121895,-0.0882937035,0.39895662291666667,4792.278911389654,5743.3349095398025,4776.720291941072,5750.389571340318,"1,1,60",1
1458,90748000,95.35800000000103,-0.013553454442307692,-0.05295131076923077,0.007101381111538461,0.31648648903846155,1291.0,1354.0,1267.0,1352.0,123450.0,2.0,0.9447990317592593,0.9631993660185185,0.9631993660185185,0.9631993660185185,0.0,0.0,0.03348933125,0.004727229225000001,0.1595233625,-2.340332075,0.04249725225,-9.605836499999999,15.98714701923077,24.895940057692307,101133.11701923078,-0.9827117057692308,-0.03754297013461538,0.1159173825,-0.13938203634615384,44.463225270833334,-1.1158352979166666,-14.985251510416667,2.6392233083333334,0.7037208864583333,-0.002098855721614584,0.3625447005,-0.092685693,0.399263707,4783.87453613275,5749.964916992131,4788.898388671779,5744.083422851748,"1,1,60",1
1459,90798000,95.40800000000104,-0.01396094325,-0.053030323,0.00719537915,0.316488093125,1291.0,1354.0,1267.0,1352.0,123450.0,2.0,0.9446303697222223,0.9630869169444445,0.9630869169444445,0.9630869169444445,0.0,0.0,0.046405407999999995,0.0049268855,0.1518002675,-2.4025819000000004,0.02094943345,-9.6444425,16.026332211538463,24.895939057692306,101132.63028846154,-0.982139975,-0.03798512959615384,0.11572409746153846,-0.14339576019230768,44.5934950625,-1.08125706875,-14.98429265625,2.633221225,0.724762896875,-0.005406737474218751,0.3597258655,-0.09446779250000001,0.4024859975,4789.054980468728,5745.290454102245,4776.1605712889395,5747.244995116728,"1,1,60",1
1460,90848000,95.45800000000104,-0.013400145923076923,-0.0527303545,0.007231039115384616,0.31654416230769233,1290.77,1353.77,1267.23,1352.23,123450.0,2.0,0.9444773293269231,0.9629848729807693,0.9629848729807693,0.9629848729807693,0.0,0.0,0.0394812385,0.00399459305,0.15965657249999998,-2.3424271,0.017058855,-9.56334,16.06696292307692,24.89593719230769,101132.13903846154,-0.9815476113636363,-0.038500277568181814,0.11557707422727273,-0.14738037863636363,44.723681,-1.045374389,-14.984109125,2.62801573,0.7450414275,-0.00771906575,0.3604275945,-0.0972941625,0.401536344,4782.411230468643,5747.604980468533,4784.232080078116,5740.740893554836,"1,1,60",1
1461,90898000,95.50800000000103,-0.0134746565,-0.052449589,0.00671182924375,0.31649825625,1290.27,1353.27,1267.73,1352.73,123450.0,2.0,0.9443252860576924,0.962883493173077,0.962883493173077,0.962883493173077,0.0,0.0,0.0476704395,0.002730002575,0.1604555025,-2.2568344750000002,-0.0410005375,-9.647136,16.026332346153847,24.89593526923077,101132.63519230769,-0.980919735,-0.039072015625,0.11547311375,-0.15142892,44.853831,-1.008932659,-14.984257875,2.62315163,0.7649927525,-0.00960472825,0.3601674465,-0.0951485465,0.4026272715,4785.3726318362205,5736.392211913954,4776.871630859011,5746.092651367011,"1,1,60",1
1462,90948000,95.55800000000104,-0.013735618855769231,-0.052600102403846154,0.0066360096,0.31644866807692307,1290.23,1353.23,1267.54,1353.0,123450.0,2.0,0.9441746314285715,0.9627830542857143,0.9627830542857143,0.9627830542857143,0.0,0.0,0.04231087625,0.0040945612874999995,0.15246602125,-2.3545478625,-0.051026256875,-9.5349084375,16.01938,24.895931692307695,101132.73653846154,-0.9802824304545454,-0.039738142727272725,0.1153299509090909,-0.15544580977272726,44.983977634615385,-0.9702814592307692,-14.984664110576922,2.6172161355769235,0.7856907197115385,-0.010986441567307692,0.358630841,-0.09875098945,0.401061493,4783.443847656198,5744.891772461138,4780.871606445214,5725.968188476403,"1,1,60",1
1463,90998000,95.60800000000104,-0.01441138253125,-0.0531860396875,0.0071236106625,0.31641500625,1290.73,1353.73,1266.54,1353.0,123450.0,2.0,0.9440242028571428,0.9626827685714285,0.9626827685714285,0.9626827685714285,0.0,0.0,0.056592351,0.01804289475,0.15919042500000002,-2.347514875,-0.040701266,-9.478345875,16.026643962264153,24.89592790566038,101132.65490566038,-0.9796504969230769,-0.04044229026923077,0.11501085036538461,-0.1594281469230769,45.11412282692308,-0.9306833438461538,-14.985180697115384,2.6108214721153846,0.8067086764423077,-0.012152176663461538,0.3557323215,-0.1027050665,0.403153242,4783.543071546185,5737.765136718569,4760.596833881145,5747.644762541489,"1,1,60",1
1464,91048000,95.65800000000104,-0.014063321632653062,-0.05263228795918367,0.00744747712244898,0.31636911102040816,1291.23,1354.0,1265.54,1353.23,123450.0,2.0,0.9438746327102804,0.9625830693457944,0.9625830693457944,0.9625830693457944,0.0,0.0,0.03944840575,0.0061913974375,0.15882422625,-2.2908022999999997,-0.02917917006281875,-9.578603375,16.02877,24.89592476470588,101132.63745098039,-0.9789987792857142,-0.041155314107142855,0.11468223401785714,-0.16343484357142857,45.24435222,-0.8895088074,-14.98571304,2.604847115,0.8280498784,-0.01361422644,0.356285926,-0.102527132,0.4047190195,4776.885107421762,5738.135546874861,4775.080541992517,5733.120581054271,"1,1,60",1
1465,91098000,95.70800000000104,-0.015534589058823529,-0.052974122,0.00773820225882353,0.3163005529411765,1291.73,1354.0,1264.54,1353.73,123450.0,2.0,0.9437253336448598,0.9624835553271028,0.9624835553271028,0.9624835553271028,0.0,0.0,0.0443683516,0.0094807914,0.160801654,-2.3276428,0.024660444,-9.509053,15.994647410714286,24.895921357142857,101133.05625000001,-0.9783235184090909,-0.041674893977272726,0.11450601022727273,-0.1674279065909091,45.37463322,-0.8473680774000001,-14.98625504,2.5991303649999997,0.8495891984,-0.01525788844,0.3567312733333333,-0.1048374519047619,0.4041661,4777.0491879112,5730.70461554276,4767.533434415872,5737.359966077573,"1,1,60",1
1466,91148000,95.75800000000103,-0.01547559923076923,-0.05356604767307692,0.007938559342307692,0.3164408828846154,1292.0,1353.77,1264.23,1354.23,123450.0,2.0,0.9435880894230769,0.9623920742307692,0.9623920742307692,0.9623920742307692,0.0,0.0,0.033822308,0.012583462,0.15626097,-2.378340325,-0.02843098875,-9.460987249999999,15.96592923076923,24.895917615384615,101133.37134615384,-0.9776499093750001,-0.0421101146875,0.11422629437500001,-0.171395001875,45.503729916666664,-0.8037973114583333,-14.9867729375,2.5918213322916666,0.8713234714583333,-0.015335419447916667,0.3549534145,-0.107317252,0.4038567155,4767.591113281076,5739.03056640637,4769.181787109606,5727.528369140256,"1,1,60",1
1467,91198000,95.80800000000104,-0.015453156312499999,-0.0533531378125,0.0074502410875,0.31664510125,1292.0,1353.27,1264.73,1354.73,123450.0,2.0,0.9434582336538462,0.9623055165384615,0.9623055165384615,0.9623055165384615,0.0,0.0,0.0489356305,0.0018641467500000002,0.15985626,-2.304120125,0.01825595525,-9.5396985,15.979291923076923,24.89591376923077,101133.2225,-0.9769499332692309,-0.042555467961538467,0.11398829403846153,-0.17538562423076925,45.63210075,-0.7593500718749999,-14.9872760625,2.5835363843750003,0.893177231875,-0.01445306371875,0.3551396925,-0.10896117649999999,0.40504397000000003,4773.519165039167,5728.750561523356,4761.75751953106,5745.229663086424,"1,1,60",1
1468,91248000,95.85800000000104,-0.01568468544897959,-0.05288052281632653,0.007187947363265307,0.31681421510204083,1292.0,1353.0,1265.46,1355.0,123450.0,2.0,0.943307985,0.9622053575,0.9622053575,0.9622053575,0.0,0.0,0.03042663275,0.0062917967875,0.15326494375,-2.3558946,0.01915378275,-9.5708216875,16.041349056603774,24.89590996226415,101132.50490566037,-0.9762166693877551,-0.04301089248979592,0.11386658257142857,-0.17939355632653062,45.75975175,-0.713199935,-14.9874319,2.574895975,0.9147251515,-0.013132968225,0.35267636100000005,-0.1111047715,0.4047208,4771.08894042951,5734.3307861332005,4766.764160156304,5739.231372069964,"1,1,60",1
1469,91298000,95.90800000000104,-0.014923576411764707,-0.05251649717647059,0.00698535985882353,0.3170726682352941,1292.0,1353.0,1266.46,1355.0,123450.0,2.0,0.9431403646296296,0.9620936121296296,0.9620936121296296,0.9620936121296296,0.0,0.0,0.021038847,-0.006391547,0.15366443,-2.3582892,-0.025138956,-9.447519,16.056387647058823,24.89590658823529,101132.31647058824,-0.9754720843137255,-0.04317057152941177,0.11394027360784313,-0.18331471843137254,45.88709425,-0.6663199849999999,-14.9874389,2.566103225,0.9361419965,-0.011625269975000001,0.3531343756521739,-0.11399905695652174,0.40440106956521743,4774.083162006612,5731.721140008393,4772.302168996486,5736.609169408251,"1,1,60",1
1470,91348000,95.95800000000105,-0.014380785990384615,-0.052155823788461536,0.006958486357692308,0.3172516675,1292.23,1353.0,1266.31,1355.23,123450.0,2.0,0.9429875259615385,0.9619917139423076,0.9619917139423076,0.9619917139423076,0.0,0.0,0.0156794909375,-0.00812253475,0.151067815,-2.4073698625,0.028132042249999996,-9.512612625000001,16.003308653846155,24.895904115384614,101132.94048076923,-0.9747060268750001,-0.043222852812500004,0.114144804375,-0.18721000479166666,46.01418685,-0.618368944,-14.987516600000001,2.55882783,0.9582815425,-0.011793116575,0.351539777,-0.1158653301,0.40285671,4773.5098388670085,5742.77102050836,4788.826464844607,5713.589428709432,"1,1,60",1
1471,91398000,96.00800000000105,-0.014898077874999999,-0.05243822375,0.007369833531250001,0.31718975187500004,1292.73,1353.0,1264.81,1355.73,123450.0,2.0,0.9428588048076924,0.9619058822115384,0.9619058822115384,0.9619058822115384,0.0,0.0,0.051998370749999995,0.00619197475,0.1563275325,-2.3086090749999997,0.0700305635,-9.52563125,16.02831855769231,24.895901384615385,101132.62807692308,-0.9739322413461539,-0.04355508346153846,0.11411842721153846,-0.19113166538461537,46.14117235,-0.569958864,-14.9876246,2.55220273,0.9807308175,-0.012679053825,0.34919274,-0.1187638237,0.404675499,4777.529956054776,5731.232836913682,4772.51533203059,5726.223388672564,"1,1,60",1
1472,91448000,96.05800000000104,-0.015919011903846154,-0.05368521221153846,0.007617977278846154,0.31740107211538465,1292.77,1353.46,1264.46,1355.77,123450.0,2.0,0.9427170149038462,0.9618113432692308,0.9618113432692308,0.9618113432692308,0.0,0.0,0.055826601125,0.01840896375,0.1547629525,-2.328959925,0.0026936426249999992,-9.4958545,16.074726826923076,24.89589753846154,101132.05711538462,-0.9731579884615384,-0.04427997690384615,0.11366956201923077,-0.19513518461538462,46.26736195,-0.519928977,-14.987782300000001,2.5443438449999998,1.002082265,-0.0126327148,0.34851894149999996,-0.11862089505,0.405605215,4779.025170898462,5730.7154296878925,4758.717626953407,5744.667187499628,"1,1,60",1
1473,91498000,96.10800000000104,-0.0144223919375,-0.053555809125,0.007621079449999999,0.31763662875,1292.27,1354.46,1265.46,1355.27,123450.0,2.0,0.9425447312499999,0.9616964875,0.9616964875,0.9616964875,0.0,0.0,0.029076855636363634,0.009999079927272727,0.1547054509090909,-2.3465355999999997,-0.025465431636363636,-9.544267818181817,16.010260865384616,24.895894346153845,101132.83653846155,-0.9723870770833334,-0.044802405645833335,0.11320860625,-0.19908965791666666,46.39321045,-0.469204887,-14.9879613,2.535956195,1.0229632149999999,-0.012186828799999999,0.3472125,-0.121304266,0.4070243,4772.179248046883,5743.367651367049,4768.137670898255,5732.088232422064,"1,1,60",1
1474,91548000,96.15800000000104,-0.014331943125,-0.05277365029166667,0.007676290802083333,0.3179081020833333,1292.46,1355.0,1266.0,1355.23,123450.0,2.0,0.9423782106481481,0.9615854805555556,0.9615854805555556,0.9615854805555556,0.0,0.0,0.0369514695,0.005392732125,0.15346466250000002,-2.381333075,0.0565631925,-9.597457125,15.98182,24.895892423076923,101133.18961538462,-0.9715825166666667,-0.0451227255625,0.11301529375,-0.203015690625,46.51820075,-0.4172224035,-14.9874816,2.527277835,1.042662425,-0.0111012324,0.346764796,-0.123729561,0.406503195,4773.331518554734,5741.576074219111,4770.081127930014,5733.805615233868,"1,1,60",1
1475,91598000,96.20800000000105,-0.014825230384615385,-0.05268063723076923,0.0077472667596153845,0.31823851153846155,1293.46,1355.0,1266.0,1355.73,123450.0,2.0,0.9422321226851852,0.9614881194444445,0.9614881194444445,0.9614881194444445,0.0,0.0,0.039880763750000006,0.007190534199999999,0.15612784999999998,-2.3520043250000002,-0.030825185749999998,-9.525930375,15.986515,24.895889999999998,101133.119,-0.9707420557692308,-0.045630175057692304,0.11288512865384615,-0.20695502153846154,46.64282325,-0.3647006085,-14.986719599999999,2.518474885,1.0618551749999998,-0.009741474399999998,0.344038226,-0.12493426249999999,0.406277766,4776.320898437871,5742.3973388669765,4772.59011230434,5734.364794922245,"1,1,60",1
1476,91648000,96.25800000000105,-0.01535869591346154,-0.052948179211538465,0.007408609411538461,0.3186734119230769,1294.23,1355.23,1266.46,1356.0,123450.0,2.0,0.9420856932692308,0.9613905264423077,0.9613905264423077,0.9613905264423077,0.0,0.0,0.04497411975,0.0033621993249999997,0.16148743375,-2.3416788250000002,-0.011372294499999998,-9.451263124999999,16.01053173076923,24.895886576923075,101132.85834615384,-0.9698699576923077,-0.04627515434615385,0.11276320653846153,-0.21092908038461539,46.766576,-0.3106523725,-14.98590965,2.5089348,1.0818609049999999,-0.007943351304999999,0.34353770666666666,-0.12871349333333332,0.40737065333333333,4784.951869419657,5731.600376673759,4768.313430059864,5749.991838727998,"1,1,60",1
1477,91698000,96.30800000000104,-0.014778858718750001,-0.052552855625000006,0.007639951812499999,0.31922552,1294.73,1355.73,1267.46,1356.0,123450.0,2.0,0.941933914423077,0.9612893004807692,0.9612893004807692,0.9612893004807692,0.0,0.0,0.026332027625,-0.0020307233,0.15835822625,-2.29065235,-0.037259602375,-9.503335,16.04511203846154,24.89588448076923,101132.42288461539,-0.9689743760416667,-0.04686185735416667,0.11270748229166666,-0.21490981958333333,46.889956,-0.2559499475,-14.98507915,2.4990788,1.102215055,-0.005957357454999999,0.34361133,-0.1301686995,0.4071336855,4781.503247070221,5746.919726562121,4786.497460937598,5736.489184570871,"1,1,60",1
1478,91748000,96.35800000000106,-0.014709220642857143,-0.05238408375510204,0.007571269963265306,0.3195439542857143,1295.23,1356.23,1268.0,1356.23,123450.0,2.0,0.941782135576923,0.9611880745192308,0.9611880745192308,0.9611880745192308,0.0,0.0,0.050933014250000005,-0.00272974875,0.150601745,-2.307711025,-0.010773742,-9.60883125,16.03284403773585,24.895881471698114,101132.5879245283,-0.9680795318367347,-0.04734417489795918,0.11263203346938776,-0.21883971367346938,47.012683949999996,-0.1999167455,-14.98411495,2.4896198750000003,1.12386312,-0.00469518709,0.3410870545,-0.1323920815,0.40840441299999997,4797.741064453626,5739.564819335855,4772.037329101305,5747.041064453152,"1,1,60",1
1479,91798000,96.40800000000105,-0.01493868155882353,-0.05255229482352941,0.007576595917647059,0.31991702588235293,1295.73,1356.73,1268.0,1356.73,123450.0,2.0,0.941631374423077,0.9610875552884616,0.9610875552884616,0.9610875552884616,0.0,0.0,0.035153776,0.013582291,0.16032231,-2.3151932,0.02274509,-9.665392,16.026560588235295,24.89587768627451,101132.66666666667,-0.967183165490196,-0.0478432731372549,0.11244136980392157,-0.2227570045098039,47.13513245,-0.1433132105,-14.98309345,2.480331125,1.14606572,-0.00374322679,0.341658146,-0.131875752,0.40683649,4788.5981188324895,5750.566020764768,4787.155967310719,5746.6427323191265,"1,1,60",1
1480,91848000,96.45800000000105,-0.015115635384615385,-0.05281369034615385,0.007880161211538462,0.32036325403846155,1296.23,1357.23,1268.23,1356.77,123450.0,2.0,0.9414806340384616,0.9609870504807692,0.9609870504807692,0.9609870504807692,0.0,0.0,0.036751556375,0.0100534094375,0.15486285875,-2.3154923624999997,-0.017357794250000003,-9.5229378125,16.004121307692305,24.895873653846152,101132.93788461538,-0.9662888604166666,-0.04815138872916667,0.11217965979166668,-0.22667051708333333,47.2566181,-0.08513135294999999,-14.9821556,2.470512055,1.16710275,-0.0047251934150000004,0.34002614,-0.1337109445,0.40925534799999996,4796.556958007985,5746.668701171707,4776.297485351345,5758.248339843935,"1,1,60",1
1481,91898000,96.50800000000105,-0.014190954375,-0.05243176975,0.0080322788125,0.32053461125,1296.73,1357.73,1268.73,1356.27,123450.0,2.0,0.9413296253846154,0.96088638125,0.96088638125,0.96088638125,0.0,0.0,0.015246497500000001,0.00046589973499999997,0.158591265,-2.3965964,0.0005987184999999996,-9.602845,16.06145542307692,24.895867903846153,101132.25165384615,-0.96537345,-0.048394470625,0.11201651375,-0.23056419875,47.3776911,-0.02627307144999999,-14.9812536,2.460465705,1.18764025,-0.006535985865,0.3378580635,-0.136885067,0.407760565,4789.907421875062,5758.075048828254,4796.6265869140525,5743.407714843629,"1,1,60",1
1482,91948000,96.55800000000104,-0.014823583596153846,-0.052238162134615386,0.00808323373076923,0.3205578119230769,1296.77,1358.0,1269.0,1356.46,123450.0,2.0,0.9411785869230769,0.96078569375,0.96078569375,0.96078569375,0.0,0.0,0.037616962500000004,0.0048602970750000005,0.15286550499999998,-2.3050180250000003,0.0721254985,-9.50138975,16.05242657692308,24.895863096153846,101132.33434615385,-0.9644402738636364,-0.04863468761363636,0.11194148363636364,-0.23442716181818182,47.49805745,0.03404715585,-14.9809578,2.451035845,1.208421035,-0.00793853359,0.33835602400000003,-0.13902054849999998,0.4082101045,4796.039941406539,5751.061425780917,4778.967065429213,5745.856518554721,"1,1,60",1
1483,91998000,96.60800000000106,-0.01501791484375,-0.05252068025,0.0077973705,0.320693493125,1296.27,1358.0,1269.0,1357.46,123450.0,2.0,0.9410306967592592,0.9606870999074074,0.9606870999074074,0.9606870999074074,0.0,0.0,0.0420112195,0.009986688,0.15819182250000002,-2.372354825,-0.0215476475,-9.47415575,16.016851980769232,24.895855461538464,101132.75438461539,-0.96349061875,-0.04911949125,0.11169145750000001,-0.23831361875,47.61812095,0.09499393135,-14.9809218,2.441870195,1.2293060850000002,-0.00916611929,0.336069162173913,-0.14161211478260868,0.40998366956521737,4793.560498046571,5752.284570312723,4788.319970703173,5745.915063476602,"1,1,60",1
1484,92048000,96.65800000000105,-0.016154858490384616,-0.053093496384615385,0.007577232596153846,0.32084507653846156,1296.23,1357.77,1269.46,1358.0,123450.0,2.0,0.9408834976851852,0.9605889656481481,0.9605889656481481,0.9605889656481481,0.0,0.0,0.042277850625,0.016678102,0.1584247375,-2.3205801999999998,0.013617189125000005,-9.460839875,15.980736538461537,24.89584776923077,101133.22288461539,-0.962519265625,-0.049580121562499996,0.11136787000000001,-0.2422651,47.737331499999996,0.1573121661,-14.98130895,2.431517205,1.249441575,-0.0095926035,0.3332131375,-0.143123345,0.40907979,4788.703198242308,5753.7114501951755,4777.682543945165,5766.539575195769,"1,1,60",1
1485,92098000,96.70800000000105,-0.0162972120625,-0.052370665375,0.0073290904375,0.32105124375,1296.73,1357.27,1270.46,1358.0,123450.0,2.0,0.940733704326923,0.960489105,0.960489105,0.960489105,0.0,0.0,0.0294278605,-0.003395684725,0.157992055,-2.31549255,0.005087843500000001,-9.519646,16.02181778846154,24.895839211538462,101132.6901923077,-0.9615141884615385,-0.04999019328846154,0.111185715,-0.24622245634615383,47.8561765,0.22021816910000003,-14.98187745,2.420655355,1.269255825,-0.009675758500000001,0.3324152825,-0.14461179500000002,0.40955160999999995,4790.677709960979,5747.198364257755,4793.305126953397,5752.994653320078,"1,1,60",1
1486,92148000,96.75800000000106,-0.01587304346153846,-0.05226916111538461,0.007124667115384615,0.32103942192307694,1296.77,1357.23,1270.77,1357.77,123450.0,2.0,0.9405825745192308,0.960388355,0.960388355,0.960388355,0.0,0.0,0.022836669375,0.00029949766249999987,0.1593901825,-2.3294090375,0.0131682779375,-9.549424,16.040416384615384,24.895831384615384,101132.50076923077,-0.9604889931818181,-0.050256996636363634,0.11126474284090909,-0.25010513886363633,47.97454095,0.284510401,-14.98280085,2.41054793,1.2893928099999998,-0.0111408927,0.33320774750000004,-0.14746567,0.4089625825,4792.9375732421295,5743.192529296811,4789.484448241975,5751.765429687552,"1,1,60",1
1487,92198000,96.80800000000106,-0.015571508375,-0.0526676201875,0.007171150375,0.320814460625,1296.27,1357.73,1270.27,1357.27,123450.0,2.0,0.9404301201923078,0.9602867182692307,0.9602867182692307,0.9602867182692307,0.0,0.0,0.01837564025,0.010985643750000001,0.1504020475,-2.403479625,0.025737840150000003,-9.5582535,16.03174930769231,24.895821326923077,101132.57461538461,-0.9594735787500001,-0.05036429625,0.111203525,-0.25397470125,48.09269945,0.349396731,-14.983876350000001,2.40076383,1.30966811,-0.0131983037,0.3316249625,-0.147411655,0.4098345875,4779.838305663896,5753.352685547003,4791.5351074217415,5731.306982421767,"1,1,60",1
1488,92248000,96.85800000000106,-0.01588738471153846,-0.05296647080769231,0.007354525703846154,0.32079239153846156,1296.23,1358.0,1270.0,1357.0,123450.0,2.0,0.9402767067307692,0.9601844394230769,0.9601844394230769,0.9601844394230769,0.0,0.0,0.044907398125,0.013549031000000001,0.15729300125,-2.3341973,0.013766828874999998,-9.500343749999999,16.0322905,24.89581225,101132.585,-0.9584596111363637,-0.050607068750000005,0.11092207556818182,-0.2578515109090909,48.21039455,0.41566871450000004,-14.98435265,2.389918215,1.32969491,-0.0135292312,0.330286515,-0.1513042625,0.41283800249999997,4782.8101806642635,5745.359423827803,4772.6458496088335,5749.544042969335,"1,1,60",1
1489,92298000,96.90800000000105,-0.0165423600625,-0.052987933,0.0073954184875,0.320938458125,1296.73,1358.0,1270.0,1357.0,123450.0,2.0,0.9401268577981652,0.9600845522935779,0.9600845522935779,0.9600845522935779,0.0,0.0,0.03428809025,0.017643352,0.15186682,-2.392406125,0.026934937550935,-9.508572749999999,16.05350946153846,24.89580146153846,101132.3451923077,-0.9574127273076923,-0.05111896886538461,0.11051328980769232,-0.26178309365384617,48.32789105,0.4825345495000001,-14.98457215,2.3786176649999997,1.3496152099999998,-0.0131202372,0.32784595499999997,-0.15225728500000002,0.412110505,4779.257690429417,5752.800903320515,4774.062109375412,5744.769018554155,"1,1,60",1
1490,92348000,96.95800000000105,-0.01626580126530612,-0.05236867995918367,0.007420103316326531,0.3209850226530612,1296.7722772277227,1358.2277227722773,1270.0,1356.7722772277227,123450.0,2.0,0.9399805733944955,0.9599870568807339,0.9599870568807339,0.9599870568807339,0.0,0.0,0.033555696125,0.0009986347750000004,0.153597875,-2.2908020249999996,0.018854507375,-9.548525875,16.050103192982455,24.895790631578947,101132.37280701754,-0.956343929387755,-0.05154602653061224,0.11029764163265307,-0.265668743877551,48.444595917431194,0.550680652293578,-14.986049559633027,2.367334197247706,1.3689299926605505,-0.013192942394495413,0.326894285,-0.15479271249999998,0.411686505,4780.385021391404,5744.096981956801,4777.613769531091,5743.851329985153,"1,1,60",1
1491,92398000,97.00800000000106,-0.015773250615384614,-0.052524838307692306,0.007451707346153846,0.32093818692307696,1296.2772277227723,1358.7227722772277,1270.0,1356.2772277227723,123450.0,2.0,0.9398327859813085,0.9598885491588786,0.9598885491588786,0.9598885491588786,0.0,0.0,0.0418116975,0.0021305787749999997,0.15859124,-2.303521525,-0.017058522774999998,-9.50976975,16.05549492307692,24.895780076923078,101132.29384615384,-0.9552339023728814,-0.05196635355932203,0.1102164006779661,-0.2695829788135593,48.56096151376147,0.6193754412844037,-14.988066073394496,2.356058050458716,1.3879852678899083,-0.013472090100917431,0.32576680190476187,-0.15629123238095238,0.4119883966666667,4780.534877231541,5737.793317522691,4771.193568638975,5744.089983257982,"1,1,60",1
1492,92448000,97.05800000000106,-0.015005587156862746,-0.052671389607843136,0.0075079110098039215,0.3208729717647059,1296.0,1358.7777777777778,1269.7777777777778,1356.2222222222222,123450.0,2.0,0.9396818046728972,0.9597878902803738,0.9597878902803738,0.9597878902803738,0.0,0.0,0.02416823,0.00292941745,0.15606125250000003,-2.3247698,-0.004189687000000001,-9.513062,16.037607647058824,24.89576888235294,101132.50462745098,-0.95412930275,-0.052276832,0.11009639225,-0.27346134225,48.676915,0.6893877571428572,-14.990382857142857,2.3443343571428574,1.4071912857142856,-0.013910845285714287,0.3228572666666667,-0.15956130666666665,0.4132249466666667,4773.928002929887,5744.942260742042,4779.002197265558,5733.21611328131,"1,1,60",1
1493,92498000,97.10800000000106,-0.0160459940625,-0.052921546125,0.00731762878125,0.3207075775,1296.0,1358.2727272727273,1269.2727272727273,1356.7272727272727,123450.0,2.0,0.9395350543269231,0.9596900517307693,0.9596900517307693,0.9596900517307693,0.0,0.0,0.045273642999999995,0.011384777,0.1565939325,-2.3606834,0.027832759625,-9.418192999999999,16.00999,24.89575771153846,101132.84273076923,-0.9530000088461539,-0.052726907173076924,0.10987889692307692,-0.27736830307692306,48.79248807692308,0.7606162516483517,-14.992976813186813,2.332197543956044,1.4265364505494504,-0.01449693045054945,0.32286382,-0.161817642,0.4122782705,4771.370312499212,5734.810180664318,4765.615649414057,5740.665332030707,"1,1,60",1
1494,92548000,97.15800000000107,-0.01605123998076923,-0.052923623615384614,0.007841984423076924,0.32056196115384616,1295.77,1358.0,1269.0,1357.0,123450.0,2.0,0.9394075783653846,0.9596050613461539,0.9596050613461539,0.9596050613461539,0.0,0.0,0.04241076075,0.0080893768125,0.15522903375,-2.3593362625,-0.04938025075,-9.380633875,16.024525999999998,24.89574757692308,101132.66423076924,-0.9518539770833334,-0.05331300916666667,0.10956722041666667,-0.28128814520833334,48.9066919,0.833033805,-14.99555015,2.319549145,1.444977555,-0.0139150333,0.32236922949999997,-0.1615867685,0.415064949,4767.818945312562,5732.854589843571,4763.300610351458,5736.119165039361,"1,1,60",1
1495,92598000,97.20800000000106,-0.0161275035625,-0.052795865500000004,0.007974703562500001,0.320540119375,1295.27,1358.0,1269.0,1357.0,123450.0,2.0,0.9392753067307692,0.9595168743269231,0.9595168743269231,0.9595168743269231,0.0,0.0,0.038549669999999994,0.004593835775,0.157659055,-2.343324825,-0.010773742999999999,-9.477747,16.020101711538462,24.895737557692307,101132.71269230769,-0.9506884384615385,-0.053847111403846154,0.10935001903846153,-0.28518477365384615,49.0203089,0.9059609550000001,-14.99811465,2.306681495,1.463031205,-0.012832572300000001,0.3196508152173913,-0.16220050869565217,0.4130918156521739,4769.429785156017,5730.119946289082,4755.858715820437,5740.633251952407,"1,1,60",1
1496,92648000,97.25800000000106,-0.015624336510204081,-0.052940678285714284,0.007591497983673469,0.32042385918367344,1295.2277227722773,1358.0,1269.2277227722773,1356.5445544554455,123450.0,2.0,0.9390998740384615,0.9593999175961538,0.9593999175961538,0.9593999175961538,0.0,0.0,0.0185757565,0.002529723025,0.1553954575,-2.3744495750000003,-0.0230440275,-9.471461375,15.999979905660378,24.895727415094342,101132.96150943397,-0.9495236113207547,-0.054163242811320754,0.1092025,-0.28903644075471696,49.1331286,0.98053174,-15.00045515,2.29388668,1.481398595,-0.010716799545,0.3179337635,-0.1669219935,0.4146989975,4757.650530134036,5736.9758417039175,4760.48563058043,5719.616001673814,"1,1,60",1
1497,92698000,97.30800000000106,-0.015519818153846152,-0.05260315415384615,0.007867801753846155,0.32047365384615384,1295.7227722772277,1358.0,1269.7227722772277,1355.5544554455446,123450.0,2.0,0.938925011111111,0.9592833407407407,0.9592833407407407,0.9592833407407407,0.0,0.0,0.03849486672727273,0.003970481654545455,0.1565696518181818,-2.365906945454545,0.01948026309090909,-9.43718118181818,16.043223235294118,24.89571880392157,101132.44039215687,-0.9483484,-0.054418807363636364,0.10914108545454546,-0.29284712727272727,49.2456066,1.0558069399999999,-15.00269965,2.28112308,1.4999004450000002,-0.008158178895,0.31739188347826086,-0.16801485217391304,0.4146849108695652,4766.9676339284015,5732.095772879575,4755.9842354912835,5730.096819195898,"1,1,60",1
1498,92748000,97.35800000000106,-0.015523594264705884,-0.05285577701960784,0.008081390450980393,0.32046144686274514,1296.0,1357.7777777777778,1270.0,1355.4444444444443,123450.0,2.0,0.9387780666666666,0.9591853777777778,0.9591853777777778,0.9591853777777778,0.0,0.0,0.036019313,-0.000532655135,0.150668335,-2.346018825,0.03232189049999999,-9.358635750000001,16.08917298076923,24.895711692307692,101131.91528846155,-0.9471616774509805,-0.05483120266666667,0.10900827431372549,-0.2966337319607843,49.3570115,1.132166895,-15.0042179,2.268262145,1.518581845,-0.006246782515,0.3154096875,-0.16776765249999998,0.4153980475,4762.0520263674025,5732.7512451173,4754.567456054156,5715.5693359374645,"1,1,60",1
1499,92798000,97.40800000000107,-0.0162464959375,-0.053234323374999996,0.0074783673875000005,0.320586974375,1296.0,1357.2727272727273,1270.0,1356.4545454545455,123450.0,2.0,0.9386311222222222,0.9590874148148149,0.9590874148148149,0.9590874148148149,0.0,0.0,0.040014092125,0.015213101875,0.15699337124999999,-2.3063647375,0.004788566750000001,-9.406070625,16.094500250000003,24.89570425,101131.85875,-0.9459531071153846,-0.055277521442307694,0.10875646307692308,-0.30047437653846154,49.4679565,1.208991745,-15.0054249,2.255359495,1.537340195,-0.004612767965,0.315663945,-0.17073574749999998,0.41480376,4762.218164062571,5723.842700195029,4742.167895508034,5741.6161132812895,"1,1,60",1
1500,92848000,97.45800000000106,-0.015275183755102041,-0.05251548016326531,0.007787043726530612,0.32064548530612247,1296.0,1357.23,1270.23,1357.23,123450.0,2.0,0.9385001226923076,0.9590000625,0.9590000625,0.9590000625,0.0,0.0,0.021971055,-0.00253001185,0.156727045,-2.3684644500000003,0.0523733325,-9.545683375,16.082260464285714,24.895697821428573,101131.99642857144,-0.944723518490566,-0.05562446194339622,0.1085673087735849,-0.30432328547169807,49.57834325,1.28688616,-15.0066928,2.24214328,1.555294,-0.00179837264,0.312670095,-0.17235402500000002,0.41619608750000003,4757.341967773391,5727.530834961051,4761.411376953511,5718.829370116864,"1,1,60",1
1501,92898000,97.50800000000106,-0.015011047882352942,-0.052530484941176465,0.008025322176470588,0.3210201894117647,1296.0,1357.73,1270.73,1357.73,123450.0,2.0,0.9383717188461538,0.9589144374999999,0.9589144374999999,0.9589144374999999,0.0,0.0,0.0310923295,0.00659163505,0.16032233625,-2.3804351500000003,-0.008678818425,-9.375844,16.083937153846154,24.895692423076923,101131.96923076923,-0.9434862364705883,-0.05582473170588235,0.10855288323529412,-0.30810714019607843,49.68849075,1.3652389600000001,-15.0079868,2.22879268,1.572903,0.0015219001599999999,0.3121269815,-0.17338515000000002,0.41522085,4760.091381836011,5728.156860351768,4754.907299804478,5732.355981445717,"1,1,60",1
1502,92948000,97.55800000000107,-0.015034267153846153,-0.05267334765384615,0.007549332346153847,0.32144489173076923,1296.69,1358.23,1270.31,1358.69,123450.0,2.0,0.9382096437499999,0.9588064025,0.9588064025,0.9588064025,0.0,0.0,0.0354865175,0.0085224269,0.16491628,-2.332251875,0.021847255499999996,-9.39903925,16.030666115384616,24.895686653846152,101132.59807692307,-0.9422196281818181,-0.05612111518181818,0.1083686540909091,-0.31197110795454547,49.79780875,1.444848645,-15.0090176,2.2155737500000003,1.590613605,0.004058694355000001,0.31083237950000003,-0.1759089005,0.415477975,4753.392529296785,5731.744116210724,4769.1197509768945,5729.760571289211,"1,1,60",1
1503,92998000,97.60800000000107,-0.01715232525,-0.053101267125,0.0079462065,0.321871145,1298.19,1358.73,1268.81,1360.19,123450.0,2.0,0.9380380716346154,0.9586920467307692,0.9586920467307692,0.9586920467307692,0.0,0.0,0.04540685275,0.0031957938,0.1553954675,-2.3786399,0.03232189,-9.401431500000001,16.061726269230768,24.895680942307692,101132.23865384616,-0.9409289876923077,-0.05659487976923077,0.10815968096153845,-0.31582733749999997,49.90677125,1.524996995,-15.0099356,2.2024112500000004,1.608367755,0.006259712005000001,0.3083082965,-0.176857822,0.4176279705,4769.892187500189,5729.798364257788,4753.422485351126,5738.502612305223,"1,1,60",1
1504,93048000,97.65800000000107,-0.017214534826923075,-0.05308442230769231,0.007911695830769231,0.32209583076923076,1299.0,1359.0,1268.23,1360.77,123450.0,2.0,0.9378805567307692,0.9585870332692308,0.9585870332692308,0.9585870332692308,0.0,0.0,0.02410166025,0.0008652306,0.1593236,-2.403179975,0.0401030515,-9.533711,16.066239730769233,24.895678057692308,101132.17134615385,-0.93963196,-0.057081977270833334,0.10798004666666666,-0.319640670625,50.01527245,1.606013555,-15.0106583,2.189352875,1.6248691849999999,0.006760785395000001,0.30635593099999997,-0.177231587,0.417631801,4762.400292968427,5739.172753906588,4766.045751953623,5727.200830077401,"1,1,60",1
1505,93098000,97.70800000000106,-0.0165426035,-0.052701261875,0.0077783420375,0.32205760875,1299.0,1359.0,1268.73,1360.27,123450.0,2.0,0.9377290663461538,0.9584860236538462,0.9584860236538462,0.9584860236538462,0.0,0.0,0.040346790125000004,0.0029961090000000003,0.1573595675,-2.3732523249999997,-0.04189836425,-9.549873250000001,16.05305853846154,24.89567423076923,101132.32642307691,-0.938314408076923,-0.05746514982692308,0.1078939025,-0.3234476725,50.12357595,1.6874022050000002,-15.011297299999999,2.176339125,1.640833735,0.006533311245,0.306064047,-0.180023762,0.416239669,4765.557153320494,5733.8509033203445,4757.4674072260095,5733.804077148635,"1,1,60",1
1506,93148000,97.75800000000106,-0.01704243826923077,-0.05284573921153846,0.00794868480576923,0.322049185,1299.0,1359.0,1269.0,1360.23,123450.0,2.0,0.9375799811111111,0.9583866331481482,0.9583866331481482,0.9583866331481482,0.0,0.0,0.03888215,0.0031957945249999997,0.1507349375,-2.347514825,0.0266356623,-9.527128,16.052246,24.895672192307693,101132.34865384616,-0.9369804745833333,-0.05797744154166667,0.10770525395833333,-0.32726470291666665,50.2313905,1.769509405,-15.011736449999999,2.1636908100000003,1.6573620649999998,0.007014086700000001,0.30396730099999997,-0.181573883,0.418081647,4758.688574218714,5733.818481445468,4758.24736328128,5723.673535155655,"1,1,60",1
1507,93198000,97.80800000000107,-0.0170744636875,-0.0529099035625,0.00783339735625,0.322122666875,1299.0,1359.0,1269.0,1360.73,123450.0,2.0,0.9374323699999999,0.958288235,0.958288235,0.958288235,0.0,0.0,0.0446078745,0.003461994425,0.1597897125,-2.3681651500000003,0.071826222,-9.4870245,16.040056192307695,24.89566853846154,101132.49365384616,-0.93563014,-0.058501658,0.10747018875,-0.33108775125,50.338995499999996,1.851924555,-15.01208995,2.1511991100000003,1.6741320149999999,0.007798397700000001,0.303635906,-0.1846534965,0.4179328155,4765.594946289305,5726.235693359428,4755.6780029293905,5734.938964843995,"1,1,60",1
1508,93248000,97.85800000000107,-0.017160124,-0.05319333526923077,0.007709274740384616,0.3221759776923077,1298.77,1359.0,1269.23,1360.77,123450.0,2.0,0.9372836025,0.9581890557692307,0.9581890557692307,0.9581890557692307,0.0,0.0,0.03508721125,0.0013981101,0.157592575,-2.3187847,0.011073349750000001,-9.5396985,16.057572846153846,24.895666346153845,101132.30926923077,-0.934267815,-0.05897860925,0.10722312909090909,-0.33491113363636366,50.44594635,1.935478395,-15.0128554,2.13930472,1.690777085,0.0075819880000000004,0.30047148,-0.1835799405,0.418502845,4759.107055663926,5726.2338378906115,4759.635400391133,5730.713085936715,"1,1,60",1
1509,93298000,97.90800000000107,-0.016428641374999997,-0.053035872625,0.00743025709375,0.322138260625,1298.27,1359.0,1269.73,1360.27,123450.0,2.0,0.9371334775,0.9580889596153846,0.9580889596153846,0.9580889596153846,0.0,0.0,0.03442123325,0.0058591322,0.15919050499999998,-2.36247865,-0.01885417664755,-9.426271250000001,16.07644330769231,24.895664423076923,101132.07992307692,-0.93290547,-0.059239628346153844,0.10701338007692307,-0.3387063678846154,50.55261685,2.019520245,-15.0137974,2.12766632,1.707368635,0.006936698000000001,0.29993220649999996,-0.186628086,0.4199393785,4753.844042968929,5724.56733398463,4757.8009765620845,5730.148583984501,"1,1,60",1
1510,93348000,97.95800000000108,-0.016672423115384614,-0.05312377123076923,0.0075461185384615385,0.3224167538461538,1298.46,1359.0,1270.0,1360.23,123450.0,2.0,0.9369825006666667,0.9579883028571429,0.9579883028571429,0.9579883028571429,0.0,0.0,0.0368185045,0.0085219655,0.1553954025,-2.3840268499999997,-0.01705852325,-9.4172945,16.03111775,24.895664,101132.59999999999,-0.9315420385416666,-0.05947848054166666,0.10675493575,-0.34247846895833334,50.658669562499995,2.10530795625,-15.015025625,2.1151116125000002,1.72333894375,0.008885345375000001,0.2973010065,-0.1878096255,0.41965710500000003,4748.991796874694,5732.550708008037,4760.347973633423,5731.257836913657,"1,1,60",1
1511,93398000,98.00800000000108,-0.017026770312499998,-0.052859017625000004,0.0076847645,0.322779761875,1299.46,1359.0,1270.0,1360.73,123450.0,2.0,0.936830134,0.9578867314285715,0.9578867314285715,0.9578867314285715,0.0,0.0,0.037084526,0.002130538875,0.15462979625,-2.358139125,-0.033069745625,-9.39858875,16.061455134615386,24.895664,101132.23926923078,-0.9301491209615385,-0.05987197730769231,0.1064964275,-0.3462546226923077,50.76445750892857,2.19184389375,-15.016376517857143,2.1021642017857145,1.73904300625,0.011945680196428572,0.294470424,-0.18858895550000002,0.4209938065,4756.471948242467,5728.632739257515,4756.919653319999,5734.123217773827,"1,1,60",1
1512,93448000,98.05800000000107,-0.01635793055769231,-0.052297775096153847,0.008328354076923077,0.3230093623076923,1300.23,1359.23,1270.0,1360.77,123450.0,2.0,0.9366787073831776,0.9577857831775701,0.9577857831775701,0.9577857831775701,0.0,0.0,0.044031052,0.003994571633333333,0.15686019,-2.377043366666667,0.0075818045999999995,-9.494606,16.080416,24.895664,101132.0186923077,-0.9287321729166667,-0.060399489375000004,0.10631860072916667,-0.3500019041666667,50.869294147727274,2.2791755397727274,-15.017458579545455,2.0886919056818183,1.7547869136363636,0.01352698609090909,0.294307434,-0.190467702,0.420696884,4761.031591796611,5733.116723633108,4757.562939453484,5736.843286132382,"1,1,60",1
1513,93498000,98.10800000000107,-0.015598187375000001,-0.051994432812500005,0.0088075715625,0.323002363125,1300.73,1359.73,1270.0,1360.27,123450.0,2.0,0.9365296980373832,0.9576864373831776,0.9576864373831776,0.9576864373831776,0.0,0.0,0.03715093625,-0.0007988060749999997,0.1607884175,-2.3388358,0.0320226195,-9.5477775,16.074456961538463,24.895664,101132.07076923078,-0.9272988273076923,-0.060956724923076924,0.10614295951923076,-0.3537379911538462,50.97301403409091,2.3674412784090912,-15.018225056818181,2.0746034397727273,1.7705775954545455,0.013372040636363637,0.2919683535,-0.1936581825,0.419486159,4756.741967773433,5737.0552246089765,4764.526977538484,5720.732641602114,"1,1,60",1
1514,93548000,98.15800000000107,-0.017076045734693877,-0.05282363816326531,0.008504992714285715,0.3230539651020408,1301.0,1360.0,1269.77,1360.0,123450.0,2.0,0.9363799610576924,0.9575866096153847,0.9575866096153847,0.9575866096153847,0.0,0.0,0.06693413333333334,0.008433209333333334,0.15641632333333333,-2.3985914,-0.03152349333333333,-9.486227666666666,16.09024833962264,24.89566516981132,101131.88943396226,-0.9258457469387755,-0.06171082136734694,0.10577770469387755,-0.3575031330612245,51.07504805,2.4562165200000003,-15.0190906,2.060000905,1.786029665,0.01349794075,0.29180053666666667,-0.19361764333333334,0.42164818,4762.088053385206,5731.558407738301,4746.92240978423,5734.888276599746,"1,1,60",1
1515,93598000,98.20800000000108,-0.017171577470588235,-0.0530681205882353,0.008675617705882353,0.32311857588235293,1301.0,1360.0,1269.27,1360.0,123450.0,2.0,0.9362257543269231,0.9574838211538461,0.9574838211538461,0.9574838211538461,0.0,0.0,0.05579316375,0.007457046375,0.15419704750000002,-2.3253687000000003,0.033219718,-9.547179999999999,16.080691725490198,24.895667098039215,101132.00352941177,-0.9243748545454545,-0.06265414827272728,0.10527651909090908,-0.3612725309090909,51.17635955,2.54521012,-15.0199986,2.045178055,1.8013366149999999,0.01374420325,0.29001620869565214,-0.19456187,0.42162737260869565,4756.9822998049995,5732.588378905786,4751.2994628903925,5726.791723632964,"1,1,60",1
1516,93648000,98.25800000000108,-0.017205282115384617,-0.052581763557692306,0.008568269403846154,0.3230752521153846,1300.77,1360.0,1269.23,1360.46,123450.0,2.0,0.9360720361111111,0.9573813572222222,0.9573813572222222,0.9573813572222222,0.0,0.0,0.0607201645,0.002330305025,0.15299858,-2.304718725,-0.0661396675,-9.565136500000001,16.037257596153847,24.895669038461538,101132.51076923076,-0.9228860545454545,-0.06350027568181818,0.10492142090909092,-0.3650172165909091,51.27720592079208,2.6351771108910893,-15.02063798019802,2.030782051485149,1.816230516831683,0.014056787024752476,0.28777220950000004,-0.19634335449999998,0.42300327649999997,4767.154638671733,5725.1828124998965,4739.254565429768,5736.251391601814,"1,1,60",1
1517,93698000,98.30800000000107,-0.0167831163125,-0.05285095025,0.007939763875,0.32308535312500003,1300.27,1360.0,1269.73,1361.46,123450.0,2.0,0.9359259712962963,0.9572839775925926,0.9572839775925926,0.9572839775925926,0.0,0.0,0.036219154,0.00026619429,0.15712649,-2.4265234,0.01795668,-9.446323,16.04177201923077,24.89567192307692,101132.4675,-0.9213675973076922,-0.06415544230769231,0.10460720346153847,-0.3688072426923077,51.377852950495054,2.7255612693069304,-15.021162237623763,2.016568982178218,1.8309473980198019,0.014397794202970297,0.287218768,-0.19681439,0.42362870799999996,4751.402215254687,5725.121633429533,4753.465948807127,5723.6957236847065,"1,1,60",1
1518,93748000,98.35800000000108,-0.01692685496153846,-0.053061157576923076,0.008049663865384615,0.3232829703846154,1300.23,1360.23,1270.23,1361.54,123450.0,2.0,0.9357799064814815,0.957186597962963,0.957186597962963,0.957186597962963,0.0,0.0,0.050666869375,0.009420809,0.15436343,-2.3445219625,0.030526242500000002,-9.5238365,16.083485365384615,24.89567576923077,101131.98846153847,-0.9198585916666667,-0.06465333010416667,0.10427888229166667,-0.37256192458333337,51.47783573737374,2.816908818181818,-15.021686141414142,2.001211890909091,1.8461675393939394,0.01594983442929293,0.284620194,-0.1967212795,0.425142335,4757.804882812802,5729.1239501952,4732.257641601269,5744.302856445587,"1,1,60",1
1519,93798000,98.40800000000108,-0.0156926646875,-0.0525337376875,0.008208391125,0.32356033625,1300.73,1360.73,1270.73,1360.54,123450.0,2.0,0.9356281365384616,0.9570854061538462,0.9570854061538462,0.9570854061538462,0.0,0.0,0.02842933575,-0.011251826375000001,0.152066515,-2.3475152,0.0266356635,-9.45021375,16.068858076923078,24.89567921153846,101132.15326923077,-0.918342505263158,-0.06506255947368421,0.10411268621052631,-0.3762575505263158,51.577505939393944,2.908709727272727,-15.022209878787878,1.9853164363636364,1.8616245090909092,0.01807177256060606,0.2828993745,-0.1989624335,0.424467526,4755.1052246094105,5733.044653320469,4755.772387695464,5719.0648681637795,"1,1,60",1
1520,93848000,98.45800000000108,-0.01583819173076923,-0.052509534461538464,0.008747922326923077,0.3241439423076923,1301.23,1361.0,1271.0,1360.69,123450.0,2.0,0.9354757326923077,0.9569837907692308,0.9569837907692308,0.9569837907692308,0.0,0.0,0.03355568675,-0.0015979212900000001,0.153864175,-2.3618805,-0.02873026375,-9.477747749999999,16.037799211538463,24.895683192307693,101132.50653846154,-0.9168099720930233,-0.06535569139534883,0.1041847973488372,-0.3799092279069768,51.67660303960396,3.0016327376237624,-15.021558534653465,1.9701757752475249,1.8762596099009903,0.020790418405940595,0.28289045142857144,-0.20172565142857143,0.42403110714285713,4762.062602796366,5737.1928710939,4753.665167557338,5732.225868627066,"1,1,60",1
1521,93898000,98.50800000000108,-0.016632385625,-0.0524408085,0.008697437875,0.32460997,1301.73,1361.0,1271.0,1362.19,123450.0,2.0,0.9353281092592592,0.9568853981481481,0.9568853981481481,0.9568853981481481,0.0,0.0,0.04740428,-0.00026622953,0.15206653,-2.3930047,0.081403024,-9.488221,16.07238,24.89568896153846,101132.10792307692,-0.9152495455769231,-0.06591367288461539,0.10399929019230769,-0.38360589884615387,51.775454524752476,3.0950366485148515,-15.020403584158416,1.9553585970297032,1.8905424811881189,0.02376479612871287,0.279582692,-0.201120494,0.424285456,4761.115439967276,5739.144299959035,4761.165321751178,5728.151855468873,"1,1,60",1
1522,93948000,98.55800000000107,-0.01885668793877551,-0.05307066677551021,0.008277413979591837,0.32495874530612245,1302.23,1361.23,1271.46,1363.0,123450.0,2.0,0.9351815351851852,0.9567877129629629,0.9567877129629629,0.9567877129629629,0.0,0.0,0.062451257499999996,0.007323590725000001,0.160255675,-2.39839205,-0.05775995775,-9.5304195,16.07323962264151,24.895694698113207,101132.0918490566,-0.9136520040816326,-0.06668582857142857,0.1036204070612245,-0.38736542285714287,51.87315792929293,3.18952146969697,-15.01841195959596,1.9400057343434345,1.9054288404040405,0.025417595606060606,0.28036045649999997,-0.2029046545,0.4248439795,4771.423291015832,5731.779956054516,4747.0226562498265,5753.292480469347,"1,1,60",1
1523,93998000,98.60800000000108,-0.01832726664705882,-0.052824611529411765,0.008215413352941176,0.32541736,1302.73,1361.73,1272.46,1363.0,123450.0,2.0,0.9350304661538461,0.9566870086538461,0.9566870086538461,0.9566870086538461,0.0,0.0,0.03701801,-0.0031959023,0.1624528,-2.3953989,-0.04189837,-9.645043,16.03595082352941,24.895699705882354,101132.54470588236,-0.9120283545454545,-0.06735427272727273,0.10332915072727272,-0.39113463454545455,51.97032106060606,3.284514954545455,-15.016026606060606,1.9244007848484848,1.920599193939394,0.02644847590909091,0.27728617,-0.20570822,0.42599043,4767.19672851538,5738.798974609394,4772.64958496125,5743.371972656474,"1,1,60",1
1524,94048000,98.65800000000108,-0.017696352836734694,-0.052601229387755105,0.008305029448979592,0.3258736626530612,1303.23,1362.23,1273.23,1363.0,123450.0,2.0,0.9348770815384615,0.9565847490384616,0.9565847490384616,0.9565847490384616,0.0,0.0,0.02476743225,0.0027297677,0.15020228000000002,-2.439092975,-0.031124462749999998,-9.4918125,16.081035886792453,24.89570324528302,101132.00339622641,-0.9104212333333334,-0.06770979,0.10323692,-0.39482656666666666,52.06619645,3.380593835,-15.01412135,1.9087452599999999,1.936413825,0.02606995955,0.27513696,-0.2054670275,0.427743675,4768.369482421954,5749.048217773933,4762.75327148395,5745.088745117036,"1,1,60",1
1525,94098000,98.70800000000108,-0.017716415470588234,-0.05251921623529412,0.00842640805882353,0.32624307705882355,1303.73,1362.73,1273.73,1363.0,123450.0,2.0,0.9347278188888889,0.9564852312037037,0.9564852312037037,0.9564852312037037,0.0,0.0,0.029827379,-0.0038615774,0.155661775,-2.317287825,0.03292044025,-9.620502,16.04018529411765,24.89570894117647,101132.45788235294,-0.9088388882352941,-0.06798739941176471,0.10316019411764706,-0.39842656549019606,52.16151995,3.477137885,-15.01242185,1.89306806,1.952504575,0.025087416050000002,0.27383928434782606,-0.20839231652173912,0.42613879086956524,4771.744775390841,5749.716064453421,4782.369384765459,5738.223046874647,"1,1,60",1
1526,94148000,98.75800000000109,-0.018448456038461538,-0.05258377736538462,0.008655551403846154,0.32649634326923077,1303.77,1363.46,1274.23,1362.77,123450.0,2.0,0.934581541111111,0.9563876987962964,0.9563876987962964,0.9563876987962964,0.0,0.0,0.054128712,0.008322390375,0.15266573749999998,-2.3835777499999997,0.064045069875,-9.499145375,16.004392115384615,24.89571453846154,101132.9323076923,-0.9072366463461539,-0.06846147796153845,0.10294248346153846,-0.4020366930769231,52.2556125,3.575048265,-15.011919,1.87731988,1.96937327,0.02342376975,0.271994662,-0.20851480349999998,0.42661495699999996,4783.629394531473,5742.071557616773,4764.258398437076,5752.229052734973,"1,1,60",1
1527,94198000,98.80800000000109,-0.0181952311875,-0.0528561759375,0.0087652559375,0.3265583125,1303.27,1364.46,1274.73,1362.27,123450.0,2.0,0.9344323935576923,0.956288255673077,0.956288255673077,0.956288255673077,0.0,0.0,0.03668511325,0.01984060025,0.15659388999999999,-2.3633765,0.0017958177500000004,-9.557354499999999,16.03689605769231,24.895718288461538,101132.50192307692,-0.9056234115384615,-0.06898711019230769,0.10248466638461538,-0.4056848921153846,52.349177499999996,3.6735442149999997,-15.011929,1.86154128,1.98657537,0.021468222250000002,0.270425059,-0.2100300365,0.4286168005,4773.522753905977,5748.819653320936,4768.090356445655,5748.6279052727305,"1,1,60",1
1528,94248000,98.85800000000108,-0.016675125307692308,-0.05330046507692308,0.008968145403846153,0.32671863,1303.23,1364.77,1274.54,1362.23,123450.0,2.0,0.9342792829807692,0.9561861739423078,0.9561861739423078,0.9561861739423078,0.0,0.0,0.0235691855,0.01304957375,0.1564606925,-2.3834279,-0.0011969354249999993,-9.518747,16.107863634615384,24.895721230769233,101131.64692307693,-0.9040189840909091,-0.06914343215909091,0.10206422236363637,-0.40932763477272727,52.4415875,3.7734166449999997,-15.011302,1.84512169,2.0019171499999997,0.0190994028,0.2674493415,-0.2116199205,0.428500499,4766.114062500079,5756.4653808593375,4768.603588866753,5742.416992187623,"1,1,60",1
1529,94298000,98.90800000000108,-0.017967076875,-0.05361172325,0.0092177374375,0.32667120625,1303.73,1364.27,1273.54,1362.73,123450.0,2.0,0.9341341820192308,0.9560894423076923,0.9560894423076923,0.9560894423076923,0.0,0.0,0.0480699235,0.013648597625000002,0.1594568275,-2.42353115,-0.01645997,-9.58817975,16.0189370754717,24.895725037735847,101132.74509433963,-0.9023998884615385,-0.0694933510576923,0.10160555046153846,-0.41293731576923076,52.5335025,3.8738789949999997,-15.010402000000001,1.8284273899999999,2.01646165,0.0165534668,0.2677625675,-0.21262471900000002,0.431348313,4769.1284667966465,5752.028198242047,4760.18112792998,5749.362084960735,"1,1,60",1
1530,94348000,98.95800000000108,-0.018265724153846155,-0.053078505269230775,0.008507936788461538,0.32647290134615387,1304.0,1364.0,1273.4791666666667,1363.0,123450.0,2.0,0.9340046291346153,0.9560030961538462,0.9560030961538462,0.9560030961538462,0.0,0.0,0.04846949733333333,0.004260963555555556,0.1560612822222222,-2.3950002666666665,0.03631223111111111,-9.675901555555555,15.996790849056604,24.895726924528304,101132.99981132075,-0.9007163230769231,-0.07011023711538461,0.1012423376923077,-0.4165818825,52.623689549999995,3.9758764099999997,-15.00968855,1.810884165,2.032203745,0.015153860075000001,0.26389612695652176,-0.21216816739130437,0.4296228952173913,4772.79407380763,5740.331671463268,4755.584909539285,5750.163188733904,"1,1,60",1
1531,94398000,99.00800000000109,-0.017783029863636363,-0.05264075811363637,0.008229221431818182,0.32658570113636365,1304.0,1364.0,1274.5208333333333,1363.0,123450.0,2.0,0.9338652822222222,0.9559102148148148,0.9559102148148148,0.9559102148148148,0.0,0.0,0.030027092499999998,0.00039925026,0.1601891875,-2.40108515,-0.005386786250000001,-9.503784,16.040092294117645,24.89572982352941,101132.47823529413,-0.8990068125,-0.070618219375,0.1010767725,-0.420214169375,52.71313605,4.07853171,-15.00905505,1.792977115,2.0484590949999997,0.014245537325,0.2622724685,-0.2153947835,0.430848505,4768.448828124586,5732.867675781909,4760.6890625007345,5747.490185546071,"1,1,60",1
1532,94448000,99.05800000000109,-0.016930296214285715,-0.052672169035714284,0.008650826821428571,0.32703825160714284,1304.0,1364.2596153846155,1275.2596153846155,1362.7403846153845,123450.0,2.0,0.93369806,0.9557987333333333,0.9557987333333333,0.9557987333333333,0.0,0.0,0.01877530375,0.0048605255125,0.15416374375,-2.39480075,-0.00074802375,-9.441983375,16.05558557692308,24.89573271153846,101132.30490384615,-0.897317840625,-0.07074451666666667,0.101065549375,-0.42379042020833335,52.8019746,4.182263995,-15.0090106,1.77555177,2.063455075,0.013579091175,0.260572164,-0.21677093,0.430374636,4762.45703125,5746.46630859375,4771.23193359375,5737.87548828125,"1,1,60",1
1533,94498000,99.10800000000108,-0.016512706000000002,-0.052719056062500005,0.008806925625,0.327187316875,1304.0,1364.7403846153845,1275.7403846153845,1362.2596153846155,123450.0,2.0,0.9335324314285715,0.9556883114285714,0.9556883114285714,0.9556883114285714,0.0,0.0,0.030726268875,0.00905467525,0.15749269999999999,-2.3847747875,-0.0017954868750000002,-9.494507375,16.061003846153845,24.89573473076923,101132.22076923077,-0.8956234094230769,-0.07084402884615384,0.10097310442307693,-0.42736427326923077,52.8905526,4.286457845,-15.0092186,1.75833287,2.077911325,0.013016306424999999,0.2591200125,-0.21724178,0.43135349,4767.509619140434,5744.577221679735,4761.207275391123,5750.750878905477,"1,1,60",1
1534,94548000,99.1580000000011,-0.016089254865384615,-0.05240478425,0.008609930134615385,0.3269443801923077,1303.77,1364.77,1275.31,1362.0,123450.0,2.0,0.9333811457142858,0.9555874257142857,0.9555874257142857,0.9555874257142857,0.0,0.0,0.02483400925,-0.00153119345,0.15193337,-2.3663695,-0.008379540050000002,-9.535806749999999,16.084930423076923,24.895736653846154,101131.94538461539,-0.8939001926923077,-0.07107168865384615,0.10078295057692307,-0.4309640623076923,52.9784383,4.391365275,-15.010197999999999,1.74183658,2.092746625,0.009696181145,0.258329965,-0.2195400125,0.43181550750000003,4762.037792968804,5751.530126953263,4774.370239257811,5721.477099608861,"1,1,60",1
1535,94598000,99.20800000000109,-0.0173055395625,-0.052836002125,0.0085955913125,0.32644103625,1303.27,1364.27,1273.81,1362.0,123450.0,2.0,0.93322986,0.95548654,0.95548654,0.95548654,0.0,0.0,0.062172674272727275,0.019538031181818183,0.15422123636363635,-2.434032518181818,0.035586708999999994,-9.635682363636363,16.049085115384617,24.895738576923076,101132.38357692308,-0.8921549372916666,-0.07151422416666667,0.10036371666666667,-0.43459026458333333,53.0660273,4.496578525,-15.011508,1.72564998,2.1077443750000002,0.005194338494999999,0.25449355347826086,-0.22152049869565218,0.4313727356521739,4760.690014648034,5739.073559570033,4743.465405273409,5739.433715820068,"1,1,60",1
1536,94648000,99.25800000000109,-0.017668574423076924,-0.05327253826923077,0.00887095496153846,0.32611846,1303.0,1364.0,1273.0,1361.77,123450.0,2.0,0.933081235,0.9553874751851852,0.9553874751851852,0.9553874751851852,0.0,0.0,0.055859704999999996,0.02083921725,0.159789705,-2.3858221,-0.003890413250000002,-9.454104000000001,16.00999,24.89573975,101132.834,-0.8903737060416667,-0.072243410625,0.09960590125,-0.4382810360416667,53.152984297029704,4.602993985148515,-15.013297188118813,1.7087205594059407,2.121593655445545,0.003147025313861386,0.25230047499999997,-0.220655854,0.433315719,4748.940173921167,5735.657273065456,4741.868210565321,5732.8444475447,"1,1,60",1
1537,94698000,99.30800000000109,-0.0177704003125,-0.0531207918125,0.009031540437499999,0.3259717725,1303.0,1364.0,1273.0,1361.27,123450.0,2.0,0.93293261,0.9552884103703704,0.9552884103703704,0.9552884103703704,0.0,0.0,0.057257984,0.013315799,0.16245285,-2.4313118,-0.009576641,-9.569624,15.997322358490566,24.895741396226413,101133.00981132075,-0.8885590988461538,-0.07294104509615384,0.09897845134615385,-0.4419740209615385,53.23967043564356,4.7099246782178215,-15.015291742574258,1.691472787128713,2.1349507346534655,0.002151653333663367,0.25179395,-0.22086306,0.43400022,4753.021869860546,5727.744551809114,4730.741956208572,5741.734657689167,"1,1,60",1
1538,94748000,99.35800000000108,-0.016677826469387754,-0.05258810089795918,0.009181535367346939,0.32575674653061226,1303.0,1363.54,1273.0,1361.23,123450.0,2.0,0.932780982815534,0.9551873122330097,0.9551873122330097,0.9551873122330097,0.0,0.0,0.0373508635,0.004394067225,0.1504686025,-2.40078625,0.0113726255,-9.564837,15.998974807692306,24.895744615384615,101132.97461538462,-0.8867533075555556,-0.07354650033333333,0.09862732222222222,-0.44556587155555555,53.3250636969697,4.817393782828282,-15.017555474747475,1.673981481818182,2.1477064545454545,0.0030592480353535357,0.24887349,-0.22274759,0.4330732666666667,4745.49595424103,5736.1952427458245,4734.640880766258,5711.0511067703765,"1,1,60",1
1539,94798000,99.4080000000011,-0.017373263352941176,-0.05260673776470588,0.008702607470588234,0.32580085882352944,1303.0,1362.54,1273.0,1361.73,123450.0,2.0,0.9326287837864078,0.9550858267961164,0.9550858267961164,0.9550858267961164,0.0,0.0,0.04633888525,0.0066579235,0.1591905225,-2.3535008,-0.024839676550000002,-9.515756,16.035950588235295,24.895749764705883,101132.51960784315,-0.8849332465454546,-0.07408277972727273,0.09840809098181819,-0.44912780545454545,53.40984854545455,4.925116257575757,-15.01994587878788,1.6563755727272726,2.160179181818182,0.0048623564696969705,0.2484624,-0.22308474749999999,0.43472419,4746.422143554999,5726.579199218695,4731.307519530893,5729.849633789218,"1,1,60",1
1540,94848000,99.45800000000109,-0.018214868897959185,-0.05248377942857143,0.008876204153061224,0.3257710285714286,1303.46,1362.23,1272.77,1362.46,123450.0,2.0,0.9324792975,0.9549861749999999,0.9549861749999999,0.9549861749999999,0.0,0.0,0.04950138125,0.0035952268787500003,0.1566605325,-2.3392848374999997,-0.0160110576875,-9.57426525,16.034548461538463,24.89575557692308,101132.53826923078,-0.8830805,-0.07470042448979591,0.09808524048979592,-0.45272982448979593,53.4933371,5.03327205,-15.0219055,1.6386116099999999,2.17241564,0.00655047035,0.2466409845,-0.2254715495,0.435634896,4741.845239257779,5720.872631835813,4732.301220703122,5725.453833007946,"1,1,60",1
1541,94898000,99.50800000000109,-0.019060391176470588,-0.052844208235294114,0.00908839344117647,0.32612588235294115,1304.46,1362.73,1272.27,1363.46,123450.0,2.0,0.9323305763461538,0.9548870403846154,0.9548870403846154,0.9548870403846154,0.0,0.0,0.035253639999999996,0.0047270363125,0.15599467375,-2.3940523750000002,-0.0040400499375,-9.472510125000001,16.008906538461538,24.895761903846154,101132.86723076923,-0.8812273666666667,-0.07519388588235294,0.09785415874509804,-0.4562948196078432,53.576270099999995,5.14161355,-15.0236805,1.62077991,2.18455084,0.00818930085,0.24203585826086957,-0.2247359652173913,0.43683465565217394,4740.016455078197,5719.041577148593,4729.414965820273,5730.82187500004,"1,1,60",1
1542,94948000,99.5580000000011,-0.017668368551020407,-0.05318557551020408,0.009189612959183673,0.3265250824489796,1305.2211538461538,1363.0,1272.0,1364.2211538461538,123450.0,2.0,0.932178964326923,0.9547859875,0.9547859875,0.9547859875,0.0,0.0,0.02123856175,0.0013982612249999998,0.1543302275,-2.405275075,0.004489293074999999,-9.45260875,16.0245179245283,24.895769075471698,101132.69158490567,-0.8793869020408163,-0.07539826612244899,0.09775156040816325,-0.4598204642857143,53.657283899082564,5.250529444954128,-15.024771394495412,1.6021105559633027,2.1964927899082567,0.011032886743119266,0.2424014635,-0.22737018550000002,0.43680331450000004,4731.21779785113,5733.854858398917,4743.38291015662,5710.328979491671,"1,1,60",1
1543,94998000,99.6080000000011,-0.017927540854545454,-0.053017558909090906,0.009054048490909091,0.326764516,1305.701923076923,1363.0,1272.0,1364.701923076923,123450.0,2.0,0.9320261133653845,0.9546841125,0.9546841125,0.9546841125,0.0,0.0,0.05319659575,0.00249685875,0.15732627875,-2.4061727375,0.050876953125,-9.4963025,16.057794072727273,24.895776927272728,101132.27472727273,-0.8775010509803921,-0.0757777211764706,0.09760152431372549,-0.46337805,53.73747518348624,5.359691509174311,-15.025569100917432,1.5830822073394495,2.2083519183486238,0.014392796376146788,0.240638825,-0.2275237525,0.435839225,4744.851025390911,5729.963452147945,4732.537963866855,5725.041284180426,"1,1,60",1
1544,95048000,99.6580000000011,-0.019370561244444445,-0.05284765431111111,0.008907288177777778,0.326959712,1306.1979166666667,1363.0,1272.0,1365.1979166666667,123450.0,2.0,0.9318767550925925,0.9545845481481481,0.9545845481481481,0.9545845481481481,0.0,0.0,0.050267190499999996,-0.0006326096249999998,0.15452992125,-2.3829792375,0.008379872,-9.48058925,16.050439865384615,24.895785653846154,101132.36307692308,-0.8755657173076923,-0.07652931048076923,0.09729059826923077,-0.46696705,53.81620328571429,5.4698659,-15.02598,1.5638448285714286,2.2207459285714286,0.016939003857142854,0.2395845925,-0.22840622,0.43808581,4747.118071056583,5726.032505580592,4741.801339286096,5714.265927268749,"1,1,60",1
1545,95098000,99.70800000000109,-0.019479318470588234,-0.05282540329411765,0.009246372235294118,0.3270953811764706,1306.71875,1363.0,1272.0,1365.71875,123450.0,2.0,0.9317295375,0.9544864,0.9544864,0.9544864,0.0,0.0,0.048935545750000004,0.014713946500000002,0.1542636375,-2.41545035,0.032022616999999996,-9.59626025,16.008545384615385,24.895795596153846,101132.88211538462,-0.8736424683333333,-0.07724325760416667,0.096919269375,-0.4705161375,53.89358075824176,5.580974746153847,-15.026033846153846,1.544414498901099,2.2336336758241755,0.018734101659340658,0.2371443795,-0.229073108,0.4375946,4749.654101562591,5731.103833007722,4729.268847655939,5728.829028320845,"1,1,60",1
1546,95148000,99.75800000000109,-0.019390494836734693,-0.05292422416326531,0.008762894326530612,0.32740292040816327,1307.0,1363.0,1272.46,1366.0,123450.0,2.0,0.9315812231481481,0.9543875064814814,0.9543875064814814,0.9543875064814814,0.0,0.0,0.05000094,0.008821709875,0.1527988575,-2.3766944625,-0.0083795401875,-9.535957125000001,16.002548867924528,24.895806962264153,101132.93075471697,-0.8717205032653061,-0.07781993326530612,0.09646610632653062,-0.47406547346938777,53.969950600000004,5.693143500000001,-15.02612525,1.525109105,2.246717495,0.02090686675,0.23528858,-0.230313619,0.43801576449999996,4752.096582031089,5732.6228515628445,4729.091210937939,5731.03867187454,"1,1,60",1
1547,95198000,99.8080000000011,-0.018676068647058824,-0.05268214682352942,0.00842722588235294,0.3277576423529412,1307.0,1363.0,1273.46,1366.0,123450.0,2.0,0.9314316212962963,0.954287737962963,0.954287737962963,0.954287737962963,0.0,0.0,0.034475809272727274,-0.006028273709090908,0.1582886590909091,-2.3477323090909095,0.03743677681818182,-9.441645181818183,16.01164705882353,24.895819588235295,101132.8288235294,-0.8697686527272728,-0.07821304636363637,0.09626811545454546,-0.4776118545454546,54.0458886,5.8057665,-15.02623275,1.505857255,2.259885345,0.02324148925,0.23235275260869565,-0.23014421043478261,0.4398121991304348,4749.728247070449,5721.846630859223,4747.564746093499,5735.61162109413,"1,1,60",1
1548,95248000,99.8580000000011,-0.017825598134615383,-0.05267235061538462,0.008997598096153846,0.32808074576923074,1307.0,1363.4554455445545,1274.0,1366.0,123450.0,2.0,0.9312812798076923,0.9541874961538461,0.9541874961538461,0.9541874961538461,0.0,0.0,0.016611367875,0.009720248950000001,0.15386416625,-2.4275713000000003,-0.0173577964375,-9.579203374999999,15.985521826923078,24.89583096153846,101133.15423076923,-0.867814153409091,-0.07838331238636363,0.09625213159090909,-0.48113155454545453,54.119972999999995,5.91944741,-15.02639975,1.48657212,2.272821215,0.02425961685,0.229973769,-0.2326607705,0.439236071,4751.85498046875,5723.583984375,4741.53759765625,5741.94384765625,"1,1,60",1
1549,95298000,99.9080000000011,-0.017091695714285714,-0.05287023285714285,0.009420373714285715,0.3282444428571429,1307.0,1364.4455445544554,1274.0,1366.0,123450.0,2.0,0.9311292125,0.95408615,0.95408615,0.95408615,0.0,0.0,0.02763048625,0.002596558375,0.154862805,-2.3502086,-0.055665021,-9.54867675,15.985882980769231,24.895844596153843,101133.12153846154,-0.8659152745,-0.07843659075000001,0.0961246215,-0.4845546555,54.193262999999995,6.03358171,-15.02659225,1.46727272,2.285657665,0.024713532349999998,0.22913950649999998,-0.2348383195,0.4408603225,4750.812792968986,5746.214111327951,4745.533154296331,5717.503979492564,"1,1,60",1
1550,95348000,99.9580000000011,-0.018668134666666666,-0.053163414980392155,0.008847047098039216,0.32851031647058826,1307.2222222222222,1365.2222222222222,1274.0,1366.2222222222222,123450.0,2.0,0.9309780277777778,0.9539853851851852,0.9539853851851852,0.9539853851851852,0.0,0.0,0.053196716625,0.0157459713125,0.152133085,-2.453308575,-0.018854173687499996,-9.433454375,16.008455096153845,24.89585875,101132.84961538462,-0.863968725,-0.078808491,0.09575575525,-0.48803273125,54.2649381,6.1485639899999995,-15.026051675,1.446909215,2.297486745,0.026604016549999998,0.22647123949999998,-0.234316894,0.441189379,4755.926708984482,5740.4577636721,4732.193505859189,5731.834814452959,"1,1,60",1
1551,95398000,100.0080000000011,-0.0184989888125,-0.0533061928125,0.008863833687500001,0.32898632250000004,1307.7272727272727,1365.7272727272727,1274.0,1366.7272727272727,123450.0,2.0,0.9308299722222223,0.9538866814814815,0.9538866814814815,0.9538866814814815,0.0,0.0,0.049068600750000003,0.0045938849,0.162985545,-2.436698775,0.039803772749999994,-9.490915999999999,16.027415673076923,24.895871346153847,101132.61115384616,-0.8619629365384616,-0.07942010153846153,0.09525009153846153,-0.491564285,54.3359211,6.26390969,-15.025196925,1.426089665,2.308884095,0.02911017305,0.2247635315,-0.2354081705,0.441859749,4755.8898193362265,5735.86965332036,4743.179882812176,5737.561767578496,"1,1,60",1
1552,95448000,100.0580000000011,-0.018107403,-0.05281279930769231,0.00902267676923077,0.3295546273076923,1308.23,1366.23,1274.46,1367.0,123450.0,2.0,0.9306815934615384,0.9537877615384616,0.9537877615384616,0.9537877615384616,0.0,0.0,0.041012619,-0.0005329744599999999,0.16218652249999999,-2.38043515,-0.025138957,-9.415498750000001,16.012788942307694,24.895884865384613,101132.83192307693,-0.8599210322916667,-0.07997738770833333,0.09496083885416666,-0.49509409729166665,54.4062489,6.38018926,-15.023197675,1.405711185,2.321033875,0.03099844795,0.223049415,-0.236263754,0.4426388965,4764.325903320314,5733.759179687164,4741.470825195655,5748.186303711028,"1,1,60",1
1553,95498000,100.1080000000011,-0.01751484775,-0.052289419562499995,0.008762540062500001,0.33001736875,1308.73,1366.73,1275.46,1367.0,123450.0,2.0,0.9305281511538462,0.9536854538461538,0.9536854538461538,0.9536854538461538,0.0,0.0,0.023036222625,-0.00039940362499999967,0.15516246625,-2.368165275,0.0056863947500000005,-9.483134125,15.982090865384617,24.89589925,101133.18653846154,-0.8578692124999999,-0.08032265384615385,0.09486323990384615,-0.49860345826923075,54.4762959,6.49686906,-15.020707925,1.3855217350000002,2.333506125,0.03262191645,0.2209417905,-0.2368587745,0.441656716,4763.539062500047,5748.823706054437,4763.428540038811,5734.996704102046,"1,1,60",1
1554,95548000,100.1580000000011,-0.01787080975,-0.052587499384615384,0.009237398846153846,0.33051499423076924,1309.0,1367.23,1276.23,1367.23,123450.0,2.0,0.9303747088461539,0.9535831461538461,0.9535831461538461,0.9535831461538461,0.0,0.0,0.034554853999999996,0.008921374199999998,0.161187765,-2.4274215999999997,-0.0050875107499999996,-9.62918,15.995634134615385,24.89591175,101133.01346153846,-0.8558252708333334,-0.08057665145833333,0.09471880208333333,-0.5020907604166667,54.5452005,6.61511966,-15.0173325,1.365814445,2.3462858150000003,0.032287834950000004,0.2181649135,-0.2381487575,0.443202688,4766.019482421883,5739.3968505858475,4755.060156249969,5753.0576416016,"1,1,60",1
1555,95598000,100.2080000000011,-0.0175734666875,-0.0526499339375,0.0092549003125,0.330901816875,1309.0,1367.73,1276.73,1367.73,123450.0,2.0,0.9302289093518519,0.9534859356481481,0.9534859356481481,0.9534859356481481,0.0,0.0,0.03002723025,0.00945429825,0.161853605,-2.3690631,0.0242414605,-9.55705375,15.973784326923075,24.895925192307693,101133.29269230769,-0.8537452923076924,-0.08080454288461539,0.09438259326923078,-0.5056452586538461,54.6136155,6.7340434600000005,-15.0135775,1.3463137950000001,2.359197265,0.03111480345,0.216346029,-0.239709999,0.4429150745,4760.011523437668,5749.735083007645,4771.256152343537,5750.831054687815,"1,1,60",1
1556,95648000,100.2580000000011,-0.01816670846153846,-0.05279349721153846,0.009189689057692307,0.33137368942307693,1309.23,1368.23,1277.23,1367.77,123450.0,2.0,0.9300832658333333,0.9533888291666666,0.9533888291666666,0.9533888291666666,0.0,0.0,0.047670556249999996,0.015513212625,0.1644502,-2.364573875,0.05207406125,-9.5845895,16.07003273076923,24.895937749999998,101132.1115,-0.8516474770833333,-0.08103445291666667,0.09397943729166668,-0.5092093427083333,54.6808447,6.85356478,-15.0107199,1.32694352,2.37203455,0.028718426749999998,0.215640474,-0.2390427085,0.443534406,4767.952270507973,5744.221313476273,4752.778979491672,5764.111401367599,"1,1,60",1
1557,95698000,100.3080000000011,-0.017417299375,-0.0524541621875,0.009325068875,0.331768735,1309.73,1368.73,1277.73,1367.27,123450.0,2.0,0.9299317043269231,0.9532878124999999,0.9532878124999999,0.9532878124999999,0.0,0.0,0.028662252875000002,0.008888173875,0.16375114375,-2.4434326250000002,-0.01511323375,-9.606287125,16.035722346153847,24.895950250000002,101132.52573076924,-0.8495558759615385,-0.08127962548076922,0.09360591057692308,-0.5127204673076923,54.747565699999996,6.97334218,-15.0082469,1.30762912,2.3848400499999998,0.02579775925,0.211405635,-0.2410948725,0.44321023400000004,4768.346826171738,5759.689575195677,4775.068017578114,5751.271313476262,"1,1,60",1
1558,95748000,100.35800000000111,-0.01743270398076923,-0.052414023846153845,0.00923546475,0.33180586749999996,1310.23,1368.77,1278.0,1367.46,123450.0,2.0,0.9297788437500001,0.9531859375,0.9531859375,0.9531859375,0.0,0.0,0.03984753125,0.0052265525624999995,0.15592808875,-2.4153009375,0.01795668025,-9.535805875,16.005475576923075,24.89596192307692,101132.9076923077,-0.8474576947916667,-0.08147760802083333,0.09335669741666666,-0.5161954541666667,54.813263299999996,7.093822415,-15.0068211,1.2879810649999999,2.396706325,0.02392944375,0.211359366,-0.243164199,0.444534257,4771.267114258002,5753.215356445084,4763.003686522911,5751.975024414339,"1,1,60",1
1559,95798000,100.40800000000111,-0.0179793444375,-0.05260667775,0.0090147825,0.3321998425,1310.73,1368.27,1278.0,1368.46,123450.0,2.0,0.9296270575961538,0.9530847420192308,0.9530847420192308,0.9530847420192308,0.0,0.0,0.0429435035,0.01265017025,0.158524655,-2.3618805,0.0380081195,-9.48253525,16.0006,24.895971096153847,101132.97,-0.8453219846153847,-0.08184547538461538,0.09295091680769231,-0.5196997,54.8785223,7.214603865,-15.005844100000001,1.2681900149999998,2.408170075,0.022512136250000002,0.20914164799999999,-0.2431498755,0.446476074,4769.782617187698,5763.251245117009,4772.944482421716,5753.851074219,"1,1,60",1
1560,95848000,100.4580000000011,-0.02025711965384615,-0.052711812423076924,0.009063340423076922,0.3321224038461538,1310.7722772277227,1368.2277227722773,1278.0,1368.7722772277227,123450.0,2.0,0.9294756489423077,0.9529837852884616,0.9529837852884616,0.9529837852884616,0.0,0.0,0.05159876,0.01271641725,0.1597231025,-2.420837575,0.0478842045,-9.565435,15.97595125,24.8959805,101133.2625,-0.8431656736538461,-0.0823285281923077,0.09242207057692307,-0.5232088757692308,54.94228894495413,7.335953868807339,-15.00502985321101,1.2486069706422018,2.4196382642201835,0.019805167165137614,0.2068081055,-0.243054685,0.446549462,4775.998999023583,5751.609521484208,4761.021679687041,5765.22187500016,"1,1,60",1
1561,95898000,100.5080000000011,-0.019903845714285714,-0.05276735685714286,0.009230781571428572,0.3320389557142857,1310.2772277227723,1368.7227722772277,1278.0,1368.2772277227723,123450.0,2.0,0.9293254022222223,0.9528836036111111,0.9528836036111111,0.9528836036111111,0.0,0.0,0.03308249055555555,0.006361804333333334,0.15759995,-2.412823755555556,-0.022611742666666663,-9.591838,16.01689962264151,24.895989283018867,101132.77358490566,-0.8410060502222222,-0.08278402748888888,0.09196190333333333,-0.5266835,55.00541600917431,7.4575475385321095,-15.004285357798166,1.229113071559633,2.431108355963303,0.016545485972477063,0.2036891976190476,-0.24423563904761905,0.44681445619047616,4772.199707030893,5757.205371093824,4770.4830078126715,5749.109179687379,"1,1,60",1
1562,95948000,100.5580000000011,-0.01888300980392157,-0.052797183294117644,0.009552130529411765,0.33186398725490196,1310.0,1369.2135922330096,1278.0,1367.7864077669904,123450.0,2.0,0.9291757540740742,0.9527838212037036,0.9527838212037036,0.9527838212037036,0.0,0.0,0.045640067125,0.00808967775,0.159856225,-2.440589825,0.038606675374999996,-9.637859375,16.053810666666667,24.895996,101132.32,-0.8388428294117647,-0.08307035343137255,0.09165349490196079,-0.5301294984313725,55.067554779999995,7.57977097,-15.00309548,1.2091988040000001,2.4423683720000002,0.013501516739999999,0.2026256991304348,-0.24431888043478261,0.44805272869565216,4769.493066406625,5747.721264647889,4758.036938476016,5754.206689453348,"1,1,60",1
1563,95998000,100.60800000000111,-0.01920707730769231,-0.05276226707692308,0.00995633098076923,0.33163846192307694,1310.0,1369.6990291262136,1278.0,1367.3009708737864,123450.0,2.0,0.9290282281651376,0.9526854689908256,0.9526854689908256,0.9526854689908256,0.0,0.0,0.04127888875,0.0045273141,0.15586155499999998,-2.389712975,-0.009875915249999999,-9.708787875,16.00316933962264,24.896002981132074,101132.91735849057,-0.8366710276923077,-0.08337945865384616,0.0912830910576923,-0.5335659161538462,55.12878128,7.7025757200000005,-15.00149448,1.1888965040000001,2.453434472,0.01065666624,0.19924020699999997,-0.24494511900000002,0.4473055865,4764.905053710161,5749.160913086185,4757.548828125413,5742.640771484072,"1,1,60",1
1564,96048000,100.65800000000111,-0.018930348266666668,-0.053061596733333334,0.00962749548888889,0.33200983644444443,1310.3958333333333,1370.0,1278.1979166666667,1367.3958333333333,123450.0,2.0,0.9288828244954129,0.9525885469724771,0.9525885469724771,0.9525885469724771,0.0,0.0,0.036751725,0.004993507125,0.15346465,-2.4250274249999997,-0.0260367785998225,-9.44602325,15.951483076923077,24.89601003846154,101133.55923076923,-0.8345171973584905,-0.08364132547169811,0.0908856275471698,-0.5369551086792453,55.18890314285714,7.8257607714285715,-14.999776571428571,1.1678608285714287,2.4632367714285714,0.009500993428571428,0.19694607800000002,-0.2456014785,0.4459904085,4762.071382068813,5759.567964099724,4754.759905133596,5740.8408668157035,"1,1,60",1
1565,96098000,100.7080000000011,-0.019760108470588233,-0.05299599017647059,0.00918513511764706,0.3325754094117647,1311.4375,1370.0,1278.71875,1368.4375,123450.0,2.0,0.9287352012621359,0.9524901366990292,0.9524901366990292,0.9524901366990292,0.0,0.0,0.0522979475,0.0057590079999999995,0.159989395,-2.407519475,0.068534190625,-9.531616249999999,15.965341470588235,24.896016294117647,101133.38509803922,-0.8323210659574468,-0.08404575808510638,0.09044935787234043,-0.5403642093617022,55.24800534065934,7.94929687032967,-14.997950747252748,1.1461481912087912,2.471872485714286,0.00990456156043956,0.193386345,-0.24670922,0.4475780125,4769.9362060546655,5750.503735351631,4751.704980469717,5760.574462890118,"1,1,60",1
1566,96148000,100.75800000000112,-0.019058584634615384,-0.052243029538461536,0.009359961692307692,0.33284769711538464,1311.77,1370.23,1279.23,1369.0,123450.0,2.0,0.9285828614563106,0.9523885638834951,0.9523885638834951,0.9523885638834951,0.0,0.0,0.038948744125000004,-0.0031958537249999995,0.15642743875,-2.3892641125000003,0.078110995375,-9.53625475,15.969450221153846,24.896022115384614,101133.32807692308,-0.8300737197916667,-0.08455144552083332,0.09021036041666666,-0.5437714610416667,55.3055569,8.073926405,-14.99635335,1.124941575,2.48183245,0.009050459095,0.193195395,-0.24708923,0.44877088249999997,4775.3432861328165,5750.816772460832,4767.474633789117,5748.558496093726,"1,1,60",1
1567,96198000,100.80800000000112,-0.0186625785625,-0.0525538516875,0.0092856268125,0.333077734375,1311.27,1370.73,1279.73,1369.0,123450.0,2.0,0.9284303887500001,0.95228690875,0.95228690875,0.95228690875,0.0,0.0,0.03129219075,0.00352850249,0.1655820625,-2.423830325,-0.027533153499999997,-9.55376425,15.97622185576923,24.896027403846155,101133.24634615384,-0.8278329153846155,-0.08487405192307691,0.09009077680769231,-0.5471457590384615,55.3624439,8.199024555,-14.99485385,1.103951825,2.49235995,0.007657354945,0.1922999675,-0.2480265225,0.44994558999999995,4770.643457030888,5749.9187988286,4769.428466797744,5755.516625976367,"1,1,60",1
1568,96248000,100.85800000000111,-0.0181796935,-0.05294534967307692,0.009131375846153847,0.3333408367307692,1311.2277227722773,1370.5445544554455,1280.0,1369.0,123450.0,2.0,0.9282775377884616,0.9521850193269231,0.9521850193269231,0.9521850193269231,0.0,0.0,0.033921894875000004,0.011817756125,0.1573928675,-2.432658725,0.05027841125,-9.579052375,15.986063557692306,24.89603176923077,101133.12576923077,-0.8255772480769231,-0.08508881,0.08984122907692307,-0.5505511596153846,55.41803055045872,8.324743724770643,-14.99477390825688,1.0832300513761468,2.502503589908257,0.005014457372018348,0.189356095,-0.24866567250000002,0.45080853,4769.284667968701,5760.5765869140705,4770.301660155907,5751.930517578352,"1,1,60",1
1569,96298000,100.90800000000111,-0.019043145142857144,-0.05255332571428571,0.008967042285714285,0.3332321914285714,1311.7227722772277,1369.5544554455446,1280.0,1369.0,123450.0,2.0,0.9281259749999999,0.9520839858333333,0.9520839858333333,0.9520839858333333,0.0,0.0,0.043676075,-0.0010653023,0.15472959,-2.3930047,-0.053869367,-9.531317,15.975176132075472,24.89603558490566,101133.25698113207,-0.8233188234693878,-0.0853873518367347,0.08949520693877551,-0.5539332428571428,55.47305990825688,8.45072904587156,-14.995302348623854,1.0626231247706424,2.5124827183486236,0.0018359340463302747,0.1853502738095238,-0.24933991238095238,0.4521691157142857,4772.252343749658,5751.485058593904,4763.089843750793,5751.774707030658,"1,1,60",1
1570,96348000,100.9580000000011,-0.019350233568627452,-0.05222836364705882,0.009499481823529412,0.3330179996078432,1311.7777777777778,1369.2222222222222,1279.7777777777778,1368.7777777777778,123450.0,2.0,0.9279802805555556,0.9519868515740741,0.9519868515740741,0.9519868515740741,0.0,0.0,0.046072539375,0.005326570687500001,0.15905738,-2.4037785625,0.029029865874999998,-9.521891,15.998114411764707,24.896039411764708,101132.96588235295,-0.8210216117021276,-0.0858555415319149,0.08915240893617021,-0.5573155382978724,55.526951714285715,8.577290571428572,-14.996218,1.041693542857143,2.521765642857143,-0.0011361160785714286,0.184770052,-0.251461238,0.45073058650000003,4765.708349609412,5743.851391601407,4765.8894042962775,5744.297729492441,"1,1,60",1
1571,96398000,101.00800000000112,-0.019454099,-0.0526860035625,0.00984372528125,0.33263346250000003,1311.2727272727273,1369.7272727272727,1279.2727272727273,1368.2727272727273,123450.0,2.0,0.9278344205769231,0.9518896071153846,0.9518896071153846,0.9518896071153846,0.0,0.0,0.048669213749999995,0.023702217499999997,0.1543967825,-2.39120905,0.03591319,-9.55795225,16.011705480769233,24.896042653846155,101132.82134615384,-0.8187225557692308,-0.08625805507692308,0.08859364815384616,-0.5607135230769231,55.57979347252748,8.704383978021978,-14.997491076923078,1.0204661252747254,2.5304059175824176,-0.003917575556593407,0.182755419,-0.2524974785,0.45208923549999996,4761.049243163684,5748.212084960942,4742.016845703349,5756.745751952835,"1,1,60",1
1572,96448000,101.05800000000112,-0.0184540865,-0.05250169784615385,0.009565964903846154,0.33246052326923076,1311.0,1370.23,1279.0,1367.77,123450.0,2.0,0.9276804494230769,0.9517869628846154,0.9517869628846154,0.9517869628846154,0.0,0.0,0.02989412,0.005459413349999999,0.163118615,-2.43430455,0.025737832250000002,-9.399935,16.00944798076923,24.896045153846153,101132.85692307692,-0.8164144741666667,-0.08656439166666667,0.088074465125,-0.5641040229166667,55.6308154,8.83167415,-14.9988285,0.999436505,2.53832192,-0.00486940305,0.1804536705,-0.2508909225,0.4522941875,4748.4804687498345,5742.541992187381,4756.830761718884,5736.259619140326,"1,1,60",1
1573,96498000,101.10800000000111,-0.018585085375,-0.0524280471875,0.0100041075,0.332463361875,1311.0,1370.73,1279.0,1367.27,123450.0,2.0,0.9275264782692307,0.9516843186538462,0.9516843186538462,0.9516843186538462,0.0,0.0,0.044674558749999996,0.004793485700000001,0.162985485,-2.410063675,0.01406610025,-9.428667,16.026421749999997,24.8960485,101132.64,-0.8140839815384615,-0.08691361192307692,0.08780004769230769,-0.5674505711538461,55.6810574,8.95904865,-15.0001935,0.978491655,2.54592752,-0.0050371025499999994,0.17954983200000002,-0.2530633775,0.45564267,4756.575122069978,5734.540478515657,4745.72214355499,5743.558276366889,"1,1,60",1
1574,96548000,101.15800000000112,-0.018528318326923077,-0.05258771369230769,0.010204443326923078,0.33255243192307693,1311.0,1370.77,1279.0,1367.46,123450.0,2.0,0.9273802524074074,0.9515868320370371,0.9515868320370371,0.9515868320370371,0.0,0.0,0.0340351056,0.00287642698,0.15861789599999998,-2.40593348,0.002154946600000001,-9.4559006,15.992022596153845,24.896050634615385,101133.07961538462,-0.8117354333333333,-0.087314088125,0.08747387354166666,-0.5707947145833333,55.729868599999996,9.0872516,-15.001592800000001,0.95773836,2.553387625,-0.0038386243,0.17560640666666666,-0.25200746416666664,0.455131925,4747.367358398538,5738.885717773224,4752.981396484187,5727.902856445253,"1,1,60",1
1575,96598000,101.20800000000112,-0.019301437125,-0.0528813345625,0.0098222170625,0.33272027625,1311.0,1370.27,1279.0,1368.46,123450.0,2.0,0.9272345209259258,0.9514896746296296,0.9514896746296296,0.9514896746296296,0.0,0.0,0.051732123000000005,0.00845567075,0.15899066,-2.4369984000000002,0.005387121074999999,-9.573516,16.032110673076925,24.896053692307692,101132.56038461538,-0.8093728312499999,-0.08771572375,0.087045243125,-0.5741425775,55.7780666,9.2158096,-15.003006800000001,0.93706716,2.560785375,-0.0020546413,0.1720743125,-0.25175696449999996,0.4527589785,4757.34228515625,5737.818359375,4737.7666015625,5749.0859375,"1,1,60",1
1576,96648000,101.25800000000112,-0.01878372278846154,-0.0524037165,0.009563285692307692,0.3326664,1311.46,1369.54,1278.77,1369.23,123450.0,2.0,0.92708350625,0.951389025,0.951389025,0.951389025,0.0,0.0,0.035353676875,3.330190249999955e-05,0.1618535825,-2.37699345,-0.005087510000000003,-9.6329225,15.962137115384616,24.89605780769231,101133.42153846154,-0.8069918295454546,-0.08815811977272728,0.08660627829545454,-0.5774848559090909,55.8244999,9.3449969,-15.00377435,0.916245439,2.568942765,-0.00193509639,0.1712785765,-0.250875978,0.4557295595,4748.2605957029855,5740.006079101227,4752.537084961249,5732.068896484291,"1,1,60",1
1577,96698000,101.30800000000112,-0.02036957525,-0.052120415125,0.009663072625,0.332698840625,1312.46,1368.54,1278.27,1369.73,123450.0,2.0,0.9269310014423077,0.9512873903846154,0.9512873903846154,0.9512873903846154,0.0,0.0,0.043942347,-0.0010650995,0.16564858,-2.3391352,0.011971174,-9.5169525,15.981549134615385,24.896063384615385,101133.17057692308,-0.8045878109615384,-0.08852859961538462,0.08638457834615385,-0.5808050576923077,55.8701769,9.4744539,-15.00426485,0.895359209,2.577425715,-0.00252888209,0.1697333638095238,-0.2533111180952381,0.4577439028571429,4752.647409539767,5727.526752672769,4742.824835525899,5739.690121299353,"1,1,60",1
1578,96748000,101.35800000000111,-0.020217719653846156,-0.05197747176923077,0.009686192153846154,0.33293729730769234,1313.0,1368.46,1278.0,1370.46,123450.0,2.0,0.926778675,0.951185823076923,0.951185823076923,0.951185823076923,0.0,0.0,0.032623598749999996,0.010918814,0.15978974,-2.43310795,0.04159942375,-9.388863375,15.938662115384615,24.896067288461538,101133.6963846154,-0.8021859635416667,-0.08885618270833333,0.0861257475,-0.5841070333333334,55.9141025,9.6040236,-15.0044995,0.874218375,2.5850513399999997,-0.0005157377300000006,0.166286086,-0.252330734,0.4553105655,4744.910791015243,5736.176098633082,4750.391430664437,5730.097070312446,"1,1,60",1
1579,96798000,101.40800000000112,-0.0199415231875,-0.05254904825,0.00961593775,0.33338632687499997,1313.0,1369.46,1278.0,1371.46,123450.0,2.0,0.926626425,0.9510842846153846,0.9510842846153846,0.9510842846153846,0.0,0.0,0.04340946525,0.010519599625,0.1564607475,-2.3403326,0.0179566805,-9.4463225,16.000148557692306,24.896072115384616,101132.9893076923,-0.7997974259615385,-0.08909212461538461,0.08574134615384615,-0.5873931692307692,55.957277500000004,9.7336416,-15.0046245,0.852968425,2.59230954,0.0026146623699999996,0.16516630399999999,-0.2546256575,0.45643625849999997,4754.410986328246,5739.645654296642,4743.911816405985,5743.10563964913,"1,1,60",1
1580,96848000,101.45800000000112,-0.02003264694230769,-0.05245827007692307,0.009352427173076923,0.3339221728846154,1313.46,1370.0,1278.23,1372.23,123450.0,2.0,0.926490946574074,0.9509939615740741,0.9509939615740741,0.9509939615740741,0.0,0.0,0.0365518365,0.005459762275,0.1572596875,-2.3666688999999996,1.6499999999988746e-07,-9.467272,15.977576442307692,24.896077884615384,101133.25469230769,-0.7973715333333333,-0.089407243125,0.08537666458333333,-0.5906878695833333,55.998822574257424,9.86330799009901,-15.003517742574257,0.831764134059406,2.598798099009901,0.00558235835049505,0.162418338,-0.25512404450000004,0.457152227,4751.788916015548,5743.818066406247,4758.520605469321,5738.292309570023,"1,1,60",1
1581,96898000,101.50800000000112,-0.02001305575,-0.052184660125,0.00942273959375,0.334455924375,1314.46,1370.0,1278.73,1372.73,123450.0,2.0,0.9263657475,0.9509105125,0.9509105125,0.9509105125,0.0,0.0,0.0504003375,0.008888298250000001,0.156727035,-2.432808175,0.027383848750000002,-9.5269778125,16.030213673076922,24.89608365384615,101132.59567307691,-0.7949243165384615,-0.08978878596153846,0.08503470603846154,-0.5939680146153846,56.03966910891089,9.992995118811882,-15.001883089108912,0.8105794112871287,2.604956811881188,0.008480323994059406,0.16000244,-0.255768161,0.458480369,4763.419262695571,5744.30866699232,4749.7474853510985,5749.175170898866,"1,1,60",1
1582,96948000,101.55800000000113,-0.02035678980769231,-0.052241194115384616,0.009397095778846154,0.33484853884615384,1315.0,1370.0,1279.23,1373.0,123450.0,2.0,0.9262184273076923,0.9508122956730769,0.9508122956730769,0.9508122956730769,0.0,0.0,0.04121245375,0.00113172355,0.15393071749999998,-2.411260775,0.009576975225,-9.59237025,15.986785769230769,24.896089423076923,101133.10182692308,-0.792480085625,-0.09021330875,0.08466641241666667,-0.59721425,56.07949147474748,10.123423888888889,-15.000381555555556,0.7900890135353535,2.6111998545454544,0.008376693644444445,0.156848763,-0.25612358,0.458045163,4762.98378906239,5743.635498047056,4761.870214844618,5750.510937499426,"1,1,60",1
1583,96998000,101.60800000000113,-0.01951774625,-0.051772527375,0.0090991970625,0.33499484125,1315.0,1370.0,1279.73,1373.0,123450.0,2.0,0.9260451388461538,0.9506967427884615,0.9506967427884615,0.9506967427884615,0.0,0.0,0.029294856125,-0.0034287695,0.15899072875,-2.356044375,-0.01900380975,-9.59925325,15.98182,24.896094326923077,101133.16865384615,-0.7899989813461539,-0.09051579730769231,0.08457794442307692,-0.6004587644230769,56.11883187878788,10.254201666666667,-14.998942666666666,0.769925356969697,2.6174825818181815,0.006860547533333334,0.1561430995,-0.255459643,0.458749455,4759.362426758045,5739.1236572265725,4768.087451171543,5749.755639648362,"1,1,60",1
1584,97048000,101.65800000000112,-0.019208439826923076,-0.05212271223076923,0.009249132307692308,0.3351886603846154,1315.0,1370.2277227722773,1279.7722772277227,1373.4554455445545,123450.0,2.0,0.9258800304761905,0.9505866657142857,0.9505866657142857,0.9505866657142857,0.0,0.0,0.03059324425,0.0021970649874999996,0.15902398125,-2.3597851625,-0.04638749675,-9.535807624999999,15.993467211538462,24.896099961538464,101133.0625,-0.7875060826923077,-0.09075903865384616,0.08444581250000001,-0.6037066542307692,56.15746711926605,10.384936880733946,-14.997882926605506,0.7507811673394496,2.6233400605504587,0.006210432952293578,0.153997043,-0.256227335,0.4609886385,4760.364331054554,5749.985327149145,4776.4495361336485,5740.821923827448,"1,1,60",1
1585,97098000,101.70800000000112,-0.019420863,-0.052637432,0.009373137071428572,0.3356016885714286,1315.0,1370.7227722772277,1279.2772277227723,1374.4455445544554,123450.0,2.0,0.9257282685714285,0.9504855228571428,0.9504855228571428,0.9504855228571428,0.0,0.0,0.04833622125,0.016578462250000002,0.1519333675,-2.387917125,-0.06254834875,-9.652225000000001,16.01406490566038,24.896105641509436,101132.8233962264,-0.7850241830188679,-0.09108702094339623,0.08399295754716982,-0.6069440033962263,56.19580014678899,10.51565385321101,-14.996985678899083,0.7320738921100918,2.629015289908257,0.005931474741284404,0.153014308,-0.256319248,0.458088984,4761.421944754531,5759.8323800218905,4761.9148297986085,5746.608816965005,"1,1,60",1
1586,97148000,101.75800000000112,-0.02070441323529412,-0.05241702521568627,0.009642022911764705,0.3358065031372549,1315.4444444444443,1371.2222222222222,1279.4444444444443,1374.5555555555557,123450.0,2.0,0.925577431775701,0.9503849826168225,0.9503849826168225,0.9503849826168225,0.0,0.0,0.06997473625,0.011518146025,0.158025275,-2.3737017125,-0.0327704725,-9.596410375,15.994892352941177,24.89610923529412,101133.05058823529,-0.7825214106976743,-0.09173126069767441,0.08316594209302326,-0.6101853720930233,56.23287714285714,10.646145714285714,-14.995778142857143,0.7121864114285714,2.6350835714285714,0.0051418734857142856,0.1515534047826087,-0.25697730695652177,0.45993212695652175,4770.751879883149,5748.7171142577345,4752.002441406549,5759.043725585496,"1,1,60",1
1587,97198000,101.80800000000113,-0.0199645195,-0.051511750249999995,0.010122376875,0.335978668125,1316.4545454545455,1371.7272727272727,1280.4545454545455,1373.5454545454545,123450.0,2.0,0.9254289738317757,0.9502859919626169,0.9502859919626169,0.9502859919626169,0.0,0.0,0.04787026425,-0.003195702775,0.15559524000000002,-2.4115601499999997,0.06943201725,-9.509171499999999,16.009899711538463,24.896112846153848,101132.86538461538,-0.7800093615384616,-0.0924649926923077,0.0825624676923077,-0.6133635040384615,56.268794725274724,10.77642978021978,-14.994284186813188,0.6912095103296703,2.6415146703296704,0.0038809094197802202,0.147121568,-0.255836051,0.461196672,4775.458886718623,5749.396093749951,4763.208813476044,5743.268017578569,"1,1,60",1
1588,97248000,101.85800000000113,-0.020313769538461538,-0.052016729365384616,0.009676678096153846,0.3362897205769231,1317.0,1372.0,1281.0,1373.23,123450.0,2.0,0.9252803403846154,0.95018688625,0.95018688625,0.95018688625,0.0,0.0,0.0523643815,0.012683417,0.1552955875,-2.4468746,-0.021996564062499998,-9.52234,15.981458846153846,24.896116692307693,101133.19423076924,-0.7774933061538462,-0.0930003875,0.08206581357692308,-0.6165355726923077,56.30295175,10.9076805,-14.993514,0.669242096,2.6471949500000003,0.0023914851995000003,0.1454999955,-0.254439512,0.46196350799999997,4773.487182617018,5751.592700195515,4756.540185547102,5754.839624023479,"1,1,60",1
1589,97298000,101.90800000000112,-0.02014570775,-0.052023308750000004,0.009605071125,0.336505741875,1317.0,1372.0,1281.0,1373.73,123450.0,2.0,0.9251306288461538,0.95008707375,0.95008707375,0.95008707375,0.0,0.0,0.0343549365,0.010852407250000001,0.157392795,-2.3690627,-0.0029925854999999987,-9.519048999999999,15.968999038461538,24.89612053846154,101133.33384615384,-0.77496012625,-0.09341792489583332,0.08155153654166668,-0.6197224608333334,56.33635425,11.0393455,-14.993053999999999,0.646850176,2.65255345,0.0008041494845000001,0.144020697,-0.25641578849999996,0.461625444,4767.457641601884,5754.754125976199,4765.394531249765,5755.628344726807,"1,1,60",1
1590,97348000,101.95800000000114,-0.020333684557692307,-0.051882724,0.010033702326923077,0.3364507090384616,1317.0,1371.77,1281.23,1374.0,123450.0,2.0,0.9249809652777778,0.9499872944444444,0.9499872944444444,0.9499872944444444,0.0,0.0,0.039548088625000005,-0.0011984787,0.159656505,-2.4274217250000003,0.0719758565,-9.57201725,15.986424711538461,24.89612319230769,101133.14692307693,-0.77243934375,-0.0937742915625,0.08119326770833334,-0.6228547466666666,56.36813765,11.17124465,-14.992692349999999,0.6239511795,2.657200295,-0.0012228467245000002,0.1411165265,-0.257488377,0.4648810305,4771.78081054662,5744.082275390448,4755.560742187573,5760.6038574221275,"1,1,60",1
1591,97398000,102.00800000000113,-0.0198758420625,-0.051546714625,0.0097848221875,0.33647849625,1317.0,1371.27,1281.73,1374.0,123450.0,2.0,0.9248320532407407,0.9498880351851852,0.9498880351851852,0.9498880351851852,0.0,0.0,0.026997847625,-0.00256318325,0.15569507125,-2.3874682625,0.0014965453750000017,-9.659857125,15.972339432692307,24.896125115384613,101133.31211538462,-0.7699121365384616,-0.09407958855769231,0.08104507538461539,-0.625948798076923,56.39922715,11.30324415,-14.992372849999999,0.6008348645,2.661542145,-0.0034382688595000002,0.1378615935,-0.256618155,0.464686914,4766.150292968804,5749.601513671312,4765.29167480465,5748.844238281458,"1,1,60",1
1592,97448000,102.05800000000113,-0.019076909442307693,-0.05134929913461538,0.009265770673076924,0.3363810876923077,1317.0,1371.4554455445545,1282.0,1373.5445544554455,123450.0,2.0,0.9246831412037037,0.9497887759259259,0.9497887759259259,0.9497887759259259,0.0,0.0,0.023269472125,0.0012317360874999992,0.15456320125,-2.422483625,-0.030974824375,-9.58817875,15.973152067307693,24.89612703846154,101133.29153846155,-0.7673745614583333,-0.09421308177083333,0.08102318895833333,-0.6290404791666667,56.42875355,11.43534725,-14.99188465,0.57796853,2.666086575,-0.00530337107,0.138021051,-0.255875295,0.4639210495,4766.336230468807,5741.91677246099,4754.023925780965,5755.650659179534,"1,1,60",1
1593,97498000,102.10800000000113,-0.017807429428571428,-0.05134899271428572,0.009626997,0.33636034285714284,1317.0,1372.4455445544554,1282.0,1372.5544554455446,123450.0,2.0,0.9245312509615384,0.9496875043269231,0.9496875043269231,0.9496875043269231,0.0,0.0,0.01264979375,0.0031959034749999998,0.161187835,-2.359785275,-0.027832430875,-9.566631,16.000068490566036,24.896128943396228,101132.96490566038,-0.7648385315789474,-0.09423888747368421,0.08099785905263157,-0.6321200157894736,56.45761005,11.56749475,-14.99132415,0.55520933,2.670717825,-0.007018336169999999,0.13545933699999999,-0.25781212600000003,0.463752926,4753.550341796994,5753.302563476739,4772.640624999654,5730.229638671852,"1,1,60",1
1594,97548000,102.15800000000112,-0.019160483960784312,-0.05180582680392157,0.010146642333333334,0.33637096588235293,1316.7777777777778,1372.7777777777778,1281.7777777777778,1372.2222222222222,123450.0,2.0,0.9243790298076923,0.9495860091346153,0.9495860091346153,0.9495860091346153,0.0,0.0,0.04680504875,0.0149136595,0.15399732625,-2.4037785625,-0.029029533750000003,-9.542091875,16.022141764705882,24.8961308627451,101132.69796078431,-0.7622951186046512,-0.09437301893023256,0.08078023753488371,-0.6351942581395349,56.4852006,11.700471049999999,-14.991329775,0.5339004705,2.67550472,-0.009286923255,0.13215675869565216,-0.2587392939130435,0.4626551304347826,4761.505639648575,5747.0004882809935,4751.435498046365,5744.648217773928,"1,1,60",1
1595,97598000,102.20800000000114,-0.01950551825,-0.052152513875,0.009994545375,0.336288889375,1316.2727272727273,1372.2727272727273,1281.2727272727273,1372.7272727272727,123450.0,2.0,0.9242446633653846,0.9494964473076923,0.9494964473076923,0.9494964473076923,0.0,0.0,0.053462984875,0.011285109125,0.16142089125,-2.429815425,-0.021248372625,-9.576058875,16.00592701923077,24.896132403846153,101132.89723076923,-0.7596779255769232,-0.09480777557692308,0.0800593335576923,-0.6383468873076923,56.51224860000001,11.83380255,-14.991578025,0.5132131855,2.68035832,-0.011792776905,0.1315755975,-0.257596355,0.46525105499999997,4752.233886718659,5741.672241210996,4755.453808593569,5742.0804687499085,"1,1,60",1
1596,97648000,102.25800000000113,-0.02061408225,-0.05228091196153846,0.009880254096153845,0.33644897153846154,1316.46,1372.0,1281.23,1373.0,123450.0,2.0,0.92411421625,0.949409505,0.949409505,0.949409505,0.0,0.0,0.06128595925,0.022137643749999998,0.15692678999999998,-2.4054246624999998,0.01990196825,-9.441684125,15.973784326923075,24.89613373076923,101133.27365384616,-0.7570026075,-0.09530634538461538,0.07926348769230769,-0.6415423553846153,56.537508450000004,11.96783195,-14.991121725000001,0.490705246,2.684503905,-0.01193535065,0.12870581250000002,-0.2570997875,0.4663856975,4752.472827148597,5739.34040527353,4738.220019530828,5761.349633789587,"1,1,60",1
1597,97698000,102.30800000000113,-0.0207877366875,-0.051879922187500004,0.010065904374999999,0.33671426125,1317.46,1372.0,1281.73,1373.0,123450.0,2.0,0.9239552708333333,0.9493035472222222,0.9493035472222222,0.9493035472222222,0.0,0.0,0.035153642,-0.0015981575,0.15925708,-2.3702602,0.019153781,-9.544485,16.0006,24.896135653846155,101132.96307692307,-0.7543476958333334,-0.09579511354166667,0.07865675760416667,-0.6446648070833333,56.56200195,12.10216045,-14.990363475,0.467417026,2.6883460550000002,-0.01106509015,0.12541595913043477,-0.25795866782608695,0.46656452260869563,4760.192999589014,5738.587119654768,4755.375179892911,5746.409128289062,"1,1,60",1
1598,97748000,102.35800000000114,-0.02139506598076923,-0.05192581659615384,0.010064758884615384,0.33688335846153844,1318.0,1372.46,1282.23,1372.77,123450.0,2.0,0.9237863125,0.9491909083333333,0.9491909083333333,0.9491909083333333,0.0,0.0,0.024800675,0.00322907315,0.15742612,-2.415600175,0.052373336875,-9.546430875,15.99111971153846,24.896137865384613,101133.09961538462,-0.7517512395833333,-0.09610701020833333,0.07850524229166667,-0.6476627875000001,56.5845939,12.2370794,-14.9894843,0.444261134,2.693019455,-0.01041569575,0.123298719,-0.2580081205,0.467221228,4761.490649413982,5738.2684814452505,4750.309545898208,5747.992773437907,"1,1,60",1
1599,97798000,102.40800000000114,-0.0205990301875,-0.0517884149375,0.0102049103125,0.337225533125,1318.0,1373.46,1282.73,1372.27,123450.0,2.0,0.9236425143518519,0.9490950384259259,0.9490950384259259,0.9490950384259259,0.0,0.0,0.0117843915,0.0065247362500000005,0.1577257325,-2.3546979,0.023642907249999998,-9.427469,15.97243,24.89614025,101133.315,-0.7491672853846154,-0.09616057615384616,0.0784363293076923,-0.6506498301923077,56.6063709,12.3722514,-14.9885533,0.421161954,2.698049105,-0.00986095825,0.1220547785,-0.2587977635,0.46672562100000003,4752.692114257917,5754.531103515783,4770.802709961123,5732.113940429236,"1,1,60",1
1600,97848000,102.45800000000114,-0.02049608853846154,-0.05187587394230769,0.01029841076923077,0.33755547346153847,1318.23,1374.23,1283.23,1372.46,123450.0,2.0,0.9235169356481482,0.949011311574074,0.949011311574074,0.949011311574074,0.0,0.0,0.0505997535,0.0183761055,0.16018921,-2.41694665,-0.00239403675,-9.4564995,15.995453557692308,24.896141423076923,101133.03365384616,-0.7465566650000001,-0.096255383125,0.07813488741666666,-0.653665961875,56.627047149999996,12.5076054,-14.98699055,0.39950588,2.702386,-0.00839016701,0.12001427738095237,-0.25829124571428574,0.4675340695238095,4760.236405221892,5749.490671257944,4751.844803658959,5746.8484272213445,"1,1,60",1
1601,97898000,102.50800000000113,-0.021237484875,-0.05203415875,0.0102383543125,0.338114484375,1318.73,1374.73,1283.73,1373.46,123450.0,2.0,0.923368000990099,0.9489120277227723,0.9489120277227723,0.9489120277227723,0.0,0.0,0.049335219250000006,0.01304950325,0.15672698,-2.392705525,0.030526240250000003,-9.506778,16.02308182692308,24.896143346153845,101132.6726923077,-0.7438922573076923,-0.09663843492307692,0.07745469123076923,-0.6567203896153846,56.64725165,12.6430374,-14.98515705,0.37846828,2.706426,-0.00652678131,0.11489163475,-0.25770136899999996,0.46853099000000004,4764.751757812546,5754.020654297122,4759.082104492811,5749.608056640345,"1,1,60",1
1602,97948000,102.55800000000113,-0.02112600967346939,-0.051764346081632655,0.010544962112244897,0.338863263877551,1319.4554455445545,1375.2277227722773,1284.2277227722773,1374.2277227722773,123450.0,2.0,0.9231868128712871,0.9487912603960396,0.9487912603960396,0.9487912603960396,0.0,0.0,0.049801081250000004,0.008655312875,0.15366442,-2.405275275,-0.016160698,-9.43525125,15.991480865384617,24.896145269230768,101133.06980769231,-0.7412149787755101,-0.09710114704081632,0.07681477795918368,-0.659748,56.6662917,12.778618849999999,-14.98304565,0.35719961,2.70904766,-0.00508288216,0.1151795345,-0.2578939135,0.469395925,4772.317407226756,5761.747583008058,4764.409374999931,5756.635327148935,"1,1,60",1
1603,97998000,102.60800000000114,-0.021454341692307692,-0.05186176230769231,0.010821113653846153,0.33956301615384615,1320.4455445544554,1375.7227722772277,1284.7227722772277,1374.7227722772277,123450.0,2.0,0.9230278121495327,0.9486852672897196,0.9486852672897196,0.9486852672897196,0.0,0.0,0.053862573375,0.006890823125,0.1593568675,-2.430264525,0.005087845875,-9.572766625,15.968457307692308,24.896147,101133.3275,-0.738516233220339,-0.09763439533898305,0.07621898983050848,-0.6627569491525424,56.6848327,12.91426435,-14.98081515,0.33583191,2.71106146,-0.00381876296,0.1110868119,-0.25557476100000004,0.47076841999999997,4781.994001116422,5763.768903460182,4771.181152344309,5765.207728794112,"1,1,60",1
1604,98048000,102.65800000000114,-0.021205225411764703,-0.05146578670588235,0.010820233901960784,0.33963614941176473,1320.7777777777778,1376.2222222222222,1285.2222222222222,1375.0,123450.0,2.0,0.9229020925233644,0.9486014355140187,0.9486014355140187,0.9486014355140187,0.0,0.0,0.04577305625,0.002263774125,0.15749270499999998,-2.38761775,-0.009875914875,-9.633220999999999,16.01667134615385,24.896147,101132.77403846155,-0.735786426,-0.09817499325,0.075756051,-0.6657619135,56.7018078,13.050064899999999,-14.9793235,0.31335120299999997,2.7138408849999998,-0.00645462243,0.10929699426086956,-0.2566576182608696,0.4703379026086956,4785.595507812626,5759.142260741776,4773.063793944866,5763.365185547057,"1,1,60",1
1605,98098000,102.70800000000114,-0.0210109879375,-0.051563455875,0.0106161760625,0.33952207687499997,1320.2727272727273,1376.7272727272727,1285.7272727272727,1375.0,123450.0,2.0,0.922763794,0.9485092152380953,0.9485092152380953,0.9485092152380953,0.0,0.0,0.034820737500000004,0.003129102225,0.16231969,-2.4444799,0.0002994418750000001,-9.53281525,15.972520288461538,24.89614696153846,101133.32884615385,-0.7330344038461538,-0.09858087423076924,0.07539984096153847,-0.6687696776923077,56.7181118,13.1859319,-14.9781485,0.290393493,2.716948435,-0.01076190133,0.1079813037,-0.2567426115,0.4720720975,4777.794580077677,5751.920117187742,4768.125341797841,5762.064453124527,"1,1,60",1
1606,98148000,102.75800000000115,-0.020302806673469388,-0.05168823012244898,0.010575995653061224,0.3398651963265306,1320.0,1376.7722772277227,1286.0,1375.0,123450.0,2.0,0.922589694,0.94839312,0.94839312,0.94839312,0.0,0.0,0.0287620065,0.0071904642500000004,0.1510012725,-2.403479425,0.0706291285,-9.62588775,15.97703471153846,24.89614503846154,101133.27115384616,-0.7303070908163265,-0.09880591612244898,0.07512549020408163,-0.6717451724489796,56.73243348672566,13.322234566371682,-14.977371353982301,0.26770380079646017,2.7198939123893804,-0.01362729318584071,0.10594444550000001,-0.256750431,0.4714850615,4778.413354492699,5767.4308593753185,4774.096020507316,5752.497241210844,"1,1,60",1
1607,98198000,102.80800000000114,-0.02082345223076923,-0.05170398507692308,0.010511520461538462,0.33985553076923075,1320.0,1376.2772277227723,1286.0,1375.0,123450.0,2.0,0.922419588317757,0.9482796942056075,0.9482796942056075,0.9482796942056075,0.0,0.0,0.043530700454545455,0.006537110090909091,0.15284119999999998,-2.3737426727272726,-0.019371105727272728,-9.497581545454546,15.959428461538462,24.896143115384614,101133.45846153847,-0.7276177464285715,-0.09902918678571428,0.07478374785714285,-0.6746617,56.74590561061947,13.458723946902655,-14.97676471681416,0.24512897336283185,2.7227699300884955,-0.015874733451327436,0.10466569956521739,-0.25685208782608693,0.47527402434782606,4782.0813476560925,5757.860449219122,4765.513769531856,5757.267968749288,"1,1,60",1
1608,98248000,102.85800000000114,-0.020527309921568627,-0.05170771311764706,0.009893273892156862,0.3398281664705882,1320.0,1376.0,1286.0,1375.0,123450.0,2.0,0.9222704528037383,0.9481802829906542,0.9481802829906542,0.9481802829906542,0.0,0.0,0.0316915525,0.009920254,0.15958997,-2.4289176,-0.05207372275,-9.54897425,15.946523660714286,24.896140482142854,101133.59589285713,-0.7248691976744186,-0.09928642802325581,0.07438024581395349,-0.6776222169767442,56.75840682758621,13.595427632183908,-14.976657390804599,0.222643561954023,2.7254689183908045,-0.018010688574712642,0.10082253582608695,-0.25611549869565214,0.4733997639130435,4772.120990953882,5760.9013157892305,4773.540218955491,5755.396741365459,"1,1,60",1
1609,98298000,102.90800000000114,-0.020814693999999998,-0.051744608312499996,0.009897252375,0.3397903675,1320.0,1376.0,1286.0,1375.0,123450.0,2.0,0.9221213762962963,0.9480809112962962,0.9480809112962962,0.9480809112962962,0.0,0.0,0.0480701825,0.01118513925,0.15479621500000001,-2.4160489,0.017956679,-9.51635525,15.984980096153846,24.89613605769231,101133.16269230768,-0.7220793525,-0.09950223725,0.07392662375,-0.68061048125,56.76967234482758,13.732404068965518,-14.977185551724139,0.2002719527586207,2.727942596551724,-0.02000475351724138,0.09999146575,-0.254836087,0.4730599895,4775.23701171887,5750.946166992413,4759.0799804689195,5762.258251952304,"1,1,60",1
1610,98348000,102.95800000000114,-0.02046949594230769,-0.051468888865384615,0.010080479500000001,0.3400147855769231,1320.2277227722773,1376.0,1286.0,1374.7722772277227,123450.0,2.0,0.9219751911111111,0.9479834761111111,0.9479834761111111,0.9479834761111111,0.0,0.0,0.02862890375,0.0038614340499999998,0.15719313000000001,-2.4070709,0.035613918749999994,-9.435250625,16.0029475,24.89613125,101132.9425,-0.7192865638636363,-0.09978269009090909,0.07347865727272727,-0.6835702420454546,56.77931507339449,13.869478559633029,-14.977825972477065,0.17714379385321102,2.729798952293578,-0.021040682036697247,0.09563520669999999,-0.256750588,0.4745752505,4766.435180664104,5757.457885742323,4773.043823242176,5749.647045898433,"1,1,60",1
1611,98398000,103.00800000000115,-0.020797776142857143,-0.051340448000000004,0.010358917571428572,0.3401072142857143,1320.7227722772277,1376.0,1286.0,1374.2772277227723,123450.0,2.0,0.921829005925926,0.9478860409259259,0.9478860409259259,0.9478860409259259,0.0,0.0,0.04350943625,0.002962794625,0.15626097875,-2.349759275,0.018255955249999997,-9.58234325,15.988591634615386,24.89612715384615,101133.10211538461,-0.7165006026415095,-0.10007254349056603,0.07314255935849057,-0.6864824298113208,56.788262321100916,14.006595073394497,-14.978514504587157,0.1536913993577982,2.731390741284404,-0.02166598066055046,0.0965563268,-0.256476376,0.475780328,4778.417061942222,5753.955566406146,4759.567243303488,5761.1232561381,"1,1,60",1
1612,98448000,103.05800000000114,-0.020065672921568627,-0.05086284415686274,0.010153226333333334,0.33994423529411766,1321.0,1376.0,1285.7777777777778,1374.4444444444443,123450.0,2.0,0.9216968464761904,0.9477979076190476,0.9477979076190476,0.9477979076190476,0.0,0.0,0.02776320475,0.008721702500000001,0.16045553499999998,-2.39928975,0.02902986225,-9.498697499999999,15.994460384615383,24.896121961538462,101133.03192307692,-0.7136832127659575,-0.10040070070212766,0.07283300472340426,-0.6893967,56.79596354736842,14.143535778947369,-14.979878431578948,0.13058371547368422,2.7322981831578947,-0.021807731178947368,0.09260850086956521,-0.2569928695652174,0.47485609130434786,4765.150683593333,5753.184033203096,4773.259008789229,5742.398144531304,"1,1,60",1
1613,98498000,103.10800000000114,-0.020832569874999998,-0.05158167875,0.010025032250000001,0.33991790125,1321.0,1376.0,1285.2727272727273,1375.4545454545455,123450.0,2.0,0.9215669702857143,0.9477112885714286,0.9477112885714286,0.9477112885714286,0.0,0.0,0.0427436885,0.013848517000000001,0.153797575,-2.38761775,-0.02753315325,-9.4972,16.009538557692306,24.896116192307694,101132.85211538461,-0.71084971875,-0.10062679125,0.07247170875,-0.69232218125,56.802514599999995,14.280314200000001,-14.9818658,0.10779422599999999,2.73257392,-0.0215031296,0.09041300780952381,-0.25513571142857144,0.476198500952381,4769.9977384871545,5754.358218544467,4753.473787006146,5756.284436677797,"1,1,60",1
1614,98548000,103.15800000000115,-0.021153077692307693,-0.051523282903846154,0.010348944057692308,0.3397537051923077,1321.0,1375.77,1284.77,1376.23,123450.0,2.0,0.9214084289719626,0.9476055859813084,0.9476055859813084,0.9476055859813084,0.0,0.0,0.03522053075,0.0027297604250000004,0.1595233225,-2.40527525,0.028132037250000002,-9.48971925,16.00628817307692,24.89611101923077,101132.90565384614,-0.7080435125,-0.10088762784090909,0.0719985675,-0.6952045704545454,56.808018749999995,14.416896427083334,-14.984129666666666,0.08518938925,2.733053541666667,-0.02192648359375,0.0884218875,-0.256505798,0.476439928,4763.005322265543,5746.226855468427,4759.44616699233,5746.25861816376,"1,1,60",1
1615,98598000,103.20800000000115,-0.022054647625,-0.051644553937500004,0.0101163874375,0.33980834875000004,1321.0,1375.27,1284.27,1376.73,123450.0,2.0,0.9212408355140187,0.9474938570093459,0.9474938570093459,0.9474938570093459,0.0,0.0,0.03109252075,0.00872194175,0.1585246475,-2.47171445,0.025438562249999998,-9.586384125,16.0006,24.896105653846153,101132.98176923077,-0.7051776967307692,-0.10108667413461538,0.07172891538461539,-0.6981092125,56.812881250000004,14.55335840625,-14.986563,0.06269772674999999,2.7336581250000003,-0.022796003906249997,0.08677168885,-0.2551337545,0.4766140925,4757.664038085804,5738.681689453036,4755.415380859387,5756.9413085940605,"1,1,60",1
1616,98648000,103.25800000000115,-0.021299507788461538,-0.05160946334615384,0.010241970173076924,0.3397158707692308,1321.4423076923076,1375.2211538461538,1283.5576923076924,1376.7788461538462,123450.0,2.0,0.9210840171428571,0.9473893114285714,0.9473893114285714,0.9473893114285714,0.0,0.0,0.021372066250000002,-0.0008655616000000001,0.15472964,-2.392107175,0.020949432249999997,-9.433453499999999,15.985973269230769,24.896099884615385,101133.14615384616,-0.7023195891666667,-0.10122036916666666,0.07159086697916667,-0.7009799625,56.81648495412844,14.689591724770642,-14.988742449541284,0.04045479173394495,2.7343009220183485,-0.021841085229357796,0.0848588751,-0.25447702899999997,0.478958941,4750.804736327801,5747.425024414183,4764.208764648898,5723.146850585053,"1,1,60",1
1617,98698000,103.30800000000114,-0.021541128596153845,-0.05137286773076923,0.010953841134615385,0.33959088403846155,1322.4038461538462,1375.701923076923,1282.5961538461538,1376.298076923077,123450.0,2.0,0.9209338028571429,0.9472891685714285,0.9472891685714285,0.9472891685714285,0.0,0.0,0.048469437625,0.015679364125,0.1527989175,-2.363975025,0.0429461605,-9.455152,15.997581785714287,24.89609432142857,101133.00089285715,-0.69950608,-0.10145951076923077,0.07127994632692308,-0.7037840980769231,56.81954917431192,14.82572704587156,-14.990813091743119,0.018318454211009173,2.7349600963302754,-0.020104264128440366,0.08200860609999999,-0.25600232,0.47725752,4757.79931640625,5746.76171875,4748.97265625,5732.67431640625,"1,1,60",1
1618,98748000,103.35800000000114,-0.02241019828888889,-0.05139803986666667,0.010947256977777778,0.33979354866666667,1322.8020833333333,1375.8020833333333,1282.3958333333333,1376.3958333333333,123450.0,2.0,0.9207813145631069,0.9471875097087378,0.9471875097087378,0.9471875097087378,0.0,0.0,0.05249788325,0.01022003775,0.15712639750000001,-2.345569925,0.04519072425,-9.430311875000001,16.010255754716983,24.89608920754717,101132.84150943397,-0.6966392195918367,-0.10184018714285714,0.07064038428571429,-0.7066317318367347,56.82164714285714,14.961901714285714,-14.992146714285713,-0.0038419570000000017,2.7351228714285716,-0.017431712000000002,0.0800327983,-0.2553143585,0.47887418,4752.597998046313,5739.086914062429,4745.635107422305,5737.670336913453,"1,1,60",1
1619,98798000,103.40800000000115,-0.02174413982352941,-0.051445578,0.010139188352941177,0.3400454335294118,1322.28125,1375.28125,1283.4375,1377.4375,123450.0,2.0,0.920626727184466,0.9470844514563107,0.9470844514563107,0.9470844514563107,0.0,0.0,0.051665004,0.013316255,0.15366448,-2.4001873,-0.025138957,-9.39485,15.963868529411764,24.89608474509804,101133.3831372549,-0.6937179709090909,-0.10221853909090908,0.07004816963636364,-0.7095035545454546,56.822853186813184,15.098112703296703,-14.992800010989011,-0.02602459007692308,2.734827431868132,-0.013895408153846154,0.07679946295652174,-0.25466780173913045,0.47966109739130436,4755.178759765772,5740.537792968652,4747.386816406056,5744.19689941467,"1,1,60",1
1620,98848000,103.45800000000115,-0.021852186673076923,-0.05147788938461539,0.010246163365384616,0.34035871173076926,1322.23,1375.0,1284.0,1377.77,123450.0,2.0,0.920474388425926,0.9469829064814814,0.9469829064814814,0.9469829064814814,0.0,0.0,0.04267723625,0.0078562418,0.15586152,-2.467224925,0.009576974750000005,-9.5498735,15.947058942307692,24.896080846153847,101133.59576923077,-0.6908085011363636,-0.10257032886363637,0.06949915627272728,-0.7123411743181819,56.82233125,15.2349789,-14.9936288,-0.047883639,2.73467363,-0.01264817385,0.073893545,-0.2543691975,0.478689875,4750.706469726113,5747.943554687781,4755.39936523515,5738.262231444507,"1,1,60",1
1621,98898000,103.50800000000115,-0.0214287209375,-0.0510254349375,0.010446293875,0.3403631575,1322.73,1375.0,1284.0,1377.27,123450.0,2.0,0.9203246893518519,0.946883137962963,0.946883137962963,0.946883137962963,0.0,0.0,0.054062007125,0.00342902388375,0.16058870625,-2.407669575,0.026037113125,-9.50602825,15.977125,24.8960775,101133.24,-0.6878668465384615,-0.10300088846153846,0.06905978280769232,-0.7151616748076923,56.82106875,15.3721259,-14.9945328,-0.069604009,2.73458053,-0.01238196935,0.0730947775,-0.254150055,0.48018013249999997,4758.337475586262,5733.912744140301,4753.538842773035,5740.750708008122,"1,1,60",1
1622,98948000,103.55800000000116,-0.021629072615384614,-0.05163922144230769,0.01065332226923077,0.34060724480769233,1323.23,1375.46,1284.23,1377.0,123450.0,2.0,0.9201750442307692,0.9467833865384615,0.9467833865384615,0.9467833865384615,0.0,0.0,0.045473678249999996,0.014181114125000002,0.15599466250000002,-2.4170963000000003,0.020500520375000005,-9.454405,15.986063557692308,24.896075153846155,101133.13634615386,-0.6849022393749999,-0.10342217945833333,0.06851489291666667,-0.717993574375,56.81813045,15.509178050000001,-14.9947704,-0.0914553035,2.733199955,-0.01034671575,0.0716578075,-0.2539043575,0.481172355,4754.899560546478,5740.348583984849,4746.971801758132,5746.693408202787,"1,1,60",1
1623,98998000,103.60800000000116,-0.020956088,-0.051661952625,0.0110406819375,0.341039580625,1323.73,1376.46,1284.73,1377.0,123450.0,2.0,0.920025525,0.946683675,0.946683675,0.946683675,0.0,0.0,0.0339553725,0.0039950619,0.152865425,-2.4447795500000002,0.0218472585,-9.45440275,16.01369182692308,24.896071653846153,101132.81230769231,-0.6819863615384615,-0.10363972396153846,0.068034425,-0.7207777615384615,56.81447395,15.64618955,-14.994722399999999,-0.11336270849999999,2.731267605,-0.007553298250000001,0.06898671,-0.25264089,0.482935595,4753.1646972658755,5752.693579101551,4754.800976562262,5737.972363281551,"1,1,60",1
1624,99048000,103.65800000000115,-0.02190090069230769,-0.051294149923076925,0.011011890807692307,0.3412313201923077,1324.0,1377.0,1285.0,1377.46,123450.0,2.0,0.9198766064220184,0.9465843743119267,0.9465843743119267,0.9465843743119267,0.0,0.0,0.050200651875,-0.0004995043999999997,0.15616111625,-2.37684425,-0.007332078749999998,-9.443928750000001,15.985882980769231,24.896069865384618,101133.11942307692,-0.6790648822916667,-0.10402876958333333,0.067622915625,-0.7235138833333333,56.80884555,15.782885,-14.994500799999999,-0.1361973895,2.72985483,-0.00631975648,0.065642884,-0.2524672775,0.4824696,4767.110863095252,5745.075334821249,4753.102957589761,5740.789527529584,"1,1,60",1
1625,99098000,103.70800000000115,-0.022143878125,-0.051196353125,0.010907371125,0.34141683500000003,1324.0,1377.0,1285.0,1378.46,123450.0,2.0,0.9197298174311926,0.9464865302752293,0.9464865302752293,0.9464865302752293,0.0,0.0,0.051902039999999997,0.0028110581555555554,0.15881319222222223,-2.400985322222222,0.009842994977777778,-9.50844,15.984920471698114,24.89606862264151,101133.1446226415,-0.6760749769230769,-0.10460130238461539,0.06708195634615385,-0.7262758288461538,56.80237205,15.919445000000001,-14.9942048,-0.1594294745,2.7286647299999998,-0.00575473288,0.06487349,-0.25089857,0.4818656,4765.001516241724,5741.052682976704,4757.686240748284,5745.233064350752,"1,1,60",1
1626,99148000,103.75800000000115,-0.02143822207692308,-0.051110266076923073,0.01048663025,0.3417850296153846,1324.46,1377.23,1285.23,1378.54,123450.0,2.0,0.9195829478504673,0.946388631775701,0.946388631775701,0.946388631775701,0.0,0.0,0.04195697072727273,0.009320990181818182,0.15695702545454546,-2.4226056636363635,0.027751138,-9.524460909090909,16.015237352941178,24.896064921568627,101132.79852941175,-0.6730530764583333,-0.10500613970833333,0.066588945,-0.7290648229166666,56.79445574257426,16.05614804950495,-14.993983623762377,-0.18240459653465346,2.7270457247524753,-0.00539664171089109,0.06236651613043478,-0.25056541652173914,0.4829439117391304,4766.273591694163,5742.297388980349,4747.72054893085,5758.283768503282,"1,1,60",1
1627,99198000,103.80800000000116,-0.020819725,-0.050566876875,0.01096084275,0.34205838875,1325.46,1377.73,1285.73,1377.54,123450.0,2.0,0.9194341441121495,0.9462894261682243,0.9462894261682243,0.9462894261682243,0.0,0.0,0.027563720375,0.0091215591625,0.15622769625000002,-2.4221843625,0.0058360335499999996,-9.516804125,16.02822826923077,24.896062942307694,101132.64615384616,-0.6700887258181818,-0.10524549936363636,0.066254879,-0.731785698909091,56.78592108910891,16.192912405940593,-14.993794514851485,-0.20526959158415842,2.725242902970297,-0.00512723586930693,0.05991564056521739,-0.24960820652173912,0.48446340739130433,4764.047412109874,5757.217871093568,4762.112231445152,5737.229003906255,"1,1,60",1
1628,99248000,103.85800000000116,-0.02177794342857143,-0.05070027955102041,0.011265318163265307,0.34206108530612245,1325.77,1377.77,1286.0,1377.46,123450.0,2.0,0.9192853403738318,0.9461902205607476,0.9461902205607476,0.9461902205607476,0.0,0.0,0.043975378625,0.007823058062499999,0.1572264025,-2.427421725,0.008529506124999996,-9.538201625000001,16.00114173076923,24.896060057692306,101132.95384615385,-0.6671312130434783,-0.10550462586956522,0.06591235717391304,-0.7344773913043479,56.77530474747475,16.329312575757577,-14.993075464646465,-0.22797445,2.7231807838383837,-0.005414533858585859,0.05864419505,-0.251586311,0.4861858825,4766.600952148378,5744.459130859447,4746.803686522834,5752.462719726827,"1,1,60",1
1629,99298000,103.90800000000115,-0.021852528235294117,-0.051015097058823525,0.010651884823529412,0.34219134,1325.27,1377.27,1286.0,1378.46,123450.0,2.0,0.9191526984615385,0.9461017879807692,0.9461017879807692,0.9461017879807692,0.0,0.0,0.03542032,0.0037284761,0.15659384,-2.4588456,0.004788568,-9.399635,16.012924375,24.896059125,101132.82,-0.6640893196078431,-0.10580970862745098,0.06544920745098039,-0.7372258196078431,56.76370878787879,16.465541363636362,-14.99210703030303,-0.25060394999999996,2.7209966424242427,-0.005963810121212121,0.0568120857826087,-0.24908809913043478,0.4851418060869565,4759.6121826173585,5746.432714843588,4761.643164062434,5741.146093750325,"1,1,60",1
1630,99348000,103.95800000000116,-0.021737558816326528,-0.051240228224489794,0.01083535463265306,0.342745003877551,1325.46,1377.69,1286.46,1378.77,123450.0,2.0,0.9190218523076924,0.9460145524038461,0.9460145524038461,0.9460145524038461,0.0,0.0,0.047970220125,0.0112850433125,0.15802534625,-2.4242791875,0.031124788625,-9.447970375,16.006920192307692,24.896057346153846,101132.85788461538,-0.6610310612244897,-0.10608011897959184,0.06502285173469387,-0.7399683632653061,56.75004045,16.60149065,-14.991764175,-0.273567098,2.71850425,-0.004084540346000001,0.0535389905,-0.2476813175,0.48578756749999996,4765.985374814224,5742.849562872157,4749.1550176707615,5763.608444940839,"1,1,60",1
1631,99398000,104.00800000000116,-0.020991174705882354,-0.05082257547058824,0.01148995005882353,0.3434321135294118,1326.46,1379.19,1287.46,1378.27,123450.0,2.0,0.9188575333333333,0.945904999047619,0.945904999047619,0.945904999047619,0.0,0.0,0.022504079,-0.0019307314500000001,0.1612543575,-2.364573875,0.01855522925,-9.4433295,16.012698653846154,24.896055423076923,101132.81874999999,-0.6580267450980392,-0.10630452490196078,0.06466396303921568,-0.7426404352941176,56.735483949999995,16.73732015,-14.991689425,-0.296673238,2.71587975,-0.0011644651260000003,0.0500554495,-0.24866179700000002,0.484278871,4768.314404297364,5761.113208008021,4774.537866210855,5744.054077148446,"1,1,60",1
1632,99448000,104.05800000000116,-0.02272507942857143,-0.050600270632653065,0.011459043632653062,0.3437264289795918,1326.77,1379.77,1288.0,1378.23,123450.0,2.0,0.9186858666666666,0.9457905466666666,0.9457905466666666,0.9457905466666666,0.0,0.0,0.04507406125,0.007190590487500001,0.1600227,-2.423231875,-0.012569392928762498,-9.637112625,15.987046509433961,24.896052056603775,101133.14716981132,-0.6550216020408163,-0.10655747010204081,0.06439070612244897,-0.7452799040816326,56.71944135,16.87294875,-14.9918084,-0.319533734,2.71392333,-0.002166782464,0.0498959045,-0.2472319865,0.4869948525,4778.0439453125,5761.673828125,4769.0283203125,5752.076171875,"1,1,60",1
1633,99498000,104.10800000000116,-0.022902918588235295,-0.05092486370588235,0.010968836823529412,0.34353761529411764,1326.27,1379.27,1288.0,1378.73,123450.0,2.0,0.9185299345794392,0.9456866143925233,0.9456866143925233,0.9456866143925233,0.0,0.0,0.037816765249999995,0.007922966,0.16085496500000002,-2.4085669750000003,0.014365378,-9.596559,15.990381470588236,24.896048882352943,101133.08647058823,-0.6519658882352941,-0.10681824539215685,0.06395645686274509,-0.7479545333333334,56.70276185,17.008491250000002,-14.9920104,-0.34228895400000003,2.71225323,-0.0048501251839999995,0.048152749782608695,-0.24759966608695652,0.48560202782608697,4770.7045898436345,5751.180468750217,4769.36213378858,5756.32863769491,"1,1,60",1
1634,99548000,104.15800000000115,-0.02250758598076923,-0.05124906728846154,0.010811328634615385,0.34347535557692305,1326.0,1379.0,1288.2277227722773,1378.7722772277227,123450.0,2.0,0.918380121495327,0.945586773271028,0.945586773271028,0.945586773271028,0.0,0.0,0.029327974375,0.003262393075,0.1536644225,-2.3476645,-0.0148139592375,-9.488071625,15.992744903846154,24.896045307692308,101133.05038461539,-0.6489681720833334,-0.10693114291666667,0.06366622125,-0.7505660489583333,56.6846855,17.1437569,-14.99210285,-0.364933651,2.7098631799999997,-0.0059665846,0.044311759900000004,-0.24667921850000002,0.487395683,4772.828613281492,5751.7953369140505,4759.069213867033,5751.548852538981,"1,1,60",1
1635,99598000,104.20800000000116,-0.02237087142857143,-0.05092773142857143,0.010923028285714285,0.3435622471428571,1326.0,1379.0,1288.7227722772277,1378.2772277227723,123450.0,2.0,0.9182418557692307,0.9454946086538462,0.9454946086538462,0.9454946086538462,0.0,0.0,0.023236203,0.0041277592,0.1639841625,-2.36996055,0.051475508,-9.492114,15.994189519230769,24.89604146153846,101133.03826923078,-0.6459456057894737,-0.10701622368421053,0.06345759315789475,-0.7531732905263158,56.6660105,17.278903900000003,-14.99214835,-0.387530981,2.7071645799999997,-0.0064115226,0.0426685671,-0.246349387,0.487898229,4758.873883928453,5753.4120396203025,4775.67173549126,5742.708356584905,"1,1,60",1
1636,99648000,104.25800000000116,-0.022367200156862745,-0.050608029411764704,0.010906497058823529,0.34347194058823527,1326.0,1379.2222222222222,1288.7777777777778,1378.2222222222222,123450.0,2.0,0.9181119519230768,0.9454080028846154,0.9454080028846154,0.9454080028846154,0.0,0.0,0.040080722,0.01251660925,0.162852305,-2.3535008,0.0317233435,-9.639057,16.011499107142857,24.896037785714284,101132.83178571428,-0.642851560212766,-0.10713439689361702,0.06313529425531915,-0.7558273336170214,56.645733199999995,17.41399385,-14.9919653,-0.410587672,2.7039659,-0.0070107854,0.040985007000000004,-0.245006284,0.48822727299999996,4762.477343749956,5749.347509765361,4756.14829101515,5750.6507812504515,"1,1,60",1
1637,99698000,104.30800000000116,-0.02284476625,-0.051008854875,0.0110812500625,0.343539876875,1326.0,1379.7272727272727,1288.2727272727273,1378.7272727272727,123450.0,2.0,0.9179624166666667,0.945308299537037,0.945308299537037,0.945308299537037,0.0,0.0,0.042277589375,0.010219842375,0.15955667375,-2.3967457875,0.028880227374999998,-9.531317249999999,15.999245673076922,24.896033115384615,101132.98048076923,-0.639766028125,-0.107360912,0.06257327204166667,-0.7584551629166667,56.624769199999996,17.54905935,-14.9916843,-0.433841232,2.7005529,-0.007676187399999999,0.03960054975,-0.24509028349999998,0.48854597450000004,4764.274267577904,5745.983520508071,4756.848828125258,5748.6319824216025,"1,1,60",1
1638,99748000,104.35800000000117,-0.022234462076923076,-0.05123642834615384,0.011258790576923076,0.3439479503846154,1326.23,1380.23,1288.23,1378.77,123450.0,2.0,0.91779325,0.9451954986111111,0.9451954986111111,0.9451954986111111,0.0,0.0,0.034854228875,0.016112150625,0.15805858875,-2.4474726625,0.016909215249999998,-9.44063875,15.986966442307692,24.896028673076923,101133.11701923076,-0.636677893125,-0.10753722804166667,0.06213012872916667,-0.7610606195833334,56.60251225961538,17.683794625,-14.992019495192308,-0.45665798365384613,2.6967061490384614,-0.007321704153846154,0.03664248475,-0.246279557,0.489769193,4763.02785644532,5752.6545654296615,4755.899365234259,5755.403857422432,"1,1,60",1
1639,99798000,104.40800000000117,-0.022247026937499997,-0.05113789575,0.0115562205,0.34428174,1326.73,1380.73,1288.73,1378.27,123450.0,2.0,0.9176311666666667,0.9450874199074074,0.9450874199074074,0.9450874199074074,0.0,0.0,0.030027187499999997,0.005126441425,0.15705995749999999,-2.422932125,0.0550668075,-9.63007775,15.995814711538461,24.896025384615385,101133.00115384615,-0.6336044001923077,-0.10766942959615385,0.061771071576923076,-0.763631454423077,56.57970120192308,17.818388375,-14.992618774038462,-0.4792875317307692,2.692673504807692,-0.006530127230769231,0.03374989705,-0.244648583,0.4905247095,4766.239746093618,5758.876855468723,4764.369018555262,5749.431762694953,"1,1,60",1
1640,99848000,104.45800000000116,-0.022284901057692305,-0.050966973980769235,0.011134702673076924,0.34432749153846154,1326.77,1380.77,1289.0,1378.0,123450.0,2.0,0.9174828333333334,0.9449885078703704,0.9449885078703704,0.9449885078703704,0.0,0.0,0.0447412,0.0012651966375,0.15632756250000002,-2.41754515,-0.0269346034483425,-9.53101775,15.973242596153847,24.896020807692306,101133.28596153845,-0.630497584375,-0.1079069979375,0.06143417645833334,-0.7661925327083333,56.55578552083333,17.952570083333335,-14.993661703125001,-0.5010932669791667,2.688879165625,-0.007258371708333333,0.03203510205,-0.2422857745,0.4900807375,4768.481420898481,5749.5633300775535,4761.043920897986,5745.07119140668,"1,1,60",1
1641,99898000,104.50800000000116,-0.022430782875,-0.0508809578125,0.0106577006875,0.3441318375,1326.27,1380.27,1289.0,1378.0,123450.0,2.0,0.9173335076923077,0.9448889413461538,0.9448889413461538,0.9448889413461538,0.0,0.0,0.041778370875,0.0046935869625,0.157093235,-2.3530516375,-0.037409240125,-9.571719625,15.982903134615384,24.896015692307692,101133.1725,-0.6273306373076923,-0.10825651151923077,0.060965331634615386,-0.7687754730769231,56.5311928125,18.08649925,-14.994976546875,-0.5223940846875,2.6852308843749997,-0.008918119625,0.0290165018,-0.2437206365,0.490533585,4765.208691405431,5743.710522460828,4755.907324219485,5751.237280272707,"1,1,60",1
1642,99948000,104.55800000000116,-0.021654374384615385,-0.050741351461538464,0.011005760961538462,0.34397999615384617,1326.0,1380.0,1289.0,1378.23,123450.0,2.0,0.9171796615384615,0.9447863932692308,0.9447863932692308,0.9447863932692308,0.0,0.0,0.040612998250000004,0.00938768475,0.1533315725,-2.422034675,-0.01496359575,-9.4481205,16.037527269230768,24.896011557692308,101132.51673076923,-0.6241779451923076,-0.10850854644230769,0.060498180192307696,-0.7713389076923077,56.50492795,18.22039715,-14.99562755,-0.5440155495000001,2.68073566,-0.0095970136,0.028312783100000002,-0.24143821599999998,0.489874435,4757.852783203494,5748.09028320319,4754.4104492180595,5740.627343750157,"1,1,60",1
1643,99998000,104.60800000000117,-0.02237711575,-0.051255733,0.01091566596875,0.3439716425,1326.0,1380.0,1289.0,1378.73,123450.0,2.0,0.9170264407407407,0.944684262037037,0.944684262037037,0.944684262037037,0.0,0.0,0.04753749025,0.00865539575,0.158924135,-2.4301152,0.060154491000000004,-9.549873250000001,16.03698625,24.896006999999997,101132.535,-0.62101442,-0.10875390520833332,0.05997367135416667,-0.77389486875,56.477946450000005,18.35428165,-14.99599405,-0.5657744345,2.67587746,-0.0098555416,0.026086759100000002,-0.2404275995,0.4914884355,4756.331372070093,5738.369091796671,4747.737329101893,5752.552246093327,"1,1,60",1
1644,100048000,104.65800000000117,-0.02168721587755102,-0.051079560510204076,0.010879777448979592,0.3440216679591837,1326.46,1380.23,1289.23,1379.23,123450.0,2.0,0.9168788481481481,0.9445858824074074,0.9445858824074074,0.9445858824074074,0.0,0.0,0.02932798725,0.0021639499875000003,0.1522662775,-2.40198335,-0.001346575075000002,-9.386469875,15.995550660377358,24.896003169811323,101133.0262264151,-0.6178293693877551,-0.1089643080612245,0.059559767959183677,-0.7764423714285714,56.4493518,18.4877388,-14.995337150000001,-0.587167699,2.671266605,-0.007424499395000001,0.025176818650000002,-0.2409466975,0.49108186150000005,4752.7836914064255,5745.680129278459,4755.420131138415,5730.527576264451,"1,1,60",1
1645,100098000,104.70800000000116,-0.02196347729411765,-0.05072733264705882,0.011000788705882352,0.34465802764705883,1327.46,1380.73,1289.73,1379.73,123450.0,2.0,0.9167312555555556,0.9444875027777778,0.9444875027777778,0.9444875027777778,0.0,0.0,0.044275093,0.006857704,0.1513341175,-2.391209025,-0.05656285275,-9.385569499999999,15.967919117647059,24.89599937254902,101133.35235294118,-0.6146824901960785,-0.10918815009803921,0.0592116768627451,-0.7789308392156863,56.420065799999996,18.6210128,-14.99424165,-0.608404269,2.666761755,-0.003840784245,0.020279008,-0.2398653691304348,0.49283987,4761.967114257939,5745.159643554865,4749.058154297413,5746.8829345701,"1,1,60",1
1646,100148000,104.75800000000118,-0.022179580269230767,-0.05057784,0.011428871692307692,0.34514425576923075,1328.23,1381.0,1290.23,1380.0,123450.0,2.0,0.9165823038461539,0.9443882146153846,0.9443882146153846,0.9443882146153846,0.0,0.0,0.038815669,0.0087217965,0.1605886275,-2.40796885,0.0044892959555850025,-9.602247,16.02064403846154,24.89599546153846,101132.70653846154,-0.6115046815384616,-0.10949077076923078,0.058666868923076924,-0.7814268442307692,56.389270599999996,18.7542084,-14.9922491,-0.629725035,2.662416995,-0.002504266285,0.019184866000000002,-0.2395479875,0.4939566075,4757.890508742433,5749.407924107204,4763.141322544533,5745.068498884031,"1,1,60",1
1647,100198000,104.80800000000117,-0.022444194,-0.050483918625,0.0115085591875,0.34555538125,1328.73,1381.0,1290.73,1380.0,123450.0,2.0,0.9164332653846154,0.9442888684615385,0.9442888684615385,0.9442888684615385,0.0,0.0,0.047104806375,0.0074566631250000005,0.15932360750000002,-2.3799865875000004,-0.0032918625249999996,-9.47924475,16.025609903846156,24.895991615384617,101132.66134615384,-0.6083180095833334,-0.10977809760416667,0.05806230195833333,-0.7839153127083334,56.3578286,18.887370400000002,-14.989872100000001,-0.651081885,2.658140845,-0.0021308328349999997,0.016248012149999998,-0.23685586050000002,0.492605891,4771.740917968936,5749.233203124638,4749.952709961045,5753.9480957035585,"1,1,60",1
1648,100248000,104.85800000000117,-0.02219969901923077,-0.05018090076923077,0.011025657461538461,0.3461716257692308,1329.4791666666667,1381.4791666666667,1291.2395833333333,1380.4791666666667,123450.0,2.0,0.9162825317307692,0.9441883563461538,0.9441883563461538,0.9441883563461538,0.0,0.0,0.038515999999999995,0.006291579625,0.15879097874999998,-2.4489695250000003,0.054917165250000004,-9.454104625,15.995905,24.895987826923076,101133.04884615385,-0.6051145791666667,-0.1101035459375,0.0575207845,-0.78638501875,56.3248144,19.02028145,-14.98728195,-0.673176675,2.65297405,-0.00269868284,0.014533833875,-0.235911813,0.4936815075,4769.296484374773,5758.545483398703,4770.549243164441,5749.7564208986305,"1,1,60",1
1649,100298000,104.90800000000117,-0.022587713795454545,-0.05044713872727273,0.011211353886363636,0.34672572636363636,1330.5208333333333,1382.5208333333333,1291.7604166666667,1381.5208333333333,123450.0,2.0,0.9161315221153846,0.944087654423077,0.944087654423077,0.944087654423077,0.0,0.0,0.037484105749999996,0.00539272505,0.16225308,-2.4256259499999997,0.04070159875,-9.488222749999998,15.995905,24.895984884615384,101133.03019230769,-0.6018751950943396,-0.11035321981132075,0.05709328,-0.7888625901886792,56.291126399999996,19.15308495,-14.98460045,-0.695587725,2.64742555,-0.00366994004,0.012016457900000001,-0.2339442875,0.49371051600000004,4772.482491629801,5747.638323102756,4768.206961495415,5763.599330357241,"1,1,60",1
1650,100348000,104.95800000000116,-0.022223503874999998,-0.050323955625,0.011547166607142856,0.34715047250000003,1331.2596153846155,1382.4807692307693,1291.4807692307693,1382.5192307692307,123450.0,2.0,0.9159821666666667,0.9439880777777778,0.9439880777777778,0.9439880777777778,0.0,0.0,0.03538672012500001,0.010852408625,0.15762586,-2.3949501375,0.0020950942499999986,-9.561994,15.995905,24.895979115384616,101133.0398076923,-0.5985957885106383,-0.11051434617021276,0.05666032404255319,-0.79136328,56.2561868,19.2856193,-14.98279955,-0.7178547710000001,2.643318875,-0.004317858035,0.0108940882,-0.235453732,0.4947452315,4775.052709961028,5762.7635253911,4778.666503906329,5759.998315429494,"1,1,60",1
1651,100398000,105.00800000000118,-0.02366558275,-0.05040912525,0.0114898890625,0.347258750625,1331.7403846153845,1381.5192307692307,1290.5192307692307,1383.4807692307693,123450.0,2.0,0.9158332777777778,0.9438888185185186,0.9438888185185186,0.9438888185185186,0.0,0.0,0.042077937,0.008255899524999999,0.16132098749999998,-2.38791725,0.023642912775000004,-9.50767575,16.035722211538463,24.89597523076923,101132.54623076924,-0.5953568403846153,-0.11062178673076924,0.05620075125,-0.793819949423077,56.2207108,19.4180383,-14.981376050000001,-0.7400601010000001,2.639830125,-0.004827202084999999,0.0095807288,-0.23540432149999999,0.4961253025,4780.046508789242,5756.8846679686985,4771.4928222652115,5771.219433594075,"1,1,60",1
1652,100448000,105.05800000000117,-0.023438896846153846,-0.05070143063461539,0.01127388676923077,0.34766514807692306,1332.2277227722773,1381.4554455445545,1290.0,1384.0,123450.0,2.0,0.9156811663461538,0.9437874099038462,0.9437874099038462,0.9437874099038462,0.0,0.0,0.022437269500000002,0.006258276875,0.161254415,-2.4301152,-0.013616857500000001,-9.482685625,15.96601951923077,24.89596776923077,101133.36923076924,-0.5920899875,-0.11072444083333334,0.0558269825,-0.7962720514583334,56.1837522,19.55019585,-14.98074075,-0.761353121,2.634441925,-0.006101469945,0.007661666165,-0.23396165,0.495682841,4781.4609375,5759.587890625,4777.01171875,5766.236328125,"1,1,60",1
1653,100498000,105.10800000000117,-0.023031847571428572,-0.05114591028571429,0.011514120571428572,0.34808305714285714,1332.7227722772277,1382.4455445544554,1290.0,1384.0,123450.0,2.0,0.9155270798076923,0.9436846839423078,0.9436846839423078,0.9436846839423078,0.0,0.0,0.040628011,0.0159791,0.15650508333333335,-2.396596,0.003325452444444439,-9.574412777777779,15.992299910714285,24.895961375,101133.04214285714,-0.5888410578947368,-0.1107534494736842,0.05548018763157895,-0.7986969431578947,56.1461582,19.68224135,-14.98044325,-0.782255151,2.628239675,-0.007703562294999999,0.00552821002,-0.2326678235,0.4953952665,4781.158063616332,5773.412876674066,4776.3809988834,5769.48744419667,"1,1,60",1
1654,100548000,105.15800000000118,-0.024207804490196078,-0.050611599529411765,0.011277420392156864,0.34788744941176475,1332.5728155339805,1383.0,1290.0,1384.0,123450.0,2.0,0.9153767,0.9435844475,0.9435844475,0.9435844475,0.0,0.0,0.050866477,0.005525976050000001,0.1501356825,-2.392106975,0.03860667675,-9.6761675,15.986515,24.895954,101133.10500000001,-0.58559784,-0.11094906558139535,0.0549365778372093,-0.8010897558139535,56.107055,19.814309587155964,-14.981205559633027,-0.8031897132110092,2.62282004587156,-0.010483286376146789,0.0033724979049999998,-0.232299266,0.49669035500000003,4783.33266601553,5763.646240234153,4777.224389648783,5761.4683105463255,"1,1,60",1
1655,100598000,105.20800000000118,-0.023628039865384615,-0.050470708980769226,0.01098494951923077,0.3476460446153846,1331.6019417475727,1383.0,1290.0,1384.0,123450.0,2.0,0.9152294777777779,0.9434863317592593,0.9434863317592593,0.9434863317592593,0.0,0.0,0.038882006,-0.0004661219250000001,0.153531285,-2.42951615,-0.0140657695,-9.5792015,16.004763490566038,24.89594571698113,101132.88773584906,-0.58232782125,-0.1113180575,0.054530102625,-0.8034452562500001,56.067305000000005,19.94638756880734,-14.982422073394495,-0.8241382177981652,2.617735825688073,-0.013767709770642202,0.002965079245,-0.2289535885,0.49680566000000004,4783.768334960752,5748.047607422117,4777.1493408197875,5761.484277343861,"1,1,60",1
1656,100648000,105.25800000000118,-0.022929946291666666,-0.051190035791666665,0.011373600270833334,0.3475438016666667,1331.1979166666667,1382.8020833333333,1290.0,1383.8020833333333,123450.0,2.0,0.9150814442857143,0.9433876628571428,0.9433876628571428,0.9433876628571428,0.0,0.0,0.028029883999999998,0.0107855986875,0.15559519625,-2.3980927750000003,-0.0178067097625,-9.5150085,16.071025000000002,24.895935,101132.13,-0.5790801434090909,-0.111481395,0.054161184840909087,-0.8057927363636364,56.02638528571429,20.077992142857145,-14.984301714285714,-0.8449596571428571,2.6124625714285714,-0.016203081571428572,0.00010391154,-0.2308318235,0.4972788575,4765.5814697258065,5764.874462891092,4777.271630860176,5741.430297850197,"1,1,60",1
1657,100698000,105.30800000000117,-0.0226820795,-0.0508258840625,0.011382051625,0.34725910125,1331.71875,1382.28125,1290.0,1383.28125,123450.0,2.0,0.9149320871428571,0.9432880914285714,0.9432880914285714,0.9432880914285714,0.0,0.0,0.04727114275,0.01664519,0.15326486,-2.356792725,-0.01825562225,-9.520544125,16.033645576923078,24.895925288461537,101132.5651923077,-0.57583571,-0.11154350947368422,0.053601671052631576,-0.8081417315789474,55.98438583516484,20.209159725274723,-14.986793472527472,-0.8656638054945055,2.607014824175824,-0.017854713439560438,-0.001871874205,-0.229251633,0.497329512,4766.905053711354,5758.61596679628,4764.304150390096,5748.752880859777,"1,1,60",1
1658,100748000,105.35800000000117,-0.02391762478846154,-0.05030897363461539,0.01162584325,0.34664588557692305,1331.54,1382.0,1289.54,1382.77,123450.0,2.0,0.9147814830097087,0.9431876850485437,0.9431876850485437,0.9431876850485437,0.0,0.0,0.06018760272727273,0.008497866545454544,0.1582159409090909,-2.351650318181818,0.007509252390909091,-9.518259181818182,16.029492903846155,24.895914846153847,101132.60057692308,-0.5725382565116279,-0.11185413441860464,0.05277574111627907,-0.8104939325581395,55.94088835,20.3401064,-14.9900036,-0.8871275075,2.6007449599999997,-0.02041235435,-0.004237765534782609,-0.22708413739130437,0.49996228260869563,4764.230571545393,5740.657483552132,4749.982987253274,5745.870322778999,"1,1,60",1
1659,100798000,105.40800000000118,-0.0235752448125,-0.0503807314375,0.0119283946875,0.345884204375,1330.54,1382.0,1288.54,1382.27,123450.0,2.0,0.9146276723300971,0.9430851316504855,0.9430851316504855,0.9430851316504855,0.0,0.0,0.05173181625,0.014714205499999999,0.154862855,-2.4181442,-0.008678814475000001,-9.5379015,16.041771423076923,24.895904423076924,101132.45548076923,-0.5692480082692307,-0.1121956673076923,0.051964698442307694,-0.8128124903846154,55.89674885,20.4709584,-14.9935216,-0.9089167325,2.59412276,-0.02335828485,-0.00675804432,-0.2265701015,0.49896619600000003,4756.754687499935,5735.530078124843,4739.964355468305,5729.802319336404,"1,1,60",1
1660,100848000,105.45800000000118,-0.023147001122448982,-0.05118969746938776,0.01195540857142857,0.3456178187755102,1330.0,1381.77,1288.23,1382.23,123450.0,2.0,0.9144799148148148,0.9429866192592593,0.9429866192592593,0.9429866192592593,0.0,0.0,0.046472045499999996,0.023036155250000002,0.157326315,-2.4253268,0.00448929285,-9.422682,16.01911375471698,24.89589541509434,101132.71801886792,-0.5659837017777778,-0.11230743844444445,0.051220536266666665,-0.81512132,55.8508341875,20.60124025,-14.9968810625,-0.93041578125,2.58567525625,-0.0221142793125,-0.00785793222,-0.22377644649999998,0.5005595325,4743.478283109542,5737.324800037095,4726.293759300539,5735.2558128717865,"1,1,60",1
1661,100898000,105.50800000000118,-0.023189671823529413,-0.051107828470588236,0.011525055529411764,0.34576332941176474,1330.0,1381.27,1288.73,1382.73,123450.0,2.0,0.9143536185185185,0.9429024340740741,0.9429024340740741,0.9429024340740741,0.0,0.0,0.038349668749999996,0.004660610625,0.156527255,-2.387917125,-0.0161606995,-9.324518,16.029598529411764,24.895887705882352,101132.59970588236,-0.5626730872727272,-0.1123788417090909,0.050636743563636365,-0.8174356072727272,55.804158741071426,20.73127775,-15.000172580357143,-0.95179046875,2.5764454794642857,-0.019074586901785713,-0.011394151523809523,-0.2238459180952381,0.5005169333333334,4738.766137695634,5735.790551757841,4735.974047851634,5732.182446289556,"1,1,60",1
1662,100948000,105.55800000000119,-0.02302538475510204,-0.05024855695918368,0.011541636326530613,0.34586930959183676,1330.0,1381.2277227722773,1288.7722772277227,1382.7722772277227,123450.0,2.0,0.9142257388571429,0.9428171928571429,0.9428171928571429,0.9428171928571429,0.0,0.0,0.043176564,-9.989523749999972e-05,0.15569506125,-2.370559475,0.008379871,-9.45485325,16.022303301886794,24.895880528301888,101132.71354716981,-0.5593427991836735,-0.11266546591836735,0.05024543612244898,-0.8197035326530612,55.75654986597938,20.86106373195876,-15.00318393814433,-0.9724758453608248,2.5676498969072163,-0.016191091350515465,-0.013570506952380953,-0.22190956095238096,0.5001352,4755.480492001825,5730.65822637645,4731.100074404674,5738.6620861233605,"1,1,60",1
1663,100998000,105.60800000000118,-0.022541155153846155,-0.050242805,0.012083075692307692,0.3456857376923077,1330.0,1381.7227722772277,1288.2772277227723,1382.2772277227723,123450.0,2.0,0.9140730531428571,0.9427154071428572,0.9427154071428572,0.9427154071428572,0.0,0.0,0.0320910435,-0.0005990110249999999,0.160255735,-2.38043555,-0.060453426000000005,-9.5432885,15.986153846153845,24.895873692307692,101133.15753846154,-0.5560294823076923,-0.11302110538461538,0.049954905,-0.8219232576923077,55.707845226804125,20.990554453608247,-15.005866412371134,-0.992352030927835,2.5593640206185566,-0.013490957329896906,-0.014676105782608695,-0.22111472000000001,0.5007922086956522,4740.8962053570085,5729.030831473334,4745.379464285487,5714.373465402239,"1,1,60",1
1664,101048000,105.65800000000118,-0.023197439392156863,-0.05080794988235294,0.011861914039215686,0.3457297337254902,1330.2222222222222,1381.7777777777778,1288.2222222222222,1382.2222222222222,123450.0,2.0,0.9139203674285714,0.9426136214285714,0.9426136214285714,0.9426136214285714,0.0,0.0,0.048410633555555554,0.008699943111111112,0.16331088777777777,-2.3812996444444448,-0.0046552293333333335,-9.465476333333333,16.020484705882353,24.895868588235295,101132.73552941176,-0.5526759546808511,-0.11323749927659575,0.04955710376595745,-0.8241766878723404,55.65841642857143,21.119257714285716,-15.007981428571428,-1.012478,2.550779857142857,-0.010064125285714286,-0.01740623347826087,-0.22129837217391304,0.5013085913043478,4745.641447368683,5725.494114925526,4727.138954563906,5736.78975637388,"1,1,60",1
1665,101098000,105.70800000000118,-0.023204569375,-0.050592238125,0.01156004,0.34586399625,1330.7272727272727,1381.2727272727273,1288.7272727272727,1382.7272727272727,123450.0,2.0,0.9137527377570094,0.9425018460747664,0.9425018460747664,0.9425018460747664,0.0,0.0,0.0446079135,0.005459631325,0.15932363375,-2.3997386375,-0.00478824075,-9.31583825,16.04466076923077,24.89586501923077,101132.42711538462,-0.5492907757692308,-0.11348433076923077,0.04895557730769231,-0.8264381225,55.60831917582418,21.24723408791209,-15.009572637362638,-1.0328345384615385,2.5419203516483515,-0.005966495065934066,-0.0196543893,-0.219200435,0.5026827105,4739.635058593987,5724.594970703393,4736.246606445064,5719.93559570337,"1,1,60",1
1666,101148000,105.75800000000118,-0.023238914530612245,-0.05056467167346939,0.011482893295918367,0.3465224130612245,1331.23,1381.46,1289.23,1382.77,123450.0,2.0,0.9135844854205607,0.9423896544859813,0.9423896544859813,0.9423896544859813,0.0,0.0,0.04720461825,0.012783226375,0.158524645,-2.37325295,-0.052971552500000005,-9.56992525,16.018025673076924,24.895862134615385,101132.75019230769,-0.545848775510204,-0.11375595930612245,0.04839969102040816,-0.828711127755102,55.55708182692308,21.374221759615384,-15.010501298076923,-1.0528633221153847,2.5325143990384613,-0.0027552139519230767,-0.01955027185,-0.21763108199999998,0.5029662025,4744.765087890739,5727.069335937594,4729.5805664061,5747.0605224615865,"1,1,60",1
1667,101198000,105.80800000000119,-0.022595726705882353,-0.0501747785882353,0.011786648617647059,0.3468109423529412,1331.73,1382.46,1289.73,1382.27,123450.0,2.0,0.9134313746296296,0.9422875890740741,0.9422875890740741,0.9422875890740741,0.0,0.0,0.02922826825,0.0007323583125000001,0.1594567875,-2.4226332250000002,-0.0026933107249999992,-9.5175515,16.0123375,24.89586,101132.8275,-0.542406337254902,-0.11397911949019608,0.04795927843137255,-0.8309633086274509,55.505355865384615,21.50078570192308,-15.011146009615384,-1.072751639423077,2.522874254807692,7.620325961538426e-05,-0.022126328714285715,-0.21637769571428572,0.5035464,4742.611430921004,5736.063116776504,4747.577302631557,5725.285927220113,"1,1,60",1
1668,101248000,105.85800000000118,-0.02439870958490566,-0.050341093962264154,0.01191681779245283,0.34722378528301884,1332.0,1383.0,1290.46,1382.0,123450.0,2.0,0.9132815875925926,0.9421877464814815,0.9421877464814815,0.9421877464814815,0.0,0.0,0.0461392605,0.0025300076,0.1617204725,-2.3977934999999997,0.005087844100000002,-9.49929475,16.009192735849055,24.89586,101132.85603773585,-0.5390000497959183,-0.1142488646122449,0.047645145714285714,-0.8331580102040816,55.45235885416667,21.62677654166667,-15.011387447916666,-1.0925947260416666,2.513594252083333,0.0029960334895833335,-0.024775845,-0.2179171875,0.504035855,4750.183520507981,5732.226684570047,4741.492285156199,5739.623242188207,"1,1,60",1
1669,101298000,105.90800000000118,-0.024542843234042554,-0.050046918723404256,0.011704096531914893,0.3476484782978723,1332.0,1383.0,1291.46,1382.0,123450.0,2.0,0.9131301765714286,0.9420868162857143,0.9420868162857143,0.9420868162857143,0.0,0.0,0.03728421,-0.003462287,0.15526232,-2.3654718,-0.03471576,-9.497798,16.033635872727274,24.89586,101132.538,-0.5355679676923077,-0.11462114861538461,0.047253197307692306,-0.8353394230769231,55.3985828125,21.752416125,-15.01138171875,-1.112410090625,2.50453498125,0.005970052343750001,-0.02647742147826087,-0.21208893260869566,0.5024098282608696,4751.3007812500355,5733.6964843749165,4746.128906250049,5730.738476562337,"1,1,60",1
1670,101348000,105.95800000000119,-0.024133233408163264,-0.05010595853061224,0.01169857806122449,0.3479958651020408,1332.23,1383.23,1292.0,1382.23,123450.0,2.0,0.912977928952381,0.9419853258095239,0.9419853258095239,0.9419853258095239,0.0,0.0,0.035752951500000005,0.0015978695750000001,0.1594567725,-2.4088665000000002,-0.058358510999999995,-9.479541999999999,16.082492576923077,24.895860173076922,101131.9685,-0.53215945,-0.1149363175,0.04691463925,-0.83749118125,55.343340624999996,21.8772683125,-15.011650000000001,-1.13243654375,2.49536529375,0.0075803764375,-0.02849576791304348,-0.2136168704347826,0.5034771608695653,4755.383510044913,5729.783063615695,4746.357421874831,5740.388299851667,"1,1,60",1
1671,101398000,106.00800000000119,-0.023778988411764707,-0.05036443235294118,0.011842689352941176,0.3483624088235294,1332.73,1383.73,1292.0,1382.73,123450.0,2.0,0.9128256734579439,0.9418838142990654,0.9418838142990654,0.9418838142990654,0.0,0.0,0.02323600625,0.002596497025,0.15606127,-2.3980924750000003,-0.028430979250000002,-9.47325825,15.963310865384615,24.895863019230767,101133.41046153847,-0.5287236821428571,-0.11513576357142857,0.0466333305,-0.8396520607142858,55.28747008928571,22.001783044642856,-15.012035714285716,-1.1525534633928571,2.4861482848214287,0.008606259919642856,-0.028315011799999998,-0.212848697,0.504532259,4748.513818359085,5740.123486328241,4763.595507812855,5727.805834961084,"1,1,60",1
1672,101448000,106.05800000000119,-0.023869479480769232,-0.05047074482692308,0.011823832759615386,0.3485903026923077,1333.0,1384.0,1292.4554455445545,1383.0,123450.0,2.0,0.9126734117757009,0.9417822862616823,0.9417822862616823,0.9417822862616823,0.0,0.0,0.0424107275,0.01151802475,0.16251945499999998,-2.38282975,0.03441681825,-9.4960035,15.976854134615383,24.89586398076923,101133.23353846153,-0.5252497031914893,-0.11527100208510638,0.04627310374468085,-0.841831844680851,55.23078648863636,22.125949136363637,-15.012126125,-1.173080990909091,2.476473193181818,0.010103374738636364,-0.03036299,-0.2103684455,0.504356695,4751.837280273572,5736.299414062278,4751.026318358852,5745.1783203132545,"1,1,60",1
1673,101498000,106.10800000000118,-0.02459520842857143,-0.050211766857142855,0.011621682857142858,0.34883175714285714,1333.0,1384.0,1293.4455445544554,1383.0,123450.0,2.0,0.9125241105555556,0.9416827319444444,0.9416827319444444,0.9416827319444444,0.0,0.0,0.045640053625,0.0083223623125,0.1575925325,-2.4224835000000002,0.0191537815,-9.43824225,16.034638750000003,24.895865884615386,101132.5326923077,-0.5217284530612245,-0.11547977734693878,0.04557991212244898,-0.8440276775510204,55.173148420454545,22.249705954545455,-15.011869875,-1.1940905363636365,2.466260352272727,0.012153674170454546,-0.03276711845,-0.20910029,0.5057053,4755.816845703076,5739.299267577989,4752.780468750753,5743.002539062036,"1,1,60",1
1674,101548000,106.15800000000118,-0.02366686664705882,-0.0499490731372549,0.011593477176470588,0.349240851372549,1333.2222222222222,1384.0,1294.0,1383.4444444444443,123450.0,2.0,0.9123788975925926,0.9415859032407408,0.9415859032407408,0.9415859032407408,0.0,0.0,0.03894867725,0.0039948528125,0.1541304925,-2.389114125,0.017807042625000002,-9.446173125,15.999967980769231,24.89586780769231,101133.00067307692,-0.5182464680851063,-0.11570332574468085,0.0450593514893617,-0.8461676425531914,55.11412055,22.37263445,-15.011343250000001,-1.21454243,2.4559501,0.013670566125,-0.03587627352173913,-0.20755184304347826,0.5044045286956522,4760.338427734768,5744.278247070582,4755.979370116758,5739.453808594025,"1,1,60",1
1675,101598000,106.20800000000119,-0.0242728958125,-0.05026358275,0.0113626345625,0.349680374375,1333.7272727272727,1384.0,1294.0,1384.4545454545455,123450.0,2.0,0.9122321218095238,0.9414880457142857,0.9414880457142857,0.9414880457142857,0.0,0.0,0.04607284,0.010119769,0.16165385,-2.3714569,-0.021547653,-9.48942,16.031781886792455,24.895871396226415,101132.6262264151,-0.5147894538461538,-0.11588213894230769,0.044545533500000005,-0.8482774326923077,55.05449705,22.49520795,-15.01070075,-1.23475533,2.4455981,0.014958854875,-0.036229637499999995,-0.20651854375,0.50559864375,4763.076737252856,5743.008506373531,4749.468647204682,5754.450143913898,"1,1,60",1
1676,101648000,106.25800000000119,-0.02416062567346939,-0.05000396187755102,0.011203557387755102,0.3497751326530612,1334.0,1384.69,1294.23,1384.31,123450.0,2.0,0.912080898,0.94138726,0.94138726,0.94138726,0.0,0.0,0.0307594145,-0.0005993983131999999,0.151267605,-2.3645738,-0.0035911352249999996,-9.60254625,16.01496117647059,24.895873647058824,101132.80529411764,-0.511326918367347,-0.11608116897959184,0.044145041530612245,-0.8503632459183673,54.993353500000005,22.6170349,-15.00976845,-1.25519013,2.4352748,0.01448874555,-0.03961242725,-0.20685117,0.5077249500000001,4761.318708147498,5742.151181175714,4759.732724144037,5744.543178013265,"1,1,60",1
1677,101698000,106.30800000000119,-0.023176086941176472,-0.049928353529411766,0.011960486,0.34985942117647056,1334.0,1386.19,1294.73,1382.81,123450.0,2.0,0.9119300796296297,0.9412867362962963,0.9412867362962963,0.9412867362962963,0.0,0.0,0.03249056675,0.00739018785,0.159989415,-2.36038375,-0.03740923375,-9.58039825,16.02479730769231,24.89587557692308,101132.655,-0.5078999272727273,-0.11625255909090909,0.04393688409090909,-0.8524014336363637,54.9315585,22.7385419,-15.00871195,-1.27572003,2.4249638,0.01326503705,-0.038892072,-0.2037767155,0.505392032,4761.095361328037,5739.762670899148,4755.675561524257,5747.811254881415,"1,1,60",1
1678,101748000,106.3580000000012,-0.022737797153846155,-0.049969744038461536,0.012563679211538462,0.35011107865384616,1334.4554455445545,1386.7722772277227,1294.7722772277227,1382.6831683168316,123450.0,2.0,0.9117813898148148,0.9411875881481482,0.9411875881481482,0.9411875881481482,0.0,0.0,0.02202807257142857,0.006810302357142857,0.15297960142857142,-2.3967669285714286,0.012313204,-9.521912714285715,16.0322905,24.895879,101132.5775,-0.5044879375,-0.11633809,0.04369975625,-0.85442653625,54.868146146788995,22.859520926605505,-15.007468302752294,-1.296439,2.4148290458715596,0.012974266724770643,-0.0430263978,-0.20390602,0.5075272670000001,4759.34189967115,5757.3381990130265,4767.482421874746,5725.324167352236,"1,1,60",1
1679,101798000,106.4080000000012,-0.024335253857142858,-0.05023881457142857,0.012515557142857143,0.35042817,1335.4455445544554,1386.2772277227723,1294.2772277227723,1384.1683168316831,123450.0,2.0,0.9116327,0.94108844,0.94108844,0.94108844,0.0,0.0,0.06764424,0.01837591,0.16138758,-2.3199813,0.029927691,-9.561245,16.02035413207547,24.895881396226414,101132.70962264152,-0.5010232071428572,-0.11650042710714285,0.043087346267857145,-0.8564706955357143,54.804040642201834,22.98027367889908,-15.006144449541285,-1.317239,2.4047698256880734,0.01308332704587156,-0.04504296,-0.20197614,0.50575227,4765.412011718587,5742.7413085937815,4751.6310546881905,5754.169921874816,"1,1,60",1
1680,101848000,106.45800000000119,-0.024038216098039217,-0.05010948823529412,0.01208156031372549,0.3506181523529412,1336.2222222222222,1386.0,1294.0,1385.0,123450.0,2.0,0.9114814019230769,0.9409875553846154,0.9409875553846154,0.9409875553846154,0.0,0.0,0.046804965125,0.010020259375,0.15469639999999998,-2.4206878875,0.011073352624999998,-9.62050175,16.052245666666668,24.895883333333334,101132.32333333333,-0.497428753,-0.11673289715,0.042145919175,-0.85858002,54.73874595652174,23.10049906521739,-15.004469,-1.3376210217391304,2.3941660652173913,0.01241365741304348,-0.0467292895,-0.199460962,0.50834247,4764.507519531255,5749.491601562654,4762.913818359261,5746.034887695265,"1,1,60",1
1681,101898000,106.50800000000119,-0.0246358480625,-0.0499203284375,0.01227603675,0.350901975,1336.7272727272727,1386.0,1294.0,1385.0,123450.0,2.0,0.9113301038461538,0.9408866707692308,0.9408866707692308,0.9408866707692308,0.0,0.0,0.0477770188,0.0158722228,0.15813855,-2.4025818,0.0512360872,-9.5152776,16.03594575471698,24.89588462264151,101132.52339622642,-0.493904315,-0.11693109125,0.04138458925,-0.860620825,54.67235356521739,23.220237652173914,-15.002469000000001,-1.3576172173913044,2.383059652173913,0.011025160130434784,-0.04927580047619048,-0.19821079142857143,0.5085535666666666,4767.1414473684645,5744.580360813869,4746.246145148039,5756.344058388464,"1,1,60",1
1682,101948000,106.55800000000119,-0.023889555653846154,-0.049504323826923075,0.012331587673076924,0.35143750038461535,1337.0,1386.2211538461538,1294.4423076923076,1385.0,123450.0,2.0,0.9111823596296297,0.9407882185185186,0.9407882185185186,0.9407882185185186,0.0,0.0,0.02849582675,0.0048267670625,0.15213311375,-2.43909295,0.024241459875000003,-9.502288625,16.000876176470587,24.895886176470587,101132.95999999999,-0.49043161954545456,-0.11711261659090909,0.04082003743181818,-0.8626080090909091,54.60425467961165,23.339404349514563,-15.00068504854369,-1.3779433902912621,2.3720602271844657,0.010054936262135923,-0.049566352050000005,-0.196160105,0.5076017225,4770.2816162109575,5760.027880859863,4764.485522461515,5744.98796386709,"1,1,60",1
1683,101998000,106.6080000000012,-0.023373927461538463,-0.049489372442307694,0.012053302403846155,0.3517871388461538,1337.0,1386.701923076923,1295.4038461538462,1385.0,123450.0,2.0,0.9110349244444444,0.9406899777777777,0.9406899777777777,0.9406899777777777,0.0,0.0,0.042077903625,0.0034288739275,0.16221982375,-2.4302645249999997,0.019602698124999998,-9.663896124999999,16.011761698113208,24.895888641509433,101132.83101886792,-0.4869204057692308,-0.11728548442307693,0.0405518775576923,-0.8645830507692307,54.53535273786407,23.458301922330097,-14.99900276699029,-1.3984248466019418,2.361111149514563,0.009281546941747574,-0.05007444185,-0.196021676,0.508402065,4775.747875976587,5741.583276366678,4765.337109374951,5758.99958496128,"1,1,60",1
1684,102048000,106.6580000000012,-0.022943168833333333,-0.049742974125,0.01227195775,0.3522258272916666,1337.3917525773195,1386.6082474226805,1295.8041237113403,1385.7835051546392,123450.0,2.0,0.9108981796116505,0.9405988116504854,0.9405988116504854,0.9405988116504854,0.0,0.0,0.022104311666666668,0.004260960322222222,0.15304299555555556,-2.4156166,0.02926263133333333,-9.458161444444444,16.035950078431373,24.895890509803923,101132.53843137255,-0.48340265875,-0.11739357345833333,0.04024648429166666,-0.8665549541666666,54.4650756,23.57662912380952,-14.997288980952382,-1.4182582085714286,2.349653159047619,0.008835463171428571,-0.05318364971428571,-0.19490726857142857,0.5087940304761905,4774.487510279619,5761.404348273685,4776.002390008502,5742.346062910786,"1,1,60",1
1685,102098000,106.70800000000119,-0.024980800714285715,-0.05026142357142857,0.012059555714285715,0.35256124857142856,1338.4226804123712,1385.5773195876288,1295.2886597938145,1387.8453608247423,123450.0,2.0,0.9107648106796117,0.9405098796116504,0.9405098796116504,0.9405098796116504,0.0,0.0,0.031924676125,0.018941900249999997,0.15985623125,-2.36846455,0.0037411086249999996,-9.64384475,16.040639849056603,24.895891,101132.48641509435,-0.479901840754717,-0.1173530840754717,0.03993829060377359,-0.8685176328301887,54.3939556,23.694606742857143,-14.995555885714285,-1.4376943514285714,2.3378832542857144,0.008589986028571427,-0.054280316999999995,-0.1938816275,0.51016355,4769.933454241571,5761.987792968293,4768.604631696139,5766.120465960132,"1,1,60",1
1686,102148000,106.7580000000012,-0.02564103162745098,-0.049369281,0.011960829764705883,0.35273992862745096,1339.2135922330096,1385.6407766990292,1295.0,1389.0,123450.0,2.0,0.910608802293578,0.9404058628440367,0.9404058628440367,0.9404058628440367,0.0,0.0,0.042572426571428575,0.0002661471571428571,0.1578874457142857,-2.3796653285714284,0.06994505571428572,-9.552523285714287,16.030058823529412,24.89589056862745,101132.62384313726,-0.4763127140425532,-0.11749282774468085,0.03949670906382979,-0.8704931374468085,54.32181952,23.81171304,-14.994115599999999,-1.457021428,2.325403058,0.00864103948,-0.057540949782608694,-0.19191139304347826,0.510194933478261,4778.666246916025,5761.445646587538,4783.304173520062,5750.6981907889985,"1,1,60",1
1687,102198000,106.8080000000012,-0.025061403576923078,-0.04970291253846154,0.012470885173076924,0.3532091836538461,1339.6990291262136,1387.0970873786407,1295.0,1389.0,123450.0,2.0,0.9104430912844037,0.9402953811926605,0.9402953811926605,0.9402953811926605,0.0,0.0,0.04753724025,0.0129826425,0.1536644975,-2.3645736,0.008080596,-9.46996675,16.009899711538463,24.895888788461537,101132.88271153846,-0.47273973115384615,-0.11775620096153847,0.03897362428846154,-0.8724260942307692,54.24874552,23.928015040000002,-14.992945599999999,-1.476247828,2.312267208,0.008965813480000001,-0.05870254919047619,-0.1907612961904762,0.5112305261904762,4782.907055664066,5760.119238281474,4770.026806640239,5767.022729492698,"1,1,60",1
1688,102248000,106.8580000000012,-0.025192882020833335,-0.049815311479166666,0.0124599570625,0.35364874645833333,1340.0,1387.8041237113403,1295.1958762886597,1389.1958762886597,123450.0,2.0,0.9102825375,0.9401883475,0.9401883475,0.9401883475,0.0,0.0,0.037317625374999996,0.0013647315249999997,0.16152073,-2.37564715,0.035763561124999996,-9.593417125,16.023353057692308,24.89588626923077,101132.70605769231,-0.46914250333333335,-0.117962552375,0.038420663625000004,-0.87436285,54.1747922,24.043652480000002,-14.99202026,-1.495966304,2.29912595,0.00797322468,-0.0587860382,-0.1879537205,0.5117975405,4782.109399414035,5763.076440429675,4784.297875977725,5763.394555663321,"1,1,60",1
1689,102298000,106.9080000000012,-0.024900409571428573,-0.04909336142857143,0.012067842857142857,0.3537769314285714,1340.0,1387.2886597938145,1295.7113402061855,1389.7113402061855,123450.0,2.0,0.9101267442307692,0.9400844965384615,0.9400844965384615,0.9400844965384615,0.0,0.0,0.033348651111111106,0.0005622986555555555,0.1543449888888889,-2.395664922222222,0.03125779844444444,-9.529454777777778,16.058746115384615,24.89588401923077,101132.24875,-0.46553693625,-0.1182138415,0.038077764375,-0.87626835,54.1000272,24.15867648,-14.99132076,-1.516139004,2.2859797,0.00576460868,-0.061468709380952384,-0.18800092666666668,0.5100333742857143,4785.264843749993,5762.952246093366,4781.641699218435,5756.675390625438,"1,1,60",1
1690,102348000,106.95800000000119,-0.025604494137254904,-0.04935520984313725,0.011779890745098038,0.353737768627451,1340.0,1387.0,1295.7777777777778,1390.0,123450.0,2.0,0.9099842635514018,0.9399895136448598,0.9399895136448598,0.9399895136448598,0.0,0.0,0.04301017875,0.006191807775,0.1504685575,-2.39599775,0.0517747795,-9.58249425,16.025338326923077,24.89588026923077,101132.65740384615,-0.46196437431818177,-0.11843310445454545,0.0376803625,-0.8781458386363636,54.02430485714286,24.273127142857142,-14.990534571428572,-1.5366638428571429,2.2733995,0.0030485714285714283,-0.0613684833,-0.1853877775,0.513269616,4786.250512695583,5763.873583984934,4781.392163086288,5753.642529295745,"1,1,60",1
1691,102398000,107.0080000000012,-0.025356649937500003,-0.0493953146875,0.01190996275,0.3537045475,1340.0,1387.0,1295.2727272727273,1390.0,123450.0,2.0,0.9098587261682243,0.9399058173831776,0.9399058173831776,0.9399058173831776,0.0,0.0,0.04141204175,0.01877530275,0.15652734,-2.4082678250000003,0.0314240665,-9.635167,16.00177375,24.8958745,101132.9525,-0.4584031407692308,-0.11854870461538461,0.03713256523076923,-0.8800168153846154,53.94769881318681,24.387048571428572,-14.989668362637362,-1.557513732967033,2.261341807692308,-0.0001358546703296706,-0.0656189039,-0.1845576465,0.5125589175,4784.322607422111,5759.521850586048,4772.885034179089,5762.804687500148,"1,1,60",1
1692,102448000,107.0580000000012,-0.025152207096153845,-0.04964146675,0.012020754846153846,0.35364461519230767,1340.2277227722773,1387.2277227722773,1295.2277227722773,1389.7722772277227,123450.0,2.0,0.909718270673077,0.9398121775961539,0.9398121775961539,0.9398121775961539,0.0,0.0,0.040586567999999996,0.0181094556,0.156806936,-2.39108934,0.0569821692,-9.4822356,15.998162211538462,24.89586873076923,101132.99326923076,-0.45481622615384615,-0.11855460457692307,0.03656435734615385,-0.8818990730769231,53.870018814159295,24.500157433628317,-14.989079716814159,-1.5769466026548673,2.2490191946902653,-0.0024038743805309733,-0.06618803540000001,-0.18347974,0.513575015,4776.719970702755,5758.656713867364,4764.6255615237405,5762.306176757433,"1,1,60",1
1693,102498000,107.1080000000012,-0.02462361,-0.04915419442857143,0.012472520142857144,0.35375238857142854,1340.7227722772277,1387.7227722772277,1295.7227722772277,1389.2772277227723,123450.0,2.0,0.9095430062500001,0.93969533625,0.93969533625,0.93969533625,0.0,0.0,0.029294785,0.0039949664,0.15552863,-2.4504654,0.08738854,-9.554062,16.019199423076923,24.89586278846154,101132.73576923077,-0.45126774178571427,-0.11857387428571428,0.03618110064285714,-0.8837332839285714,53.791878548672564,24.612918053097346,-14.988610026548672,-1.5957721778761063,2.2365830442477876,-0.0042791484955752215,-0.0681677979,-0.181195244,0.512981014,4779.0505859377645,5762.042236327858,4774.691845702765,5747.05170898471,"1,1,60",1
1694,102548000,107.15800000000121,-0.02525329,-0.04943346190196078,0.012540658529411764,0.35367480705882354,1340.56,1388.0,1295.78,1389.22,123450.0,2.0,0.9093742788990826,0.9395828559633027,0.9395828559633027,0.9395828559633027,0.0,0.0,0.038549318,0.018275832875000002,0.1611545325,-2.4172463750000004,0.03950450312500001,-9.656415375,15.991480865384617,24.895856057692306,101133.09846153847,-0.44772294,-0.11865581450000001,0.0357946034,-0.8855403825,53.712895708333335,24.72524775,-14.988610541666667,-1.6142171979166666,2.2234472729166668,-0.006504758333333333,-0.06990455695652173,-0.17868437739130436,0.5127494608695652,4774.761346725563,5752.8958333331575,4770.044852120935,5754.124651227411,"1,1,60",1
1695,102598000,107.2080000000012,-0.024759210400000002,-0.0500766192,0.0122023434,0.353551836,1339.56,1388.0,1295.28,1389.72,123450.0,2.0,0.909228728440367,0.9394858376146789,0.9394858376146789,0.9394858376146789,0.0,0.0,0.0437423725,0.021904706250000003,0.1632518075,-2.474108525,0.00029944349999999967,-9.5959615,15.97056962264151,24.895849056603772,101133.32132075472,-0.4440542671428571,-0.11859867642857143,0.035253947,-0.8874138142857143,53.6328405,24.837029,-14.9892095,-1.632177875,2.209421075,-0.00917625,-0.07112624042857144,-0.17841751476190476,0.5143981190476191,4762.977120535609,5752.592703682944,4765.919363838769,5762.031319754998,"1,1,60",1
1696,102648000,107.2580000000012,-0.025100947499999998,-0.049812672,0.012148147,0.353535685,1339.0,1388.0,1295.4444444444443,1389.5555555555557,123450.0,2.0,0.9090828310679612,0.939388586407767,0.939388586407767,0.939388586407767,0.0,0.0,0.040347055,0.0059920858,0.155395425,-2.3774422499999996,0.049679852999999996,-9.4235785,16.039908156862744,24.89583968627451,101132.50490196078,-0.4403809415384615,-0.11861781596153846,0.034720799423076924,-0.8892607769230769,53.55194356521739,24.948056673913044,-14.989921195652174,-1.6501117195652173,2.195811641304348,-0.010993596260869565,-0.07210340808695652,-0.17596550913043477,0.5133216652173913,4771.02280273472,5747.4072753902165,4751.172998046827,5760.931103515268,"1,1,60",1
1697,102698000,107.3080000000012,-0.024253981823529412,-0.04924243764705882,0.012264856294117646,0.3535251311764706,1339.0,1388.0,1296.4545454545455,1388.5454545454545,123450.0,2.0,0.9089286077669902,0.9392857466019418,0.9392857466019418,0.9392857466019418,0.0,0.0,0.018076296375000002,-0.00359556521,0.15789214875000002,-2.42233405,0.007781322874999999,-9.573666375,15.969721365384615,24.895831826923075,101133.33538461539,-0.43678586137254904,-0.11874734,0.03449846588235294,-0.8910236607843137,53.47026965217391,25.058388739130436,-14.990736956521738,-1.6680207956521738,2.1825869130434783,-0.012022500608695651,-0.07631379695652174,-0.17458808086956523,0.5144842486956521,4764.5425292967575,5747.503637695239,4770.669848633031,5742.444165038851,"1,1,60",1
1698,102748000,107.3580000000012,-0.02356374596153846,-0.049679299807692305,0.012324224615384615,0.353379425,1339.2277227722773,1387.7722772277227,1296.5445544554455,1388.2277227722773,123450.0,2.0,0.9087743844660193,0.9391829067961165,0.9391829067961165,0.9391829067961165,0.0,0.0,0.03448781025,-0.000299538975,0.15909062125,-2.429815425,-0.015861421,-9.502737875000001,16.069039634615386,24.895823173076923,101132.10461538461,-0.433190191875,-0.11885282491666667,0.03442921020833333,-0.8927661208333333,53.38746481481481,25.167755814814814,-14.991845481481482,-1.6845167296296295,2.169366848148148,-0.01257235962962963,-0.07690880309999999,-0.17501057849999999,0.514747721,4761.962426757951,5743.391845702965,4759.528759765183,5751.234008789166,"1,1,60",1
1699,102798000,107.40800000000121,-0.024168398571428572,-0.04977026428571428,0.012288402428571429,0.35328019285714285,1339.7227722772277,1387.2772277227723,1295.5544554455446,1388.7227722772277,123450.0,2.0,0.908628076146789,0.9390853899082569,0.9390853899082569,0.9390853899082569,0.0,0.0,0.036352172249999995,0.0067912493,0.153398065,-2.33374865,0.0667385375,-9.48283475,16.071026,24.89581546153846,101132.12240384615,-0.4295664771428571,-0.11900401371428572,0.034045499714285714,-0.8945098142857143,53.30412777777777,25.27666877777778,-14.993091777777778,-1.7003476555555557,2.156148977777778,-0.012896785555555556,-0.0772209904,-0.173071055,0.512943364,4754.598242187997,5750.317407226086,4761.893237304402,5735.1168701176175,"1,1,60",1
1700,102848000,107.4580000000012,-0.024669896416666667,-0.0492217925,0.012252103208333334,0.35327838250000004,1339.78,1387.22,1295.0,1388.78,123450.0,2.0,0.9084819293577981,0.9389879816513761,0.9389879816513761,0.9389879816513761,0.0,0.0,0.0620513415,0.008588787850000001,0.16192031,-2.4094651000000002,-0.06524183375,-9.4729585,16.046043283018868,24.89580790566038,101132.43981132076,-0.42588991615384614,-0.1192524973076923,0.03338665711538461,-0.8962573757692308,53.22001485714286,25.384753571428572,-14.994451428571429,-1.7164551571428572,2.1432355428571426,-0.013497234285714286,-0.07956097695652173,-0.1714531352173913,0.5158257760869566,4761.25864955362,5733.134579612701,4750.865420386715,5757.601074219194,"1,1,60",1
1701,102898000,107.5080000000012,-0.02382113569230769,-0.04915673692307693,0.012412306461538462,0.3531142146153846,1339.28,1387.72,1295.0,1388.28,123450.0,2.0,0.9083305640776699,0.9388870825242719,0.9388870825242719,0.9388870825242719,0.0,0.0,0.037750253000000004,0.0084888293875,0.15156718,-2.3799865625,-0.020500184999999997,-9.527725875,15.97804545098039,24.895800960784314,101133.23921568628,-0.42217027,-0.11949431541666666,0.03263186916666667,-0.8980116658333334,53.135185736263736,25.4920739010989,-14.995915714285713,-1.7328179593406592,2.1306031252747255,-0.014352473296703297,-0.08029992125,-0.16874069,0.5164995,4750.966845702954,5746.0765380860175,4759.664379882399,5727.2233886718,"1,1,60",1
1702,102948000,107.55800000000121,-0.024795817843137256,-0.049626092764705886,0.012430156176470588,0.35309962411764706,1339.2222222222222,1387.7777777777778,1295.2222222222222,1388.4444444444443,123450.0,2.0,0.9081778941747572,0.9387853106796117,0.9387853106796117,0.9387853106796117,0.0,0.0,0.058855876875,0.0106860654375,0.15712649,-2.3775921875000003,0.0025440044999999988,-9.470564625,16.014323846153847,24.895793384615384,101132.78115384615,-0.41846366470588237,-0.11969003574509804,0.03183796892156863,-0.8997467670588235,53.049543650000004,25.59844095,-14.9975828,-1.7491959149999998,2.116915715,-0.0130806937,-0.0838904167826087,-0.16670224,0.5152135365217392,4747.4443359375,5739.69873046875,4751.158203125,5734.85302734375,"1,1,60",1
1703,102998000,107.60800000000121,-0.025504060125000002,-0.0493699441875,0.0120530499375,0.35323316625,1339.7272727272727,1387.2727272727273,1295.7272727272727,1389.4545454545455,123450.0,2.0,0.9080288958333333,0.9386859634259259,0.9386859634259259,0.9386859634259259,0.0,0.0,0.05998778275,0.012716663999999999,0.14867096000000002,-2.3600848500000002,0.07601607375,-9.434950875,16.038881519230767,24.89578569230769,101132.50230769231,-0.4147181855769231,-0.11994156517307693,0.03082857073076923,-0.9014809115384615,52.96355315,25.70439945,-14.9993368,-1.765580365,2.102776165,-0.0108973347,-0.08279101875,-0.163866135,0.5158266475,4753.094799804718,5739.90942382798,4744.505639648377,5736.181152343975,"1,1,60",1
1704,103048000,107.65800000000121,-0.027284977826923077,-0.04984976080769231,0.012145057942307693,0.3534516178846154,1339.77,1387.0,1296.23,1389.08,123450.0,2.0,0.9078811875,0.9385874680555556,0.9385874680555556,0.9385874680555556,0.0,0.0,0.058190165,0.0144474055,0.15792544,-2.4013844,0.03292044725,-9.5456835,16.00764225,24.89578025,101132.87700000001,-0.4110057595833333,-0.12012419010416667,0.029855365375,-0.90318837125,52.87637545,25.80908045,-15.00120945,-1.78256391,2.08751294,-0.011079320850000001,-0.08483587149999999,-0.16133346099999998,0.515264227,4757.5855468750615,5735.83730468742,4730.507763671568,5753.119750976905,"1,1,60",1
1705,103098000,107.7080000000012,-0.0263344864375,-0.049441644125,0.012580689125,0.353164450625,1339.27,1387.0,1296.73,1387.08,123450.0,2.0,0.9077312995192308,0.938487514423077,0.938487514423077,0.938487514423077,0.0,0.0,0.027630298625,0.0014644971375,0.15406391,-2.3832784125,-0.027084242,-9.488521125,16.019289711538462,24.895776153846153,101132.74846153846,-0.40732923499999996,-0.12030247826923077,0.029280884153846155,-0.9048473076923077,52.78868895,25.91321395,-15.00313295,-1.79980421,2.0717681399999996,-0.01227502635,-0.0865712515,-0.16024272250000002,0.51729608,4746.43310546845,5733.182934570624,4744.246508789478,5722.390624999221,"1,1,60",1
1706,103148000,107.7580000000012,-0.025540252576923078,-0.04927101861538462,0.01273233376923077,0.35298538788461536,1339.2277227722773,1387.0,1296.7722772277227,1386.4554455445545,123450.0,2.0,0.907579833173077,0.9383865048076923,0.9383865048076923,0.9383865048076923,0.0,0.0,0.03295655725,0.0050599389,0.157659185,-2.3561941500000003,0.033219718749999995,-9.5555595,16.057211538461537,24.895772307692308,101132.29336538461,-0.40368996458333334,-0.1204480378125,0.029075264,-0.9064644654166666,52.69950855045872,26.016158724770644,-15.004930504587156,-1.8172571256880734,2.0560838880733945,-0.010869334793577982,-0.0875481795,-0.1594173415,0.517553565,4747.06079101578,5726.746874999844,4736.619213866471,5722.049804687857,"1,1,60",1
1707,103198000,107.80800000000121,-0.02636515857142857,-0.04971942642857143,0.012755934428571428,0.3531846442857143,1339.7227722772277,1387.0,1296.2772277227723,1387.4455445544554,123450.0,2.0,0.9074283548076924,0.9382855192307692,0.9382855192307692,0.9382855192307692,0.0,0.0,0.03508694825,0.01411478225,0.15472970749999998,-2.38642105,0.012270449325,-9.482236,16.074004884615384,24.89576846153846,101132.08375,-0.40003436894736843,-0.12050811789473684,0.028676952210526314,-0.9080875684210526,52.60968790825688,26.11859404587156,-15.006674082568807,-1.834801162385321,2.040425585321101,-0.008348758784403668,-0.0896365925,-0.157895986,0.516652737,4741.35553850388,5734.725585937449,4733.587193080826,5725.962751116035,"1,1,60",1
1708,103248000,107.85800000000121,-0.025884241372549018,-0.049492493784313724,0.01220935656862745,0.35346281705882354,1340.0,1387.4444444444443,1296.0,1388.0,123450.0,2.0,0.907276864423077,0.9381845576923077,0.9381845576923077,0.9381845576923077,0.0,0.0,0.030512138857142858,0.006619886,0.15830592142857142,-2.3608539714285715,0.006840740571428569,-9.413830714285714,16.014143269230768,24.895767,101132.80221153845,-0.39632576914893614,-0.1205141909787234,0.028271700340425532,-0.9097251446808511,52.51899942857143,26.220212714285715,-15.007820142857142,-1.8516727,2.0242779142857144,-0.005594540728571428,-0.09133807239130434,-0.15495932130434784,0.5172240513043478,4743.0624023438,5730.871874999971,4737.728784179602,5729.815283203354,"1,1,60",1
1709,103298000,107.90800000000121,-0.026120962625,-0.04984631775,0.012552565,0.3537539525,1340.0,1388.4545454545455,1296.0,1388.0,123450.0,2.0,0.9071274836111112,0.9380849916666667,0.9380849916666667,0.9380849916666667,0.0,0.0,0.03029344825,0.0079893561,0.15705996,-2.43580105,-0.006583888749999999,-9.536107125000001,15.975048365384614,24.895765884615386,101133.28325,-0.39259497204081634,-0.1205906350612245,0.027917005020408163,-0.9113420030612245,52.42750986813187,26.32107754945055,-15.008414648351648,-1.8679234692307691,2.0076785186813186,-0.0026246530912087907,-0.092994228,-0.154182954,0.5179184,4743.692065429534,5731.934667969049,4740.951489258036,5729.02160644472,"1,1,60",1
1710,103348000,107.95800000000122,-0.02574614873076923,-0.04966166813461538,0.012664967259615384,0.35404981557692305,1340.2277227722773,1389.0,1296.4554455445545,1388.0,123450.0,2.0,0.9069810160185185,0.9379873527777778,0.9379873527777778,0.9379873527777778,0.0,0.0,0.034621236,0.0043276585,0.1613209875,-2.4136547000000004,0.037409576,-9.5064785,16.00881625,24.895766038461538,101132.89423076923,-0.3888785844680851,-0.1207153440425532,0.027609719829787233,-0.9129267929787234,52.33472666972477,26.420672,-15.007990293577981,-1.883817310091743,1.9911792366972476,-0.0004581983045871558,-0.0928373431,-0.15078923249999998,0.518482565,4742.328637695452,5732.588671874703,4741.017163085888,5735.456420898868,"1,1,60",1
1711,103398000,108.00800000000122,-0.025898646142857144,-0.04916094571428571,0.012258416999999999,0.35437294428571425,1340.7227722772277,1389.0,1297.4455445544554,1388.0,123450.0,2.0,0.90683254625,0.937888375,0.937888375,0.937888375,0.0,0.0,0.035153809,-0.003994843025,0.15452990249999998,-2.337937925,0.01436537675,-9.46427975,16.031516132075474,24.895767,101132.61132075472,-0.38512194245283016,-0.12091737886792453,0.027325740188679244,-0.9144993311320755,52.24138905504587,26.519722,-15.00712928440367,-1.8995581816513762,1.9747228605504588,0.001363928117431193,-0.0947124329,-0.1499275315,0.51897028,4747.689313615815,5734.155203683288,4747.6639927463075,5727.518345423435,"1,1,60",1
1712,103448000,108.05800000000121,-0.025716734019607845,-0.04916842125490196,0.012444784960784314,0.35467880019607845,1341.4583333333333,1389.2291666666667,1298.0,1388.2291666666667,123450.0,2.0,0.9066783779807692,0.9377855865384616,0.9377855865384616,0.9377855865384616,0.0,0.0,0.045406776499999996,0.0019976052000000005,0.150202325,-2.36607015,0.0047885670000000005,-9.4559,16.036227196078432,24.895768294117648,101132.53764705882,-0.38140285723404255,-0.12116924059574467,0.02696052025531915,-0.9160347687234043,52.14709314,26.61773824,-15.00644716,-1.914959638,1.95856789,0.00281135623,-0.09605992739130435,-0.15019568173913045,0.5172175130434783,4752.262900905065,5741.021664268365,4747.062088815119,5728.602898848849,"1,1,60",1
1713,103498000,108.10800000000121,-0.026318630266666667,-0.049531875866666665,0.012797261266666667,0.3552462653333333,1342.5,1389.75,1298.0,1388.75,123450.0,2.0,0.9065249548076924,0.9376833,0.9376833,0.9376833,0.0,0.0,0.047803594125,0.0134489064375,0.15942354875,-2.4022826250000002,-0.0472853175,-9.512763125,16.057826452830188,24.895771188679245,101132.2866037736,-0.3776470652631579,-0.12136095010526315,0.026333076736842105,-0.9175813947368421,52.05191264,26.71480024,-15.00593016,-1.930047788,1.94269114,0.00391290898,-0.09614162475,-0.146782181,0.5194956110000001,4754.2120535711365,5738.924595424385,4743.465611049818,5745.174734932565,"1,1,60",1
1714,103548000,108.15800000000121,-0.0257426735,-0.049139159,0.013101013,0.35566324,1343.0,1390.0,1298.504854368932,1389.0,123450.0,2.0,0.9063749259615385,0.9375833,0.9375833,0.9375833,0.0,0.0,0.038282887999999994,0.003994815375,0.1526657575,-2.358588375,-0.023642579175,-9.456199250000001,16.077085818181818,24.895773654545454,101132.06236363636,-0.373866245,-0.12152855545454545,0.025731635227272728,-0.9191245863636364,51.956028857142854,26.811171428571427,-15.005568285714286,-1.9451362428571428,1.9269711571428572,0.004679912214285715,-0.09822251759999999,-0.14334530099999998,0.520078336,4754.485888672061,5742.7368164061945,4755.184423828036,5741.886425781332,"1,1,60",1
1715,103598000,108.20800000000122,-0.02538681794117647,-0.048920875764705885,0.012871317235294118,0.3559008035294118,1343.0,1390.0,1299.4757281553398,1389.0,123450.0,2.0,0.9062272685185185,0.9374848763888889,0.9374848763888889,0.9374848763888889,0.0,0.0,0.0447412375,0.0018640975725,0.1631851875,-2.387318575,0.005985671850000001,-9.591472249999999,16.088631250000002,24.895776,101131.9275,-0.37010629156862745,-0.12174692078431373,0.025221959313725492,-0.9206295568627452,51.85949589010989,26.906904945054947,-15.005349604395605,-1.9602249791208792,1.9113958824175823,0.005138100510989011,-0.0997418595,-0.142968447,0.5186327575,4759.785913085972,5737.678027344231,4749.2120849610465,5751.019628905761,"1,1,60",1
1716,103648000,108.25800000000122,-0.024875857224489796,-0.04888105859183674,0.012801118673469388,0.35631638673469385,1343.46,1390.46,1299.77,1389.23,123450.0,2.0,0.9061009537037037,0.9374006402777778,0.9374006402777778,0.9374006402777778,0.0,0.0,0.028761929749999998,0.001997340125,0.15932368000000002,-2.3690631,0.018255953499999998,-9.442731499999999,16.048994615384615,24.895779634615387,101132.39673076922,-0.36632876283018867,-0.12192036952830189,0.024807138622641507,-0.9221275667924529,51.76198486138614,27.001718514851486,-15.004565633663367,-1.9752369762376238,1.895338908910891,0.006546129772277228,-0.10069003145,-0.14189741549999998,0.5202144635,4756.853306361594,5747.943010602848,4764.585611979377,5737.029924665196,"1,1,60",1
1717,103698000,108.30800000000121,-0.02558031905882353,-0.04904039017647059,0.013245706647058823,0.3568019794117647,1344.46,1391.46,1299.27,1389.73,123450.0,2.0,0.905974638888889,0.9373164041666666,0.9373164041666666,0.9373164041666666,0.0,0.0,0.044541507,0.00965417,0.15333145,-2.360383825,0.05117623175,-9.48014225,16.012204622641512,24.895782679245283,101132.80830188679,-0.36260261765957447,-0.1220617294680851,0.024434351,-0.9235908170212767,51.664054663366336,27.09613782178218,-15.003539396039605,-1.990216085148515,1.879075493069307,0.008361233732673267,-0.10001789047619047,-0.13906617428571427,0.5198003428571428,4766.072192383158,5750.101782226652,4754.411157226933,5750.0266601557305,"1,1,60",1
1718,103748000,108.35800000000123,-0.025944700865384616,-0.04896942875,0.013192250711538461,0.3568667986538462,1345.0,1392.0,1299.2395833333333,1390.0,123450.0,2.0,0.9058021261538461,0.9372014197115385,0.9372014197115385,0.9372014197115385,0.0,0.0,0.0416784625,-0.00013322117499999994,0.1597230875,-2.3852238249999997,-0.020649828250000002,-9.574412500000001,15.980991470588235,24.895786235294118,101133.19294117647,-0.358846435,-0.12222918875,0.023884664958333333,-0.9250487322916667,51.56505562626263,27.18971701010101,-15.002423848484849,-2.006120393939394,1.8631263414141415,0.008032870836363636,-0.103062228,-0.138329318,0.5209293315,4763.281378494857,5744.240542762766,4768.449475740356,5744.693050987133,"1,1,60",1
1719,103798000,108.40800000000122,-0.025813375840909092,-0.048908071454545454,0.01307231915909091,0.35704419704545454,1345.0,1392.0,1299.7604166666667,1390.0,123450.0,2.0,0.9056266646153845,0.9370844725961538,0.9370844725961538,0.9370844725961538,0.0,0.0,0.04454134999999999,0.0155794705,0.16211994,-2.35379995,0.044292899999999996,-9.55915025,16.01269865384615,24.895788384615383,101132.81019230769,-0.3550653375,-0.122314654,0.023354534375,-0.9265082225,51.4655536060606,27.28290084848485,-15.001266272727273,-2.022460090909091,1.8473250787878788,0.006695817654545454,-0.106146577,-0.136384461,0.519965075,4762.66293945294,5741.8381103514475,4752.146874999969,5758.30158691442,"1,1,60",1
1720,103848000,108.45800000000122,-0.02505895107142857,-0.04873736064285714,0.013369006839285715,0.3573254094642857,1344.7403846153845,1392.5192307692307,1300.0,1390.5192307692307,123450.0,2.0,0.9054733866666667,0.9369822760952381,0.9369822760952381,0.9369822760952381,0.0,0.0,0.028895238,0.00759010475,0.15519575,-2.335544125,0.0008979914499999998,-9.50498125,16.036805673076923,24.895792115384616,101132.54557692308,-0.3513148568181818,-0.12228005740909091,0.02288883625,-0.9279541395454546,51.36511304807692,27.375161096153846,-15.000289336538462,-2.037246908653846,1.8310883442307693,0.005549601608653846,-0.1059593555,-0.1334349695,0.5213468385,4764.601260230643,5754.530901227717,4763.307245163725,5739.399902343738,"1,1,60",1
1721,103898000,108.50800000000122,-0.025111862999999998,-0.049495125,0.0134895730625,0.35751417375,1344.2596153846155,1393.4807692307693,1300.0,1391.4807692307693,123450.0,2.0,0.9053237199999999,0.9368824808571429,0.9368824808571429,0.9368824808571429,0.0,0.0,0.039015312499999996,0.021172191,0.1625194075,-2.43071375,-0.00478823485,-9.6627005,16.01450442307692,24.89579403846154,101132.80134615385,-0.3475801842307692,-0.12217853853846154,0.02246092644230769,-0.9293822834615385,51.26427025961538,27.46702551923077,-14.999389817307692,-2.0513682067307695,1.814664978846154,0.0044851729067307685,-0.1073347833,-0.1321132545,0.5198228650000001,4757.945106907866,5753.869371916194,4752.812422902326,5759.5216899674215,"1,1,60",1
1722,103948000,108.55800000000121,-0.025175723807692306,-0.0498982765,0.013138251884615385,0.35784829173076926,1344.69,1393.08,1299.77,1392.46,123450.0,2.0,0.9051757177570093,0.9367838085046729,0.9367838085046729,0.9367838085046729,0.0,0.0,0.040546404,0.00858875675,0.1515339375,-2.4232317500000002,0.0586581075,-9.540896,16.00547557692308,24.89579596153846,101132.86865384615,-0.34377239083333333,-0.12209806770833333,0.021893713354166667,-0.9308219979166666,51.1627131,27.55735394,-14.9988186,-2.065393747,1.796923131,0.003965629315,-0.1087503295,-0.1307170275,0.5217116005,4759.774267578288,5760.976977539052,4761.125756836144,5748.1987792965465,"1,1,60",1
1723,103998000,108.60800000000123,-0.0274006715,-0.049254551625,0.0128264183125,0.35805969,1346.19,1391.08,1299.27,1393.46,123450.0,2.0,0.9050282411214954,0.9366854907476636,0.9366854907476636,0.9366854907476636,0.0,0.0,0.04540701525,-0.00019954574043249998,0.15646068500000002,-2.4426847499999997,-0.00508751225,-9.589677499999999,16.07165701923077,24.895797884615384,101132.10673076923,-0.3399541625,-0.12235424874999999,0.021337649375,-0.9322018,51.0607181,27.64674094,-14.9984486,-2.079360597,1.778373181,0.003780047565,-0.10891254850000001,-0.129144613,0.5211315705,4768.788134765888,5751.703271484038,4756.708276367078,5763.077709961311,"1,1,60",1
1724,104048000,108.65800000000122,-0.027311825735849057,-0.048769768094339624,0.012915307283018868,0.358286060754717,1347.0,1390.69,1299.0,1394.0,123450.0,2.0,0.9048772028846154,0.9365847916346154,0.9365847916346154,0.9365847916346154,0.0,0.0,0.0379501685,-0.008522235999999999,0.15433017,-2.4432833,-0.029328807499999998,-9.476851,16.046574679245282,24.89579977358491,101132.42358490566,-0.33611537333333336,-0.12275699999999999,0.020845631333333333,-0.9335521999999999,50.957549427083336,27.734647354166665,-14.998612510416667,-2.09318621875,1.7601900979166667,0.0038350658114583336,-0.11142134086956522,-0.12647897565217392,0.5204770473913043,4769.624640213596,5750.22679379169,4772.754754317555,5747.10426089568,"1,1,60",1
1725,104098000,108.70800000000122,-0.026419708851063827,-0.04920382597872341,0.01320701285106383,0.35860247617021274,1347.0,1392.19,1299.0,1394.0,123450.0,2.0,0.9047239817307692,0.9364826329807693,0.9364826329807693,0.9364826329807693,0.0,0.0,0.03618100914285714,0.006011213357142857,0.15579491,-2.364616285714286,-0.03882010742857143,-9.490103285714286,16.07526043137255,24.8958,101132.08176470589,-0.332322288627451,-0.12303532470588234,0.020476476352941177,-0.9348801176470588,50.853661406250005,27.8216463125,-14.99910365625,-2.10692528125,1.74223186875,0.004037548571875001,-0.10930022478260869,-0.12476218434782609,0.5205985182608696,4768.471240234688,5754.722900390363,4764.379003905972,5758.059277344078,"1,1,60",1
1726,104148000,108.75800000000123,-0.027136455576923076,-0.04949912923076923,0.013016929057692308,0.35865974538461537,1347.0,1393.0,1299.0,1393.77,123450.0,2.0,0.904573875,0.936382555,0.936382555,0.936382555,0.0,0.0,0.03837364027272727,0.006706162563636364,0.15625498,-2.4097641000000003,0.042769320181818185,-9.545139545454546,16.049355115384614,24.895801653846153,101132.36730769232,-0.3285226233333333,-0.1231474325,0.020040509854166666,-0.9362170904166667,50.7482327,27.90751095,-14.9997382,-2.12178465,1.72479271,0.00232843426,-0.11211710347826087,-0.12361923191304348,0.5225140452173913,4765.22923519712,5754.5767886514,4768.876850329085,5750.211348683693,"1,1,60",1
1727,104198000,108.80800000000123,-0.0268910715625,-0.04928466425,0.013244127500000001,0.358351365,1347.0,1393.0,1299.0,1393.27,123450.0,2.0,0.9044264212962962,0.9362842494444444,0.9362842494444444,0.9362842494444444,0.0,0.0,0.04147878125,0.01351551425,0.1560612375,-2.34093075,-0.02005127325,-9.62110075,16.050259230769232,24.895802,101132.35326923078,-0.3247422365384615,-0.12318282538461539,0.019557141057692306,-0.9375403280769231,50.642143700000005,27.99288945,-15.0004342,-2.13712415,1.70757601,-0.00019993594000000062,-0.1143466662,-0.12143677580000001,0.522109305,4761.880249023412,5749.69797363241,4754.222045898204,5755.841870117521,"1,1,60",1
1728,104248000,108.85800000000123,-0.02682438953846154,-0.04939844396153846,0.013179604634615384,0.3581464184615385,1346.77,1393.0,1298.77,1393.23,123450.0,2.0,0.9042790731481481,0.9361860212962962,0.9361860212962962,0.9361860212962962,0.0,0.0,0.031092294875000002,0.003628746025,0.15596141875,-2.4402900499999998,-0.0016458474374999987,-9.522041,16.066330999999998,24.895802,101132.1725,-0.320947754375,-0.12318061500000001,0.019117671145833334,-0.9388557677083333,50.534907625,28.077213,-15.0014464375,-2.1518304687499996,1.690490375,-0.0014622610625,-0.114464869,-0.12076292649999999,0.52302922,4755.7195556634915,5742.100756835887,4756.107495117634,5743.089331053926,"1,1,60",1
1729,104298000,108.90800000000122,-0.026606752875,-0.049715823124999996,0.013094195749999999,0.358018654375,1346.27,1393.0,1298.27,1393.73,123450.0,2.0,0.9041318972222222,0.9360879194444445,0.9360879194444445,0.9360879194444445,0.0,0.0,0.030359859,0.009853461,0.15765919,-2.433706,0.0442929,-9.527727,16.06774766037736,24.895802,101132.15490566037,-0.31716483634615383,-0.12312433057692307,0.01882559726923077,-0.940153410576923,50.42717994642857,28.161084428571428,-15.002594205357143,-2.166265424107143,1.6734609107142857,-0.0021819954375,-0.11667600571428571,-0.116891875,0.5227019142857142,4750.91357421875,5741.9375,4756.4765625,5747.3017578125,"1,1,60",1
1730,104348000,108.95800000000122,-0.02617415987755102,-0.04979349163265306,0.01388808436734694,0.35805815612244896,1346.2211538461538,1393.0,1298.2211538461538,1393.5576923076924,123450.0,2.0,0.9039833649038461,0.9359889092307693,0.9359889092307693,0.9359889092307693,0.0,0.0,0.027996603125,0.0078561804375,0.15516242625,-2.4004869749999997,-0.0056860642499999975,-9.430910500000001,16.01312,24.895802,101132.82333333333,-0.31342835714285716,-0.12299725836734693,0.018507251836734694,-0.9414289204081633,50.318728525773196,28.24421308247423,-15.003835829896907,-2.180199592783505,1.6559361072164949,-0.0023953349979381443,-0.11739416,-0.115548603,0.5232126,4749.799340820043,5749.570922851836,4748.97915039127,5748.029296874203,"1,1,60",1
1731,104398000,109.00800000000123,-0.025514213672727274,-0.04914111450909091,0.014026841236363637,0.35807581363636365,1346.701923076923,1393.0,1298.701923076923,1392.5961538461538,123450.0,2.0,0.9038300235576923,0.9358866784615385,0.9358866784615385,0.9358866784615385,0.0,0.0,0.030426627249999998,-0.000931905875,0.1578588825,-2.4142535,-0.0332193895,-9.4705645,16.00990141509434,24.895802,101132.84739622641,-0.3096906,-0.12299820274509804,0.01820404117647059,-0.9426706294117647,50.20942749484536,28.326469783505157,-15.005187634020619,-2.193545881443299,1.637829818556701,-0.0020142110804123713,-0.11732250838095239,-0.11323335333333333,0.5217309380952382,4752.348046875257,5747.078759765596,4755.04421386669,5730.496777344041,"1,1,60",1
1732,104448000,109.05800000000123,-0.026810427916666667,-0.0494852128125,0.013068416625,0.3581577875,1347.0,1393.0,1299.0,1392.1958762886597,123450.0,2.0,0.9036769306666667,0.935784616,0.935784616,0.935784616,0.0,0.0,0.053895705625,0.015945829124999998,0.15046860125,-2.4060232125,0.019752330000000002,-9.44063675,16.018551470588235,24.895802,101132.72635294119,-0.3058843172916667,-0.1230758125,0.017686605375,-0.9439123716666666,50.099339199999996,28.4076622,-15.006057109999999,-2.206571596,1.619543084,-0.0007383253559999998,-0.12010265,-0.111182946,0.5224072466666666,4752.964331054357,5747.453442382977,4736.220922851106,5743.3527099610355,"1,1,60",1
1733,104498000,109.10800000000123,-0.026839014285714287,-0.04949225314285714,0.012738567857142858,0.3584010542857143,1347.0,1393.0,1299.0,1392.7113402061855,123450.0,2.0,0.903525364,0.9356835874285714,0.9356835874285714,0.9356835874285714,0.0,0.0,0.051565496625,0.009454305812500001,0.15439675625000002,-2.4296661,0.003142554374999995,-9.37509675,16.024960301886793,24.89580254716981,101132.66603773585,-0.3020380975471698,-0.12310300849056605,0.01691693941509434,-0.9451602886792453,49.9885242,28.487872199999998,-15.006481359999999,-2.219301396,1.601089784,0.0013634943440000006,-0.121651985,-0.110109071,0.522908854,4750.406947545029,5745.442801339208,4739.594935825702,5746.454520089507,"1,1,60",1
1734,104548000,109.15800000000124,-0.02681954737254902,-0.04890846066666667,0.013455534607843137,0.35858537686274505,1347.0,1393.0,1299.2135922330096,1392.7864077669904,123450.0,2.0,0.9033740181481482,0.9355827055555556,0.9355827055555556,0.9355827055555556,0.0,0.0,0.0431434325,0.00426100045,0.160988035,-2.47261175,0.0179566825,-9.573216500000001,16.05979333333333,24.895803,101132.24862745097,-0.2981970019148936,-0.12319985936170212,0.016285092617021275,-0.946378254893617,49.8767472,28.56713398,-15.00693512,-2.2321628860000002,1.58296437,0.002085098558,-0.12129287717391304,-0.10719333547826088,0.5235404695652174,4755.36376953125,5743.85498046875,4737.66455078125,5749.5185546875,"1,1,60",1
1735,104598000,109.20800000000123,-0.025920849711538463,-0.04865447975,0.013694490538461538,0.35844766615384616,1347.0,1393.0,1299.6990291262136,1392.3009708737864,123450.0,2.0,0.9032279718518519,0.9354853444444445,0.9354853444444445,0.9354853444444445,0.0,0.0,0.018642061,0.00106527815,0.15393073499999999,-2.40437735,-0.01675924685,-9.486426,16.059958214285714,24.895803892857142,101132.24026785714,-0.29439158769230767,-0.12330501365384615,0.016018794596153844,-0.9475595261538462,49.7640822,28.645520480000002,-15.00741612,-2.245145936,1.56514162,0.001532657708,-0.123157589,-0.10675451300000001,0.523780621,4745.684692382625,5743.287890625249,4751.954614257646,5725.836669921528,"1,1,60",1
1736,104648000,109.25800000000123,-0.026240340020408162,-0.049083878979591836,0.013668200020408163,0.3587624893877551,1347.3958333333333,1393.1979166666667,1300.1979166666667,1392.3958333333333,123450.0,2.0,0.9030819255555556,0.9353879833333334,0.9353879833333334,0.9353879833333334,0.0,0.0,0.0370178915,0.010918948,0.156327575,-2.39240635,0.0454899985,-9.472061,16.047284603773587,24.89580679245283,101132.40094339622,-0.29061367591836734,-0.12335524632653061,0.015809838408163263,-0.9487220659183674,49.65077357142857,28.723110000000002,-15.008158714285715,-2.2575059714285715,1.546089957142857,0.0035964832142857143,-0.12510744000000001,-0.10278772857142858,0.5234816176190477,4749.233911132875,5744.265576172014,4737.950952147903,5746.784106446439,"1,1,60",1
1737,104698000,109.30800000000123,-0.026324191978723405,-0.04931519255319149,0.013381257723404255,0.35958903276595744,1348.4375,1393.71875,1300.71875,1393.4375,123450.0,2.0,0.9029293242718447,0.9352862324271844,0.9352862324271844,0.9352862324271844,0.0,0.0,0.03588645325,0.009387330825,0.150002515,-2.4507648,0.05117623175,-9.3254165,16.075996862745097,24.89581031372549,101132.05960784314,-0.2867788109090909,-0.12336763545454545,0.015310268727272727,-0.94989449,49.53687082417582,28.799963846153847,-15.00914278021978,-2.2692909164835164,1.525903913186813,0.00807532381868132,-0.1242773125,-0.100656072,0.5233357249999999,4753.502685546995,5755.837890625021,4746.239111328593,5743.880786133019,"1,1,60",1
1738,104748000,109.35800000000123,-0.026388880326923075,-0.048681192846153847,0.013144273192307692,0.35999072000000004,1349.0,1394.0,1301.23,1394.0,123450.0,2.0,0.9027758291262136,0.9351838829126213,0.9351838829126213,0.9351838829126213,0.0,0.0,0.0471380645,-0.0014315735,0.15060175374999998,-2.3766944625,0.0020950926249999995,-9.51515725,16.063621346153848,24.895811576923077,101132.21307692309,-0.28295118772727273,-0.12353462454545454,0.014823147727272726,-0.9510285613636363,49.42229287128713,28.875883514851484,-15.009742603960396,-2.281643904950495,1.5070393128712871,0.009767415207920793,-0.12605637,-0.09972505749999999,0.52383285,4770.831380208619,5753.729306175514,4744.620000929819,5751.110374814346,"1,1,60",1
1739,104798000,109.40800000000124,-0.025966451875,-0.048476080625,0.0130090628125,0.360024459375,1349.0,1394.0,1301.73,1394.0,123450.0,2.0,0.9026249398076923,0.9350832786538462,0.9350832786538462,0.9350832786538462,0.0,0.0,0.0234891024,0.003142502052,0.153078522,-2.3810339600000003,-0.00885837964,-9.5660344,16.05694,24.895814,101132.27875,-0.27909627653846153,-0.12376743951923078,0.014432381519230769,-0.952142075,49.307425544554455,28.951402821782178,-15.010177752475247,-2.2942403405940595,1.4887410455445544,0.010265185504950496,-0.1265231025,-0.098455169,0.5242350458333332,4760.258840460555,5754.644659744718,4760.594084087301,5739.576197573736,"1,1,60",1
1740,104848000,109.45800000000123,-0.026602151857142858,-0.04897532669387755,0.013478846979591836,0.3601052151020408,1349.0,1394.23,1301.54,1394.0,123450.0,2.0,0.9024746225,0.9349830575,0.9349830575,0.9349830575,0.0,0.0,0.03788330625,0.00539271285,0.159989435,-2.354997075,0.043095800000000004,-9.423280250000001,16.044272358490566,24.89581741509434,101132.4575471698,-0.2752657867346939,-0.1238670293877551,0.014097776857142858,-0.9532488224489796,49.1918402020202,29.02591475757576,-15.010351,-2.306110913131313,1.4702797393939393,0.009829458606060607,-0.12491349175000001,-0.09708255049999999,0.523724735,4761.206201172035,5750.136621093948,4747.522021483765,5749.712377930163,"1,1,60",1
1741,104898000,109.50800000000123,-0.027218609470588236,-0.04944206494117647,0.013725218,0.36012213882352945,1349.0,1394.73,1300.54,1394.0,123450.0,2.0,0.9023242228571429,0.9348828026666667,0.9348828026666667,0.9348828026666667,0.0,0.0,0.03706634263636364,0.014235745545454545,0.1540033609090909,-2.4492684363636363,-0.0028293422727272734,-9.534147,16.006017461538462,24.895819153846155,101132.91692307692,-0.2714286076923077,-0.12383476,0.013575555153846154,-0.9543600653846154,49.07591696969697,29.09995263636364,-15.010401,-2.317639903030303,1.451741709090909,0.008954438909090909,-0.1284231795652174,-0.09526947130434782,0.5244067695652174,4752.7573974607785,5749.714013671539,4747.798901367287,5747.128417969053,"1,1,60",1
1742,104948000,109.55800000000124,-0.028124946040816327,-0.049622911877551024,0.013592768551020408,0.3601025555102041,1348.7604166666667,1395.2395833333333,1300.4791666666667,1393.5208333333333,123450.0,2.0,0.9021737942857143,0.9347825359999999,0.9347825359999999,0.9347825359999999,0.0,0.0,0.04101271,0.0043940869,0.160721785,-2.4696192999999997,0.019752334,-9.545683499999999,16.05556,24.895820352941175,101132.31176470588,-0.26757854109090906,-0.12385120945454545,0.013136747654545455,-0.9554505245454545,48.9595025,29.17280795,-15.01036035,-2.32879118,1.433454125,0.00852264185,-0.127787381,-0.0926915449,0.52524559,4756.067724609425,5738.54179687442,4743.6474609375555,5756.5051757816955,"1,1,60",1
1743,104998000,109.60800000000124,-0.026390552978723406,-0.04935201940425532,0.013784753,0.3601890991489362,1348.2395833333333,1395.7604166666667,1301.5208333333333,1392.4791666666667,123450.0,2.0,0.9020253237383178,0.9346835525233644,0.9346835525233644,0.9346835525233644,0.0,0.0,0.019074822625,0.0029959539625,0.15656060375,-2.4374474375,-0.0031422251249999984,-9.4611368125,16.009104150943394,24.895823283018867,101132.85896226416,-0.2637007252272727,-0.12393674563636364,0.012880989886363636,-0.9565213975,48.8428775,29.24515645,-15.01028085,-2.3397805799999998,1.415273875,0.00828079735,-0.1304636405,-0.0904422995,0.525770913,4744.940429687325,5750.787304688012,4757.346899414454,5731.37700195236,"1,1,60",1
1744,105048000,109.65800000000124,-0.026991288964285716,-0.04914642480357143,0.013542783294642858,0.36011863160714286,1348.5192307692307,1395.7403846153845,1302.0,1392.7788461538462,123450.0,2.0,0.9018779545794392,0.9345852908411214,0.9345852908411214,0.9345852908411214,0.0,0.0,0.0426104265,0.013582201,0.154463395,-2.4378960999999997,0.029329138499999997,-9.646837000000001,15.99991709090909,24.89582607272727,101132.9540909091,-0.25985043333333335,-0.12391120966666666,0.012682125520833334,-0.9575799589583334,48.7254454,29.316219399999998,-15.00952515,-2.351317065,1.3969236299999999,0.00858673505,-0.1311973661904762,-0.08833428619047619,0.5247634142857143,4748.745336914376,5750.944360351388,4745.316162108604,5735.461840820757,"1,1,60",1
1745,105098000,109.70800000000123,-0.02886072,-0.049319941125,0.0131368259375,0.3603362375,1349.4807692307693,1395.2596153846155,1302.0,1394.2211538461538,123450.0,2.0,0.9017395271428571,0.9344930028571428,0.9344930028571428,0.9344930028571428,0.0,0.0,0.052274317142857143,0.010538339714285715,0.16058854857142857,-2.4236163714285714,0.040872609000000004,-9.415883571428571,15.982844363636364,24.895827890909093,101133.18136363637,-0.2559478051923077,-0.12388064,0.011966613173076924,-0.9586431213461538,48.6076674,29.3867314,-15.00847965,-2.3630880149999998,1.37850053,0.00912743655,-0.13244466217391304,-0.08704443756521739,0.5254323652173913,4745.751977539122,5743.833862304824,4740.467333984665,5745.6592285158085,"1,1,60",1
1746,105148000,109.75800000000123,-0.02842786962264151,-0.04925462094339623,0.01373051408490566,0.3609672354716981,1349.7722772277227,1395.4554455445545,1302.6831683168316,1394.7722772277227,123450.0,2.0,0.9016100414285714,0.9344066885714285,0.9344066885714285,0.9344066885714285,0.0,0.0,0.05066647125,0.0138482415,0.15652738,-2.444479925,0.022445805500000002,-9.482536249999999,16.013343571428575,24.895831357142857,101132.82991071428,-0.2520108951020408,-0.12389399142857142,0.011158072326530611,-0.9596939571428572,48.488969779816514,29.456008394495413,-15.007237055045872,-2.373750212844037,1.3608096550458715,0.009672023284403669,-0.1325433385,-0.083571319,0.5250657879999999,4754.1433490953905,5745.208830180906,4741.986944901188,5756.654605263657,"1,1,60",1
1747,105198000,109.80800000000124,-0.027319976250000003,-0.04908356875,0.013676641541666666,0.3613591433333333,1349.2772277227723,1396.4455445544554,1304.1683168316831,1394.2772277227723,123450.0,2.0,0.901464471495327,0.9343096476635514,0.9343096476635514,0.9343096476635514,0.0,0.0,0.030526420999999998,0.007389913725,0.1589574675,-2.4286183625,-0.045190395,-9.51006875,16.00457269230769,24.895835153846154,101132.92557692308,-0.24808956857142858,-0.12396003571428571,0.010572945285714286,-0.9607128285714286,48.369878036697244,29.524756100917433,-15.005909990825689,-2.3839372311926605,1.343432590825688,0.010218275119266056,-0.1353442647826087,-0.08115849347826086,0.5247222182608696,4750.604073660511,5753.904715402425,4755.137834822412,5746.995675222438,"1,1,60",1
1748,105248000,109.85800000000124,-0.026503906958333334,-0.048761325583333334,0.013730017916666667,0.361659045,1349.4444444444443,1396.7777777777778,1304.7777777777778,1394.6666666666667,123450.0,2.0,0.9012947752336449,0.9341965168224299,0.9341965168224299,0.9341965168224299,0.0,0.0,0.041545445,0.00146480738,0.16112122,-2.3936034,0.0029929187499999994,-9.554661,16.02823849056604,24.895838943396225,101132.66094339623,-0.2441677540425532,-0.12406601387234042,0.010179094340425531,-0.9617084187234043,48.250075714285714,29.592644142857143,-15.004731,-2.394243285714286,1.3251721714285714,0.010260114285714286,-0.134891954,-0.0796903252,0.5254423,4752.891210937655,5757.126464843386,4761.2284179683975,5744.823242188137,"1,1,60",1
1749,105298000,109.90800000000124,-0.028353622705882355,-0.04895846511764706,0.01372125894117647,0.36200815999999997,1350.4545454545455,1396.2727272727273,1304.2727272727273,1396.1818181818182,123450.0,2.0,0.9011299375,0.9340866325,0.9340866325,0.9340866325,0.0,0.0,0.06484803,0.0018642002,0.1576591225,-2.419340825,0.04159941975,-9.448120249999999,16.028217647058824,24.895841411764703,101132.63047058824,-0.24017445,-0.12423142943396226,0.009350347773584906,-0.9626997603773585,48.12961747252747,29.65973864835165,-15.003688692307692,-2.40465921978022,1.3060963472527471,0.009836341758241758,-0.13470290699999998,-0.0773051851,0.527483526,4762.457202148335,5749.37255859394,4756.206201172389,5754.085009765521,"1,1,60",1
1750,105348000,109.95800000000125,-0.028356210153846154,-0.04928560846153846,0.013282862250000001,0.36241821519230766,1351.23,1396.46,1304.0,1396.54,123450.0,2.0,0.9009789278846154,0.9339859882692307,0.9339859882692307,0.9339859882692307,0.0,0.0,0.055260461,0.00905469265,0.151533945,-2.4097645,0.0359131945,-9.457697,16.024075,24.895843875,101132.6865,-0.23614131976744185,-0.12436517953488373,0.008369665558139535,-0.9636896813953488,48.0087114,29.72552275,-15.00276735,-2.414946225,1.286093285,0.00882455406,-0.1358387752173913,-0.07447166826086957,0.5262830552173913,4765.20602898885,5753.513440584129,4751.365774053693,5759.61888363485,"1,1,60",1
1751,105398000,110.00800000000125,-0.0280427280625,-0.049176958124999996,0.0139316969375,0.3625529925,1351.73,1397.46,1304.0,1395.54,123450.0,2.0,0.9008284467889909,0.9338856862385321,0.9338856862385321,0.9338856862385321,0.0,0.0,0.0427438705,0.0103862745,0.1533980525,-2.4223335500000003,0.0008979943750000007,-9.6261875,16.010983173076923,24.895846115384614,101132.85838461538,-0.23223044884615385,-0.12441382107692307,0.0076414696384615385,-0.9646386192307692,47.8876134,29.79074525,-15.00189785,-2.425177975,1.265692835,0.00756075986,-0.137248497,-0.0718795225,0.5251271,4763.297680663658,5757.883276367405,4747.680322266638,5760.19482421792,"1,1,60",1
1752,105448000,110.05800000000124,-0.027408481365384617,-0.04862253982692308,0.013913990788461538,0.36252413173076925,1352.0,1398.23,1304.0,1395.0,123450.0,2.0,0.9006803733944954,0.933786943119266,0.933786943119266,0.933786943119266,0.0,0.0,0.031192068374999996,-0.0027295660250000004,0.16108801625000002,-2.38761815,0.004339659124999999,-9.606883499999999,15.97622185576923,24.895848557692307,101133.2675,-0.228322903125,-0.1245143064375,0.00722444300625,-0.9655615333333333,47.76573013861386,29.854398831683167,-15.001143534653465,-2.4356905445544554,1.246203600990099,0.006184365872277228,-0.136865935,-0.07077372,0.5267254125,4760.385156250013,5751.382666015264,4762.201440429736,5748.857666015851,"1,1,60",1
1753,105498000,110.10800000000124,-0.027537619375,-0.04873907075,0.0138827673125,0.362563113125,1352.0,1398.73,1304.0,1395.0,123450.0,2.0,0.9005323,0.9336882,0.9336882,0.9336882,0.0,0.0,0.03846794666666667,0.009883240611111111,0.16005599888888888,-2.368929911111111,-0.025537990555555556,-9.434487,15.994279548076923,24.89585048076923,101133.05403846153,-0.2243800573076923,-0.12461469903846155,0.006842604288461538,-0.9664748826923076,47.64351033663366,29.91738001980198,-15.000438584158417,-2.4463234653465347,1.2271048881188118,0.004759714832673267,-0.13692427,-0.06702722142857143,0.5257596685714286,4762.238666735164,5748.609760485661,4749.78320312594,5752.909693667096,"1,1,60",1
1754,105548000,110.15800000000124,-0.027153249377358493,-0.04902493960377358,0.014446823339622642,0.36294333396226414,1352.0,1398.54,1304.23,1395.23,123450.0,2.0,0.9003786106796116,0.9335857533980583,0.9335857533980583,0.9335857533980583,0.0,0.0,0.027297574249999998,0.013249387,0.15546201,-2.3747490250000003,0.0676363675,-9.52413525,16.030010188679245,24.895851867924527,101132.62679245282,-0.22046445795918368,-0.12453716836734693,0.006404468959183673,-0.9673889040816326,47.52010404040404,29.97859707070707,-15.000079404040404,-2.4567982747474746,1.206847994949495,0.003779867095959596,-0.1373237925,-0.06467945,0.52588665,4756.072428385421,5765.6737351192605,4759.843889508597,5750.550153460284,"1,1,60",1
1755,105598000,110.20800000000125,-0.02794621304255319,-0.04887016512765958,0.013960449425531915,0.36308288936170213,1352.0,1397.54,1304.73,1395.73,123450.0,2.0,0.9002249213592233,0.9334833067961166,0.9334833067961166,0.9334833067961166,0.0,0.0,0.0496015575,0.00213041185,0.15965648,-2.3942018000000003,-0.008978090725,-9.55526025,16.026744705882354,24.895853784313726,101132.6537254902,-0.21650305411764706,-0.1244981,0.005863083235294117,-0.9682912294117647,47.39613939393939,30.038983939393937,-14.99988293939394,-2.4671986787878786,1.1860460757575757,0.00300933856060606,-0.14039533695652173,-0.062334183913043476,0.5250857260869566,4765.236610814266,5749.696803042505,4748.813527961049,5764.678402548676,"1,1,60",1
1756,105648000,110.25800000000125,-0.02723185512244898,-0.04840995142857143,0.01348954757142857,0.3631273648979592,1351.77,1397.0,1304.77,1396.0,123450.0,2.0,0.9000970685185185,0.9333980607407407,0.9333980607407407,0.9333980607407407,0.0,0.0,0.03195797285714286,0.0002280318571428572,0.15499597,-2.372654,-0.03197952797142857,-9.460345857142856,16.041345892857144,24.895855,101132.48267857144,-0.2124748620408163,-0.12462465967346939,0.0052700596,-0.9691705928571429,47.27116475,30.0978729,-14.999917975,-2.477365175,1.1662621450000001,0.001430438395,-0.1395053695,-0.062110930499999994,0.525187544,4757.04592285138,5750.148242187529,4766.378344726766,5743.682153320085,"1,1,60",1
1757,105698000,110.30800000000124,-0.02733495276470588,-0.04887848964705882,0.013519056764705882,0.3630054329411765,1351.27,1397.0,1304.27,1396.0,123450.0,2.0,0.8999708648148148,0.9333139125925926,0.9333139125925926,0.9333139125925926,0.0,0.0,0.0449076075,0.01304947625,0.15529558124999998,-2.3943516875,0.011971177312499998,-9.57456325,16.02877,24.895855,101132.6325,-0.20850669333333333,-0.12462212305882353,0.004784443541176471,-0.97003475,47.145757249999996,30.1561199,-15.000052225,-2.487431425,1.1469144949999999,-0.0004949067550000003,-0.139992793,-0.05903858595,0.5266605735000001,4759.713916015704,5752.165087890274,4744.853271483992,5756.231054687638,"1,1,60",1
1758,105748000,110.35800000000125,-0.027336349,-0.04901806930769231,0.013458784365384615,0.3629775084615384,1351.4554455445545,1397.0,1303.5445544554455,1396.4554455445545,123450.0,2.0,0.89980764,0.9332051057142857,0.9332051057142857,0.9332051057142857,0.0,0.0,0.035686245500000005,0.015113406625,0.156394185,-2.4337065,0.067037824,-9.51515775,15.982361730769231,24.895855423076924,101133.18153846155,-0.20455191596153846,-0.1245193031923077,0.004201023923076923,-0.9708922273076923,47.0193123853211,30.21292789908257,-15.000140825688073,-2.4970912495412847,1.125924085321101,-0.002029779694495413,-0.14317597299999998,-0.0572883145,0.5250500795,4751.638452148297,5749.546533203115,4750.026318359458,5742.736816406126,"1,1,60",1
1759,105798000,110.40800000000125,-0.028881434714285715,-0.049511248,0.013652544285714286,0.36298477714285715,1352.4455445544554,1397.0,1302.5544554455446,1397.4455445544554,123450.0,2.0,0.8996339733333333,0.9330893438095238,0.9330893438095238,0.9330893438095238,0.0,0.0,0.04440808325,0.01844254175,0.1578589125,-2.4471735,-0.038007792,-9.63367025,16.01485267857143,24.895857,101132.79142857144,-0.20057874471698114,-0.12443579290566038,0.0037370596981132075,-0.9717334286792453,46.89242293577982,30.26911918348624,-15.00020986238532,-2.5065768917431193,1.1042296357798165,-0.0033973074009174308,-0.1424364475,-0.05242054025,0.526806,4755.199707031399,5744.694684709624,4736.28027343725,5757.979213169566,"1,1,60",1
1760,105848000,110.45800000000125,-0.028262326137254903,-0.049262165882352944,0.013787965098039215,0.36296013098039215,1353.0,1397.0,1302.2222222222222,1398.4444444444443,123450.0,2.0,0.8994788785046729,0.9329859523364485,0.9329859523364485,0.9329859523364485,0.0,0.0,0.0247673745,0.0035287357500000003,0.158657825,-2.4477723,-0.02064982405,-9.4556015,15.991480865384617,24.895857115384615,101133.05942307692,-0.19660597325581397,-0.12437280325581394,0.0034234471162790697,-0.9725549404651163,46.76545504854369,30.324466844660193,-15.000276320388348,-2.5151581067961164,1.0832289737864078,-0.0031439670436893205,-0.14235637913043478,-0.052423159739130434,0.5255509434782609,4742.754101562179,5748.762841797058,4754.3488037115085,5738.559497069795,"1,1,60",1
1761,105898000,110.50800000000125,-0.027631802125,-0.0491844081875,0.013399091125,0.363412156875,1353.0,1397.0,1302.7272727272727,1399.4545454545455,123450.0,2.0,0.899332523364486,0.9328883822429906,0.9328883822429906,0.9328883822429906,0.0,0.0,0.036884691250000004,0.01331583525,0.153864155,-2.44268425,0.02723421275,-9.453206125000001,15.996347924528303,24.895859018867927,101133.0441509434,-0.19261761192307691,-0.12437013530769231,0.0032591118653846154,-0.9733527390384615,46.63841475728156,30.37903577669903,-15.000340398058253,-2.5229044660194173,1.0628687310679612,-0.0013944407815533982,-0.1440064085,-0.051728795849999995,0.5261729150000001,4747.301293945465,5750.749194335945,4743.840795898151,5750.786791992693,"1,1,60",1
1762,105948000,110.55800000000124,-0.028310625826923074,-0.049369662096153843,0.01345321389423077,0.36403443307692307,1353.4554455445545,1397.2277227722773,1303.0,1400.0,123450.0,2.0,0.899184638440367,0.9327897724770643,0.9327897724770643,0.9327897724770643,0.0,0.0,0.030892586,0.0017310269650000001,0.159123915,-2.4540572,0.036511746,-9.3864695,16.018494150943397,24.89585996226415,101132.7516981132,-0.18860119375,-0.124388762375,0.0028915555270833332,-0.9741380639583334,46.51116584536083,30.432681453608247,-15.000135041237113,-2.53060073814433,1.0425021979381444,0.00039366087938144336,-0.14379082714285715,-0.04885430933333334,0.527159361904762,4748.556769120199,5755.343313116904,4761.888877467897,5744.2164113894105,"1,1,60",1
1763,105998000,110.60800000000125,-0.028525979285714285,-0.049055600857142855,0.013863764285714286,0.36441690285714284,1354.4455445544554,1397.7227722772277,1303.0,1400.0,123450.0,2.0,0.8990354503669725,0.9326902770642201,0.9326902770642201,0.9326902770642201,0.0,0.0,0.0519316585,-0.0015978462,0.15699335,-2.3959974500000003,-0.0023940359999999987,-9.54807675,16.062718461538463,24.89586,101132.22307692307,-0.1845746558490566,-0.12458115283018868,0.002380713732075472,-0.9748853528301887,46.38367203092783,30.485243309278353,-14.999613391752577,-2.538238212371134,1.0221282804123712,0.0022270467041237115,-0.14351525347826086,-0.04703609643478261,0.5246850652173913,4762.802873884275,5750.290039062284,4754.552455356653,5756.510532924566,"1,1,60",1
1764,106048000,110.65800000000125,-0.029060082764705883,-0.048808023098039215,0.013914599607843138,0.3646682725490196,1355.0,1398.2222222222222,1303.0,1400.0,123450.0,2.0,0.8988847624271845,0.9325897961165048,0.9325897961165048,0.9325897961165048,0.0,0.0,0.04452315754545454,-0.0003875475781818182,0.1613391590909091,-2.404322681818182,0.034716095818181816,-9.533928045454545,16.06633,24.89586270588235,101132.16196078432,-0.18054927021276596,-0.12480786808510638,0.0016859549914893617,-0.9756119310638298,46.25597928571428,30.536742142857143,-14.998955857142857,-2.5466835714285714,1.0018585142857144,0.0031941207857142857,-0.14401247130434783,-0.044362680782608695,0.5262455695652174,4764.060546874547,5753.716668380132,4763.7949218761805,5751.547954358008,"1,1,60",1
1765,106098000,110.70800000000125,-0.0286782570625,-0.048780264125,0.013907339,0.364901463125,1355.0,1398.7272727272727,1303.0,1400.0,123450.0,2.0,0.8987314080582524,0.9324875631067961,0.9324875631067961,0.9324875631067961,0.0,0.0,0.037187542727272725,0.006706235490909091,0.16005596454545457,-2.3997519272727272,0.03961332836363636,-9.575719272727271,15.985070384615383,24.895863,101133.1725,-0.17649450096153846,-0.12490177423076923,0.0011052018973076922,-0.9763419321153846,46.12810291208791,30.587259725274727,-14.99817289010989,-2.55587467032967,0.9816848879120879,0.0033615224890109893,-0.14484981,-0.042213771217391304,0.5264172347826087,4759.246435547034,5754.685961913808,4763.978613280866,5757.384423828571,"1,1,60",1
1766,106148000,110.75800000000126,-0.028695122591836736,-0.04933214895918367,0.014121018040816325,0.3652266057142857,1355.23,1399.0,1303.69,1399.77,123450.0,2.0,0.8985793849999999,0.9323862166666667,0.9323862166666667,0.9323862166666667,0.0,0.0,0.043476082750000006,0.010918641625,0.1564274775,-2.402282125,-0.010773744,-9.446622000000001,16.00348923076923,24.895863826923076,101132.9215,-0.1724429187755102,-0.1248089218367347,0.0004960077599999999,-0.9770783951020409,45.99995975,30.6363797,-14.9972478,-2.5637262499999998,0.9616617239999999,0.00293992648,-0.14532718549999998,-0.0406845483,0.5268438435,4763.20327148424,5759.9824707035195,4756.1060302739415,5764.450146484188,"1,1,60",1
1767,106198000,110.80800000000126,-0.02796418911764706,-0.04860077417647059,0.014008288470588236,0.3654684588235294,1355.73,1399.0,1305.19,1399.27,123450.0,2.0,0.8984304683333333,0.9322869388888889,0.9322869388888889,0.9322869388888889,0.0,0.0,0.034621093,0.0063914997,0.1536644,-2.385822,0.039504495,-9.543288,15.969269903846152,24.895864,101133.33588461539,-0.16847323454545454,-0.12477739181818182,-5.122765090909091e-05,-0.97777448,45.87170225,30.6849007,-14.9962618,-2.57100375,0.9417030439999999,0.00226590288,-0.14623041826086955,-0.03640810191304348,0.5263689043478261,4763.287548828478,5764.127661132745,4759.732861327718,5753.739941405945,"1,1,60",1
1768,106248000,110.85800000000125,-0.028309017040816325,-0.0481906186122449,0.013976167163265305,0.3657093920408163,1356.0,1399.0,1305.7722772277227,1399.2277227722773,123450.0,2.0,0.898281119326923,0.9321873782692307,0.9321873782692307,0.9321873782692307,0.0,0.0,0.04930171875,0.0041278753,0.15978970874999998,-2.3665190125,0.04608855,-9.410559874999999,16.0006,24.895863249999998,101132.97125,-0.16451403666666667,-0.12486897666666667,-0.00058178218,-0.9784372666666666,45.74276830275229,30.732306587155964,-14.995015220183486,-2.5792055229357795,0.9217993757798164,0.0010684559009174314,-0.145827877,-0.03352961875,0.5246026715,4770.2980375742745,5753.599981398768,4759.268647693873,5755.55959356413,"1,1,60",1
1769,106298000,110.90800000000125,-0.02840273623076923,-0.04849922507692308,0.014049090769230768,0.36581078076923074,1356.0,1399.0,1305.2772277227723,1399.7227722772277,123450.0,2.0,0.8981291145192307,0.9320860801923077,0.9320860801923077,0.9320860801923077,0.0,0.0,0.04034687,0.018642144,0.15592810499999998,-2.39480055,-0.010773739800000001,-9.6360635,16.02124028301887,24.895863,101132.71075471697,-0.16048203076923076,-0.12484315692307692,-0.001214292876923077,-0.9791087269230769,45.61354444954128,30.77923456880734,-14.993656963302753,-2.5878034128440364,0.9019192840366972,-0.0003533153834862383,-0.146924084,-0.0318418748,0.52716508,4761.975976562549,5758.941308593508,4761.44062499977,5756.690820312609,"1,1,60",1
1770,106348000,110.95800000000125,-0.02851215925,-0.04887394016666667,0.014327553125,0.365890105,1356.2222222222222,1399.2222222222222,1305.2222222222222,1400.2222222222222,123450.0,2.0,0.8979784435576923,0.9319856676923076,0.9319856676923076,0.9319856676923076,0.0,0.0,0.03621920075,0.01311602375,0.1541304225,-2.3933040749999996,-0.028430984,-9.39245325,16.014685,24.895861,101132.79666666666,-0.1564665675,-0.12462472125,-0.0017790118500000001,-0.9797857812499999,45.48393310869565,30.825138239130435,-14.992585608695652,-2.5953728,0.8813585373913043,-0.001240037002173913,-0.14955896086956522,-0.02966176860869565,0.5257473717391304,4761.822338867232,5755.154150390767,4750.021850585781,5764.349560546858,"1,1,60",1
1771,106398000,111.00800000000126,-0.028245511882352938,-0.04870303447058824,0.014347612647058824,0.36637760529411767,1356.7272727272727,1399.7272727272727,1305.7272727272727,1400.7272727272727,123450.0,2.0,0.8978486695192308,0.9318991292307692,0.9318991292307692,0.9318991292307692,0.0,0.0,0.03808319,0.00679106325,0.151267545,-2.47081615,0.025139282,-9.43914,16.030452490566034,24.89585937735849,101132.61716981132,-0.15248374862745098,-0.12449748803921569,-0.0023059802470588235,-0.980428368627451,45.35396408695652,30.870096391304347,-14.991779086956523,-2.6019928,0.8601694939130434,-0.0016328666217391304,-0.1498872,-0.0287512092,0.52684122,4765.6630859375,5767.70849609375,4761.43505859375,5749.88037109375,"1,1,60",1
1772,106448000,111.05800000000126,-0.02842640742307692,-0.04835889509615385,0.014463536153846154,0.3665770669230769,1357.23,1400.23,1306.0,1400.77,123450.0,2.0,0.8977188954807692,0.9318125907692308,0.9318125907692308,0.9318125907692308,0.0,0.0,0.04727117475,0.01378175675,0.1533314975,-2.4280199000000002,0.02633638975,-9.654919,16.031807529411765,24.895856647058825,101132.58176470589,-0.14851278333333334,-0.12449781052083334,-0.0028967555375,-0.9810362552083334,45.22324797979798,30.9136027979798,-14.991357868686869,-2.6086118040404043,0.8389167111111111,-0.002677091922222222,-0.1491269705,-0.02587216435,0.526583447,4768.1354248046555,5762.6537109376395,4750.853393554377,5770.269799805151,"1,1,60",1
1773,106498000,111.10800000000125,-0.0285416421875,-0.0481591215625,0.0148285926875,0.36671086249999996,1357.73,1400.73,1306.0,1400.27,123450.0,2.0,0.8975529212962964,0.9317019302777778,0.9317019302777778,0.9317019302777778,0.0,0.0,0.037916882,-0.0008654747625,0.15316503875,-2.440140875,0.020350879999999995,-9.526829,16.003128076923076,24.895853884615384,101132.9276923077,-0.14453532461538462,-0.12457530875,-0.0035669035019230766,-0.981617860576923,45.092180303030304,30.95642603030303,-14.99111796969697,-2.6152303393939396,0.8176339333333332,-0.0040278563666666664,-0.15067262350000002,-0.0225702475,0.526746065,4770.0570312503405,5766.667700195287,4764.8306884764315,5750.25058593741,"1,1,60",1
1774,106548000,111.15800000000127,-0.028779336557692308,-0.04831334326923077,0.014485405134615385,0.36678985961538463,1357.77,1401.0,1306.23,1400.0,123450.0,2.0,0.8973862083333334,0.9315907775,0.9315907775,0.9315907775,0.0,0.0,0.0573911475,-0.0001331607049999999,0.158058615,-2.45824645,0.0377088375,-9.5103675,16.013330673076926,24.89585144230769,101132.80769230769,-0.14055500692307693,-0.12476746730769231,-0.0041931555653846155,-0.9821687530769231,44.96068855,30.99742315,-14.991316900000001,-2.6216928900000003,0.7958131549999999,-0.005149979955,-0.15123327450000001,-0.019493845250000003,0.5263562525000001,4778.384405838963,5752.037623354721,4752.346988075362,5769.176192434762,"1,1,60",1
1775,106598000,111.20800000000126,-0.02787945675,-0.0480441993125,0.0140184394375,0.366853794375,1357.27,1401.0,1306.73,1400.0,123450.0,2.0,0.8972499153846154,0.9314999385576923,0.9314999385576923,0.9314999385576923,0.0,0.0,0.03302309625,0.0017308998750000001,0.1620534075,-2.38522355,0.005985669250000001,-9.4517115,16.03816,24.895847596153846,101132.52403846155,-0.13649814886792452,-0.12489089679245283,-0.004769153937735849,-0.9827226860377358,44.82901505,31.03763765,-14.991703900000001,-2.62808859,0.773761805,-0.006174114605,-0.1514137905,-0.0183102858,0.52603916,4763.500781249909,5757.050000000258,4768.366821289248,5754.30222167954,"1,1,60",1
1776,106648000,111.25800000000126,-0.027499536408163265,-0.0478741012244898,0.01454744781632653,0.36680032448979594,1357.0,1401.0,1307.0,1400.0,123450.0,2.0,0.8971203,0.93141355875,0.93141355875,0.93141355875,0.0,0.0,0.031358671,0.012050564,0.1639176225,-2.43580125,-0.0023940372500000015,-9.5313185,16.04427279245283,24.89584283018868,101132.46320754717,-0.13247097333333333,-0.12490310187499999,-0.005047165879166667,-0.9832711758333333,44.69671708256881,31.076112550458713,-14.992646513761468,-2.6343657311926605,0.7521791059633027,-0.007525506788990826,-0.1513293604347826,-0.01643438539130435,0.5264857347826086,4763.474560546751,5753.388671874863,4757.692578124556,5761.96582031282,"1,1,60",1
1777,106698000,111.30800000000126,-0.02756338,-0.047974013999999995,0.014681829307692308,0.3666981169230769,1357.0,1401.0,1307.0,1400.0,123450.0,2.0,0.8969587721153846,0.9313058825961539,0.9313058825961539,0.9313058825961539,0.0,0.0,0.033555783,0.014647141,0.16058868,-2.445677,0.03112479,-9.4559,16.037799461538462,24.895837692307694,101132.53461538462,-0.12846546333333334,-0.12480373,-0.005470609666666667,-0.9838127,44.564151486238536,31.11384190825688,-14.993827247706422,-2.6405920614678897,0.7307972573394496,-0.009017152201834862,-0.150552586,-0.0155562732,0.527640412,4757.184863281221,5761.482421875173,4760.049511718336,5745.42656250016,"1,1,60",1
1778,106748000,111.35800000000125,-0.029473656352941177,-0.048373031490196075,0.01433538819607843,0.3667497219607843,1357.0,1400.5555555555557,1306.7777777777778,1400.2222222222222,123450.0,2.0,0.8967860317307692,0.9311907239423077,0.9311907239423077,0.9311907239423077,0.0,0.0,0.0543284805,0.01391507875,0.1577257225,-2.3968953749999997,-0.04100054575,-9.56723225,16.01634205882353,24.895832588235294,101132.7911764706,-0.12443597723404255,-0.12467577148936171,-0.006073508042553191,-0.9843429480851064,44.43109124210526,31.15016924210526,-14.995250357894736,-2.6469824578947367,0.7093918013684211,-0.010226102821052631,-0.15062386391304347,-0.011378788173913044,0.5257055956521739,4761.474975586205,5753.432202148288,4743.980883788488,5763.570263672529,"1,1,60",1
1779,106798000,111.40800000000127,-0.0300100770625,-0.048454548624999996,0.014089683125,0.366606548125,1357.0,1399.5454545454545,1306.2727272727273,1400.7272727272727,123450.0,2.0,0.8966277971428571,0.931085218,0.931085218,0.931085218,0.0,0.0,0.0359528444,0.00782949176,0.158990678,-2.4329876,0.014604797059999997,-9.6041002,16.01477528846154,24.895828038461538,101132.78342307692,-0.12036482625,-0.12460887250000001,-0.0067126095375,-0.9848527812500001,44.297574399999995,31.1852024,-14.9968972,-2.6535243,0.687964554,-0.011174104399999999,-0.152565632,-0.009787453599999999,0.5268851760000001,4755.099223889578,5745.402909128192,4753.451917146472,5747.634662828908,"1,1,60",1
1780,106848000,111.45800000000126,-0.029924741102040815,-0.04881919014285714,0.01397973793877551,0.36651314999999995,1356.7722772277227,1399.2277227722773,1306.4554455445545,1400.7722772277227,123450.0,2.0,0.8964770352380952,0.9309846846666667,0.9309846846666667,0.9309846846666667,0.0,0.0,0.02964964033333333,0.010386058666666666,0.1597009533333333,-2.4261243666666665,0.021547980666666664,-9.508971333333333,16.021643660714286,24.89582292857143,101132.71310714286,-0.11631905333333334,-0.12457244333333334,-0.007076382733333333,-0.9853418333333334,44.164008361904756,31.219110514285717,-14.998269509523809,-2.658700498095238,0.6657469511428572,-0.010139893404761905,-0.150872395,-0.0073750858,0.5270281655,4748.742350260211,5740.0538504464,4745.2086356024865,5756.17254929341,"1,1,60",1
1781,106898000,111.50800000000126,-0.029205583692307694,-0.04881470238461538,0.013835188076923077,0.3666660869230769,1356.2772277227723,1399.7227722772277,1307.4455445544554,1400.2772277227723,123450.0,2.0,0.8963369953846154,0.9308913288461539,0.9308913288461539,0.9308913288461539,0.0,0.0,0.0216249934,0.00399467396,0.15739281400000002,-2.39204732,0.041898697400000004,-9.532515799999999,16.059016634615386,24.895819134615383,101132.25157692308,-0.11227805054545455,-0.12447319181818182,-0.007269399981818182,-0.9858208345454545,44.030412171428566,31.252329085714287,-14.999473557142856,-2.6630396885714283,0.6430449368571429,-0.00789077792857143,-0.15229028333333333,-0.004686187952380952,0.5254359095238095,4739.22216796876,5750.435058593942,4752.948144531435,5736.127050780747,"1,1,60",1
1782,106948000,111.55800000000127,-0.029111767458333333,-0.04869538958333334,0.0142847455,0.36689741291666667,1356.44,1400.44,1307.78,1399.78,123450.0,2.0,0.89620538,0.9308036125,0.9308036125,0.9308036125,0.0,0.0,0.03741739075,0.00352882575,0.15283216125000001,-2.427571175,0.028580951125,-9.528475125,16.027795698113206,24.895814471698113,101132.62773584906,-0.10828684156097561,-0.12446013804878049,-0.0075052680292682925,-0.9862681517073171,43.89678306,31.284271540000002,-14.99994711,-2.666818506,0.6208697368,-0.005988855598,-0.150573067,-0.00461052367,0.5264562065,4752.191625977261,5751.638208008023,4747.489916991679,5741.168481445439,"1,1,60",1
1783,106998000,111.60800000000127,-0.02951085269230769,-0.04868359846153846,0.015134424307692308,0.36724626461538457,1357.44,1401.44,1307.28,1399.28,123450.0,2.0,0.8960584448648649,0.9307056627027027,0.9307056627027027,0.9307056627027027,0.0,0.0,0.044741113,0.009054268,0.15712656,-2.4971523,0.025139285,-9.409212,16.04575829090909,24.895810709090906,101132.42854545455,-0.10428442,-0.12451461142857143,-0.00809125057142857,-0.9866866000000001,43.763123560000004,31.31503604,-14.999746360000001,-2.670080056,0.5991808268,-0.004407419248,-0.15347438047619047,-0.0005351784147619048,0.5255576880952381,4750.23710937471,5751.781835937681,4743.805761719304,5747.767382811936,"1,1,60",1
1784,107048000,111.65800000000127,-0.029436868823529413,-0.048385445921568626,0.01495859594117647,0.36760592686274507,1358.44,1402.0,1307.44,1399.44,123450.0,2.0,0.8958949133333334,0.9305966266666666,0.9305966266666666,0.9305966266666666,0.0,0.0,0.05208366942857143,-0.0012935372514285715,0.1587625157142857,-2.462607457142857,0.07558853428571428,-9.372957571428572,15.964661927272727,24.895807072727273,101133.41036363636,-0.10025277812765958,-0.12462301234042554,-0.00875967914893617,-0.9870857761702128,43.629268663157895,31.344455231578948,-14.999279978947369,-2.673931574736842,0.5766882838947368,-0.0021703304336842103,-0.15196446347826087,0.0011012178782608697,0.5261711147826087,4758.98930664107,5746.907446288794,4748.952709960833,5751.352197266375,"1,1,60",1
1785,107098000,111.70800000000126,-0.029890444285714284,-0.04814006228571428,0.014639117,0.36823504714285715,1359.44,1402.0,1308.44,1400.44,123450.0,2.0,0.8957342561904762,0.9304895066666667,0.9304895066666667,0.9304895066666667,0.0,0.0,0.037650435625,0.0005324858874999998,0.15466311,-2.3719060625,0.030077325125,-9.495554375000001,16.0470995,24.895805115384615,101132.39911538461,-0.09622491799999999,-0.12482045857142858,-0.009361687642857143,-0.9874559771428572,43.4952334,31.3726326,-14.9985684,-2.67832768,0.553453926,0.0006719760400000002,-0.1528567638095238,0.004096561076190476,0.5256256771428571,4765.467871093408,5753.543066406545,4752.4032226571735,5757.05761718689,"1,1,60",1
1786,107148000,111.75800000000126,-0.029195683450980392,-0.047508526588235296,0.014769100450980392,0.36854511901960785,1359.7777777777778,1402.0,1309.0,1401.0,123450.0,2.0,0.89558178,0.93038784,0.93038784,0.93038784,0.0,0.0,0.033289507999999995,0.003528859975,0.15905731,-2.459144375,0.04878202475,-9.429266625,16.043757076923075,24.89580228846154,101132.42096153846,-0.0922285194117647,-0.12495586843137255,-0.009699471323529411,-0.987816694117647,43.36030097916667,31.3993766875,-14.997691239583332,-2.6833921833333334,0.5309348598958333,0.0004729282395833335,-0.1515124895652174,0.006250508739130435,0.5270707969565217,4762.768359375078,5755.906176757784,4765.715966796918,5760.406811524021,"1,1,60",1
1787,107198000,111.80800000000127,-0.0294605999375,-0.047513526125000004,0.0146656173125,0.3686032375,1359.2727272727273,1402.0,1309.0,1401.0,123450.0,2.0,0.8954300588785047,0.9302866837383177,0.9302866837383177,0.9302866837383177,0.0,0.0,0.033555754,0.006657871,0.16431709,-2.433706,-0.01915345,-9.641453,16.046627571428573,24.895798785714284,101132.38178571429,-0.08821049992307692,-0.12501140403846153,-0.009969786317307692,-0.9881738280769231,43.2248186875,31.4252423125,-14.996712593749999,-2.6888663499999996,0.5088541984375,-0.0015901754062499997,-0.15310927086956522,0.007724615252173913,0.5249973565217391,4761.936547851231,5749.309082031498,4762.109008789696,5759.102172850803,"1,1,60",1
1788,107248000,111.85800000000127,-0.028848154326530612,-0.047875601918367344,0.014763999979591836,0.3684951987755102,1359.23,1402.46,1309.23,1401.0,123450.0,2.0,0.8952823018691589,0.9301882071028037,0.9301882071028037,0.9301882071028037,0.0,0.0,0.028628993749999998,0.00719062,0.15526231,-2.380135975,-0.00987591775,-9.518151,16.01991150943396,24.895795056603774,101132.71290566037,-0.08419910489795919,-0.12495036991836735,-0.010251640602040816,-0.9885288395918368,43.0885631,31.4500708,-14.99560665,-2.69432318,0.48733106,-0.0014676659119999998,-0.15202524285714286,0.012120764000000001,0.5263289571428572,4755.768554687398,5752.197405133698,4763.100237165039,5745.33751860126,"1,1,60",1
1789,107298000,111.90800000000127,-0.028549059411764704,-0.048079728588235296,0.014962980764705883,0.3689520552941176,1359.73,1403.46,1309.73,1401.0,123450.0,2.0,0.8951344176923077,0.9300896451923076,0.9300896451923076,0.9300896451923076,0.0,0.0,0.04091272,0.019507712125,0.1552290275,-2.4039282,-0.0085291793125,-9.485228750000001,16.046446,24.89579117647059,101132.39411764707,-0.08020302181818181,-0.12473888345454547,-0.010639288136363636,-0.9888832018181818,42.9519761,31.4744548,-14.99444615,-2.69977258,0.46604686,-0.0004084650719999997,-0.1513756415,0.010720551825,0.5273666929999999,4760.801562499993,5756.161621094214,4753.770825195662,5762.45974121058,"1,1,60",1
1790,107348000,111.95800000000128,-0.028539674634615386,-0.04809488015384616,0.014745208115384616,0.36948620615384614,1360.2395833333333,1404.0,1310.0,1401.2395833333333,123450.0,2.0,0.8949803023076923,0.9299869048076923,0.9299869048076923,0.9299869048076923,0.0,0.0,0.0359528175,0.0127832595,0.155528575,-2.45764825,0.0389059435,-9.465477,16.061636,24.89578730769231,101132.21,-0.07619910477272727,-0.12446253613636364,-0.011175448772727272,-0.9892295613636364,42.815254,31.4974871,-14.9938922,-2.70431709,0.4445153395,-0.001131951383,-0.1539708419047619,0.013687794095238095,0.5246657076190476,4762.272563733736,5771.987433182728,4763.27533922683,5747.582236842196,"1,1,60",1
1791,107398000,112.00800000000127,-0.02975621040909091,-0.04809849047727273,0.014781369818181818,0.36960920181818185,1360.7604166666667,1404.0,1310.0,1401.7604166666667,123450.0,2.0,0.8948261869230769,0.9298841644230769,0.9298841644230769,0.9298841644230769,0.0,0.0,0.066279468125,0.0096206525625,0.155029275,-2.4066220625000003,0.016609941,-9.55391375,16.037799211538463,24.895782192307692,101132.49557692309,-0.0721739762264151,-0.12427864113207547,-0.011936746188679246,-0.9895446183018868,42.678474,31.5199401,-14.993598200000001,-2.7084737899999998,0.4228778245,-0.002619446473,-0.1543441885,0.019173029299999998,0.5236506400000001,4770.297998046825,5759.81982421863,4749.293847656555,5763.764453124652,"1,1,60",1
1792,107448000,112.05800000000127,-0.02987321767857143,-0.04783754380357143,0.015036587107142858,0.3695682260714286,1360.4857142857143,1404.0,1310.5142857142857,1401.4857142857143,123450.0,2.0,0.894676307047619,0.9297842461904762,0.9297842461904762,0.9297842461904762,0.0,0.0,0.0466052925,0.00159791725,0.162053375,-2.4241292000000003,0.046088546999999994,-9.5193475,16.032313396226417,24.8957770754717,101132.58396226415,-0.06809405574468085,-0.12420498553191489,-0.01278141944680851,-0.989833045319149,42.54194522935779,31.540560403669723,-14.993898211009174,-2.7123954743119265,0.40117215027522934,-0.0038798089036697248,-0.153116255,0.0208758313,0.524613558,4765.307275390622,5749.890332030954,4764.0877441408265,5758.339892577971,"1,1,60",1
1793,107498000,112.10800000000127,-0.028630616571428572,-0.04780195842857143,0.014776385857142858,0.3695126514285714,1359.5333333333333,1404.0,1311.4666666666667,1400.5333333333333,123450.0,2.0,0.8945266975238095,0.9296845080952382,0.9296845080952382,0.9296845080952382,0.0,0.0,0.033289544,0.011451351,0.15579492,-2.4277205,-0.062249076,-9.47625,16.025519615384617,24.895772307692308,101132.68615384615,-0.0640303696,-0.1241827286,-0.013278978,-0.9900995275,42.40552412844036,31.560395266055046,-14.994452798165138,-2.716216437614679,0.37943726495412844,-0.005042828766055046,-0.1539455,0.02215788161904762,0.5259123476190476,4764.35546875,5748.865234375,4750.43212890625,5764.87353515625,"1,1,60",1
1794,107548000,112.15800000000127,-0.027250657764705883,-0.04776162319607843,0.015053193784313726,0.36945638039215684,1359.6666666666667,1403.5555555555557,1310.6666666666667,1401.111111111111,123450.0,2.0,0.8943783065420561,0.9295855509345795,0.9295855509345795,0.9295855509345795,0.0,0.0,0.023968385375,0.011151949625000001,0.1583582775,-2.433406725,0.020201245500000003,-9.56154475,16.045800882352943,24.895766431372547,101132.4325490196,-0.05997256395,-0.1240419436,-0.0136043559,-0.9903684595,42.268946,31.579235714285712,-14.995111285714286,-2.720014585714286,0.35719871428571426,-0.006529081642857143,-0.15467611652173913,0.02352394452173913,0.5241548134782609,4751.240649413823,5767.936230468994,4771.159106445593,5732.901342773153,"1,1,60",1
1795,107598000,112.20800000000128,-0.0309764054375,-0.0485779556875,0.015413012625,0.369426925,1361.1818181818182,1402.5454545454545,1307.6363636363637,1403.6363636363637,123450.0,2.0,0.8942301476635514,0.9294867425233645,0.9294867425233645,0.9294867425233645,0.0,0.0,0.06631273500000001,0.018642243500000003,0.15759254250000002,-2.35290225,0.046986381,-9.5316175,16.021546923076922,24.895760596153846,101132.69461538462,-0.055902380076923074,-0.12382183903846154,-0.01426383926923077,-0.990623505,42.132222923076924,31.59715824175824,-14.995865681318682,-2.7237916736263736,0.33449524175824175,-0.008313703456043956,-0.153650396,0.026260967,0.5244067299999999,4765.413500976982,5757.458984374508,4740.458593749382,5751.912963867681,"1,1,60",1
1796,107648000,112.25800000000127,-0.031563774102040816,-0.04859355746938775,0.015449343163265307,0.3695271693877551,1362.23,1402.46,1306.46,1404.77,123450.0,2.0,0.8940779740384616,0.9293852826923077,0.9293852826923077,0.9293852826923077,0.0,0.0,0.05732443,0.010652515000000001,0.1598563175,-2.4552538,-0.02214620475,-9.39634425,16.016013773584906,24.895755396226416,101132.76811320755,-0.051804915,-0.12361379653061225,-0.015318448020408163,-0.9908568224489797,41.99529475,31.613715,-14.9965473125,-2.72563095625,0.31228776874999997,-0.0079113290625,-0.15510502850000002,0.02919810615,0.5254604515,4757.995581054314,5747.308740234424,4744.421997070992,5753.39426269499,"1,1,60",1
1797,107698000,112.30800000000127,-0.030593448764705884,-0.04839943941176471,0.015509829470588236,0.36993416117647054,1362.73,1403.46,1307.46,1404.27,123450.0,2.0,0.8939240798076923,0.9292826865384616,0.9292826865384616,0.9292826865384616,0.0,0.0,0.045939536,0.003928401325,0.1585912325,-2.453757275,0.02603710725,-9.39155575,16.07247,24.895749692307692,101132.11615384616,-0.04771249923076923,-0.12355198346153846,-0.01605545469230769,-0.9910582153846154,41.85827867857143,31.62968642857143,-14.997197758928571,-2.7266397508928573,0.2902928669642857,-0.0065716705803571425,-0.15193657130434782,0.029699643695652173,0.52511044,4760.153930664239,5752.912695312296,4746.438232421763,5753.842797852078,"1,1,60",1
1798,107748000,112.35800000000128,-0.030578404423076924,-0.048137561384615384,0.014978507528846155,0.37015192903846156,1363.0,1403.77,1308.0,1404.0,123450.0,2.0,0.8937756425925927,0.9291837379629629,0.9291837379629629,0.9291837379629629,0.0,0.0,0.0346209335,-0.00352886745,0.1545965375,-2.362777925,0.005985670000000005,-9.52473325,16.058874235294116,24.895744588235292,101132.27235294119,-0.04365847655319149,-0.12364722265957447,-0.016492644744680852,-0.9912264936170213,41.7212855,31.644466,-14.99759125,-2.728253875,0.2678626225,-0.0058433735,-0.15405703173913043,0.03214660469565218,0.5253400356521739,4759.2380615234515,5752.829956054839,4757.19189453149,5742.611547850937,"1,1,60",1
1799,107798000,112.40800000000128,-0.030608931937500004,-0.047939340125,0.0150152455625,0.37006961375,1363.0,1403.27,1308.0,1404.0,123450.0,2.0,0.89363055,0.9290870250000001,0.9290870250000001,0.9290870250000001,0.0,0.0,0.047936734,-0.0007987231,0.1576592,-2.403779,-0.015562146,-9.537304,16.067956192307694,24.895740365384615,101132.17446153847,-0.039626365346153845,-0.12375455365384616,-0.01690232553846154,-0.9913750953846154,41.58431919565217,31.65784643478261,-14.997683097826087,-2.7305786032608697,0.2449213235869565,-0.005832761543478261,-0.15479805,0.03593056,0.5247826,4764.969443873403,5745.002210115169,4748.915218954996,5752.330720600613,"1,1,60",1
1800,107848000,112.45800000000128,-0.030847110173076925,-0.04811983538461538,0.015232808038461538,0.37013301307692303,1363.0,1403.0,1308.2277227722773,1404.0,123450.0,2.0,0.8934830466666667,0.9289887058095239,0.9289887058095239,0.9289887058095239,0.0,0.0,0.026165711625,0.004959998512500001,0.1555286,-2.4118590125,0.031573707125,-9.6124215,16.056218115384613,24.89573526923077,101132.31907692307,-0.03560594975,-0.12372489145833333,-0.017312838375,-0.99152468625,41.4470665625,31.669690291666665,-14.998161041666668,-2.7331410697916665,0.22196642791666665,-0.005905107348958333,-0.1531191905,0.0380118616,0.5253378184999999,4756.8324218746275,5753.041284179893,4753.773510743087,5746.246093749366,"1,1,60",1
1801,107898000,112.50800000000127,-0.030490224857142856,-0.047762821571428575,0.014932581857142857,0.37021422857142855,1363.0,1403.0,1308.7227722772277,1404.0,123450.0,2.0,0.8933327133333333,0.928888501047619,0.928888501047619,0.928888501047619,0.0,0.0,0.027830237,0.00532649855,0.1576591075,-2.3735521,0.061650858749999995,-9.55855325,16.0275955,24.8957295,101132.62849999999,-0.03160474775,-0.123640847,-0.0175209851,-0.991666209,41.309638437500006,31.680592375,-14.998875625,-2.735849246875,0.19900319875,-0.006028298234375,-0.153284317,0.0386640686,0.52453198,4755.723772321732,5748.9238978789845,4749.443638392697,5747.767368861898,"1,1,60",1
1802,107948000,112.55800000000127,-0.029792273416666668,-0.047521500041666664,0.014860752208333333,0.37018292166666666,1362.7684210526315,1403.0,1309.0,1404.0,123450.0,2.0,0.8931886096153846,0.9287924424999999,0.9287924424999999,0.9287924424999999,0.0,0.0,0.02496729625,0.00639151475,0.1587243875,-2.4124578750000003,-0.035912866424999995,-9.484631,15.99771076923077,24.895724153846153,101132.977,-0.027572657292682927,-0.12358228536585365,-0.017752669219512195,-0.9917912292682927,41.17175455445545,31.69017928712871,-14.99940396039604,-2.7380409425742576,0.17746181613861386,-0.006640718638613862,-0.153711444,0.041299213050000005,0.522463306,4751.96491350404,5751.436662947247,4756.069731213548,5739.354771204031,"1,1,60",1
1803,107998000,112.60800000000128,-0.029190607234042553,-0.04774090876595745,0.014796035531914895,0.3700550425531915,1362.2421052631578,1403.0,1309.0,1404.0,123450.0,2.0,0.8930555807692308,0.9287037549999999,0.9287037549999999,0.9287037549999999,0.0,0.0,0.036485553,0.009853814,0.15446328,-2.457648,-0.022744749,-9.579201,16.052064423076924,24.89572048076923,101132.34057692307,-0.02351825507142857,-0.12343083785714286,-0.018038613357142855,-0.9919079642857143,41.03367534653466,31.699202554455443,-14.999852475247524,-2.740011289108911,0.15652979633663366,-0.007462808836633663,-0.1542629019047619,0.044299319999999996,0.5239468,4745.244706003788,5753.394377055602,4748.180715459723,5735.830849095609,"1,1,60",1
1804,108048000,112.65800000000128,-0.030206903811320754,-0.04782412996226415,0.014993702066037737,0.3699388958490566,1362.2596153846155,1402.7403846153845,1309.0,1404.2596153846155,123450.0,2.0,0.8929136832432433,0.9286091504504504,0.9286091504504504,0.9286091504504504,0.0,0.0,0.059854540875,0.01451439175,0.15616111624999998,-2.43954205,0.015562478625,-9.558401125,16.022569056603775,24.895717207547168,101132.70528301888,-0.01942801122727273,-0.12321121863636364,-0.01869260390909091,-0.9920127090909091,40.89534262626263,31.707373393939392,-15.000249797979798,-2.7419177272727273,0.1358385203030303,-0.007604443196969696,-0.1545088308695652,0.04602989217391304,0.523684897826087,4749.187058221753,5744.3312872024235,4738.17689732154,5741.429803757059,"1,1,60",1
1805,108098000,112.70800000000128,-0.03054466117647059,-0.0477079274117647,0.014754929676470588,0.3700527964705882,1362.7403846153845,1402.2596153846155,1309.0,1404.7403846153845,123450.0,2.0,0.8927489805405405,0.9284993306306306,0.9284993306306306,0.9284993306306306,0.0,0.0,0.054328535,0.0038616008500000003,0.160588615,-2.4001877,-0.020949104999999996,-9.443332,15.987711764705884,24.895711843137256,101133.1294117647,-0.015284452960784314,-0.12306453019607844,-0.019569319274509802,-0.9920857549019608,40.75689060606061,31.71514309090909,-15.00062303030303,-2.7437940909090908,0.11526053545454545,-0.007425863045454545,-0.1520205747826087,0.048297416782608696,0.5246291695652174,4747.468872070646,5734.457836913967,4744.155004882435,5737.54560546901,"1,1,60",1
1806,108148000,112.75800000000129,-0.03059979101923077,-0.04796647646153846,0.014198499865384615,0.37026302826923074,1363.0,1402.4554455445545,1309.2277227722773,1405.0,123450.0,2.0,0.8925849716346154,0.9283899739423076,0.9283899739423076,0.9283899739423076,0.0,0.0,0.05173178675,0.01611194375,0.15359789000000001,-2.41993985,0.003890742499999999,-9.39424925,16.056127346153847,24.89570976923077,101132.3075,-0.011133567208333334,-0.12292231645833333,-0.020348796375000002,-0.9921432654166666,40.61838733944954,31.721197165137614,-15.001034587155964,-2.7445788165137612,0.09343795605504587,-0.005871651798165138,-0.1533907305,0.0525681295,0.5231370395,4753.098144531356,5737.421118164408,4727.1675292964665,5749.877685546886,"1,1,60",1
1807,108198000,112.80800000000129,-0.029836571428571428,-0.04812232614285714,0.014283614,0.37064306,1363.0,1403.4455445544554,1309.7227722772277,1405.0,123450.0,2.0,0.8924318322115384,0.9282878729807692,0.9282878729807692,0.9282878729807692,0.0,0.0,0.03258738690909091,0.00849780759090909,0.16027393,-2.3998609272727274,-0.008814850909090911,-9.439359181818181,16.043486038461538,24.89570596153846,101132.42269230768,-0.007050366139622641,-0.12272838720754717,-0.02086052486792453,-0.9921937720754717,40.479862110091744,31.726515972477063,-15.001462568807339,-2.7448956972477063,0.07108197899082569,-0.003727884366972477,-0.154357094,0.053775092000000004,0.523217853,4741.140764509233,5741.330217634267,4745.915387834773,5745.089006696572,"1,1,60",1
1808,108248000,112.85800000000128,-0.028967176708333334,-0.04723889525,0.015133009833333332,0.3710574033333333,1363.44,1404.0,1309.78,1405.0,123450.0,2.0,0.8922786927884615,0.9281857720192308,0.9281857720192308,0.9281857720192308,0.0,0.0,0.03089259875,-0.00059935298,0.1563276,-2.3777417,-0.01885417525,-9.44422775,16.07508796153846,24.89570403846154,101132.05730769232,-0.003016696303529412,-0.12274354294117647,-0.021128203882352942,-0.9922070176470589,40.3412356,31.73067112,-15.00154736,-2.745203644,0.04919006244,-0.002733412736,-0.152530967,0.05563492015,0.5236572629999999,4753.750390625179,5744.292504882805,4749.608081054943,5746.052075195295,"1,1,60",1
1809,108298000,112.90800000000128,-0.02943474746153846,-0.04716793376923077,0.01570262523076923,0.37104459384615385,1364.44,1404.0,1309.28,1405.0,123450.0,2.0,0.8921316913761468,0.9280877844036697,0.9280877844036697,0.9280877844036697,0.0,0.0,0.046139293250000005,-0.00279602645,0.154862835,-2.44148765,-0.04219764125,-9.536106625,16.06244853846154,24.895702115384616,101132.23846153847,0.0010017637365384619,-0.12285202548076923,-0.02156552346153846,-0.9921881009615384,40.2025156,31.73375212,-15.00131536,-2.745503344,0.027726509439999998,-0.0027998295360000002,-0.15246412950000002,0.0576335488,0.524433491,4752.067522321627,5750.480887276776,4756.614188057382,5723.079101562952,"1,1,60",1
1810,108348000,112.95800000000128,-0.031112547291666667,-0.047921870125,0.015376224666666667,0.37142312083333334,1365.0,1404.2222222222222,1309.4444444444443,1405.2222222222222,123450.0,2.0,0.8919848152293578,0.927989880733945,0.927989880733945,0.927989880733945,0.0,0.0,0.07736469500000001,0.024767268500000002,0.15859135,-2.3846254,-0.014365046499999999,-9.474456,16.049144641509436,24.895702,101132.37415094339,0.0051259068,-0.12270693,-0.022528188333333334,-0.9921721666666666,40.064294000000004,31.73576357142857,-15.001196857142856,-2.7456434285714284,0.0055893788571428574,-0.001441814885714286,-0.15226384199999998,0.0627782678,0.52226985,4758.605517578032,5737.342968749776,4730.411376952579,5763.755957032327,"1,1,60",1
1811,108398000,113.00800000000129,-0.030207418529411764,-0.04770796811764706,0.014898614176470587,0.37203732411764706,1365.0,1404.7272727272727,1310.4545454545455,1405.7272727272727,123450.0,2.0,0.8918515021359223,0.927901018446602,0.927901018446602,0.927901018446602,0.0,0.0,0.05106623125,0.010719168,0.1583915025,-2.395398875,-0.04159908750000001,-9.59356825,16.067803803921567,24.895700274509807,101132.1277254902,0.00935433162745098,-0.1224077105882353,-0.02355609676470588,-0.9921540019607843,39.926532461538464,31.736787747252748,-15.001183120879121,-2.745636175824176,-0.017169515648351646,0.0012310595648351644,-0.1513923775,0.06391873749999999,0.5222032795,4755.107446289069,5747.9982177732645,4750.650170898863,5751.1151855468925,"1,1,60",1
1812,108448000,113.05800000000129,-0.030020917836734693,-0.04733101575510204,0.014948926714285713,0.37238969020408164,1365.0,1405.0,1311.46,1406.0,123450.0,2.0,0.8917215798058252,0.9278144165048544,0.9278144165048544,0.9278144165048544,0.0,0.0,0.041645248125,0.009487408624999999,0.15542874750000002,-2.3888148125,-0.0061349751250000025,-9.5208425625,16.063261192307692,24.8957,101132.22988461539,0.013495573113207546,-0.12228207611320754,-0.02416613,-0.9921071418867924,39.788181900000005,31.73586335,-15.0007751,-2.746611095,-0.039956983099999996,0.002069795135,-0.151192281,0.06703016875000001,0.5218897885,4762.93112792988,5750.257202148625,4745.976806640246,5755.842163085998,"1,1,60",1
1813,108498000,113.10800000000128,-0.029723524588235295,-0.04681288964705883,0.014781958647058823,0.3725076211764706,1365.0,1405.0,1312.46,1406.0,123450.0,2.0,0.8915586201923077,0.9277057825,0.9277057825,0.9277057825,0.0,0.0,0.02963699214285714,0.0026251060157142857,0.15686023714285713,-2.341700285714286,0.033005946714285715,-9.538841857142858,16.07644330769231,24.8957,101132.07076923078,0.017563920921568627,-0.1222584337254902,-0.02457024231372549,-0.9920368019607844,39.6495789,31.73410385,-15.0001981,-2.7480069449999998,-0.0627566961,0.002122471185,-0.15069500521739132,0.06852111086956522,0.5225480378260869,4758.848095703361,5747.464306640685,4763.847143554599,5744.316284179345,"1,1,60",1
1814,108548000,113.1580000000013,-0.0313293246875,-0.047245545166666666,0.015243841437499999,0.37268292645833334,1365.0,1405.69,1313.0,1406.0,123450.0,2.0,0.8913840528846154,0.9275894075,0.9275894075,0.9275894075,0.0,0.0,0.039547922,0.00785632,0.1606552325,-2.4678233499999997,0.06554143899999999,-9.58339225,16.048724,24.89569925,101132.4025,0.021623926204545455,-0.12224222931818182,-0.024860022772727274,-0.9919517647727273,39.51107433663367,31.730824514851484,-15.000144554455446,-2.7475621702970296,-0.0855809298019802,0.002297458504950495,-0.1513253185,0.0687865465,0.521700572,4760.261401367439,5736.882104491853,4754.329931640134,5759.844213867748,"1,1,60",1
1815,108598000,113.20800000000129,-0.030830050288461537,-0.047800298211538465,0.015870602615384616,0.3730397746153846,1365.0,1407.19,1313.0,1406.0,123450.0,2.0,0.8912287577981651,0.927485868440367,0.927485868440367,0.927485868440367,0.0,0.0,0.017443641,0.017876349375000003,0.15732626375,-2.4604916125,0.014066106750000008,-9.5694755,16.04471528301887,24.895699,101132.42528301888,0.02566226273076923,-0.12208531942307692,-0.02510289676923077,-0.9918681763461539,39.37261196039604,31.72689382178218,-15.000315346534654,-2.7463285564356434,-0.10841567237623763,0.0025248649405940596,-0.1497355965,0.0718028645,0.521811645,4754.812084960683,5761.806933594227,4763.102001953452,5750.186621093813,"1,1,60",1
1816,108648000,113.25800000000129,-0.03083440932653061,-0.04775820146938775,0.015606283122448978,0.3733203467346939,1365.46,1407.77,1313.23,1405.77,123450.0,2.0,0.8910833908256881,0.9273889418348624,0.9273889418348624,0.9273889418348624,0.0,0.0,0.0424774855,0.0027298373,0.1588575525,-2.4049757,-0.0020947610964774993,-9.48971825,16.062899692307692,24.895697692307692,101132.21326923076,0.02968548336734694,-0.12192126040816327,-0.025301304163265304,-0.9917711828571428,39.234689292929296,31.720900383838384,-15.000662606060606,-2.745282923232323,-0.1313213306060606,0.0026409282646464648,-0.149868433,0.074660351,0.5235983125,4757.5224376863225,5749.687104723901,4761.986467633733,5759.20949590813,"1,1,60",1
1817,108698000,113.30800000000129,-0.03112287558823529,-0.046977219647058824,0.015613427235294117,0.3734334052941176,1366.46,1407.27,1313.73,1405.27,123450.0,2.0,0.8909349588785047,0.9272899837383178,0.9272899837383178,0.9272899837383178,0.0,0.0,0.040099568142857145,0.0007989146217257143,0.15716456571428572,-2.3567496714285716,0.024113198085714282,-9.573216142857143,16.079863019607842,24.89569574509804,101132.02147058824,0.03376067970588235,-0.12191743019607842,-0.025815501098039217,-0.9916278831372549,39.09702060606061,31.713936242424243,-15.001092909090909,-2.744325751515152,-0.1542603609090909,0.00270459483030303,-0.14957328173913045,0.0767417737826087,0.5217738630434783,4761.418310546947,5749.896801758023,4767.1625000003005,5746.354711913367,"1,1,60",1
1818,108748000,113.35800000000128,-0.030759031692307693,-0.04678080465384615,0.015626109384615384,0.3735394321153846,1367.0,1406.77,1313.77,1405.23,123450.0,2.0,0.8907832065420561,0.9271888248598131,0.9271888248598131,0.9271888248598131,0.0,0.0,0.044741038500000004,0.008721802725,0.1572597075,-2.3948003250000003,-0.0017954842500000016,-9.568129500000001,16.07391423076923,24.895693807692307,101132.10009615385,0.03780761283333333,-0.12191753291666667,-0.026408152854166665,-0.9914664791666666,38.959603,31.704816899999997,-15.00147505,-2.7432189,-0.1779259035,0.0019814624,-0.14725858625,0.07848838062499999,0.5218605175000001,4763.678017064198,5753.190917968564,4756.701711553788,5748.581748561288,"1,1,60",1
1819,108798000,113.4080000000013,-0.031757745875,-0.04709084025,0.015385981375,0.373485383125,1367.0,1406.27,1313.27,1405.73,123450.0,2.0,0.8906319192307692,0.9270879684615384,0.9270879684615384,0.9270879684615384,0.0,0.0,0.049334709250000004,0.0161119625,0.153597965,-2.3882163,0.02633639,-9.501689375,16.068948923076924,24.895691326923078,101132.13421153846,0.041855157826923076,-0.12174452319230769,-0.027133938096153845,-0.9913051461538461,38.822293,31.6947739,-15.00183655,-2.7420479,-0.2019028085,0.0009211303999999997,-0.148580924,0.08340001849999999,0.5194325435,4763.251196288771,5748.184716797044,4750.938110351767,5744.355346679202,"1,1,60",1
1820,108848000,113.45800000000129,-0.031634565192307694,-0.047633644,0.01516805453846154,0.37382041442307695,1367.0,1406.46,1313.46,1406.23,123450.0,2.0,0.8904815346153846,0.9269876992307692,0.9269876992307692,0.9269876992307692,0.0,0.0,0.04400885375,0.00835574615,0.1524659575,-2.429666225,0.040851228375,-9.391106625,16.05396096153846,24.89568948076923,101132.32173076922,0.04591475660416667,-0.12147425925,-0.027811821375,-0.99114015,38.684851875,31.6834975625,-15.002686875,-2.73951694375,-0.225271345625,0.00210638555,-0.14720221791666666,0.08392459291666667,0.5221342304166666,4763.059448242642,5751.357128906533,4749.365136718354,5746.6894042967815,"1,1,60",1
1821,108898000,113.50800000000129,-0.031443307375,-0.047867048125,0.015266291375000001,0.3744311225,1367.0,1407.46,1314.46,1406.73,123450.0,2.0,0.8903371662037037,0.9268914481481481,0.9268914481481481,0.9268914481481481,0.0,0.0,0.041545494749999995,0.009121229750000001,0.159589905,-2.384326025,-0.0023940367500000018,-9.42268225,16.069760961538464,24.89568803846154,101132.1525,0.049970282230769235,-0.12124766288461539,-0.02833817523076923,-0.9909564275,38.54735455357143,31.671692651785712,-15.003746696428571,-2.7364031491071428,-0.24837915366071428,0.004254035192857143,-0.146663509,0.0844934264,0.5218407135,4763.145092773187,5756.583789062341,4751.8645751962995,5763.386376952487,"1,1,60",1
1822,108948000,113.5580000000013,-0.03097936748979592,-0.04662217636734694,0.015341775653061225,0.3742701926530612,1366.54,1408.0,1314.77,1406.54,123450.0,2.0,0.8902099208333334,0.9268066333333334,0.9268066333333334,0.9268066333333334,0.0,0.0,0.023968318500000002,-0.0039947897,0.1569267975,-2.3983916499999998,0.009277701000000003,-9.66629125,16.085553358490564,24.895686132075472,101131.95098113207,0.05403303408163265,-0.12126830040816328,-0.02865833581632653,-0.9907317571428571,38.410092272727276,31.658844545454546,-15.005114329545455,-2.7337423704545456,-0.2713677557954545,0.004211408512500001,-0.14682732857142855,0.08796219285714285,0.5197113785714286,4762.000255766412,5745.41543433719,4765.688104538648,5748.396019345121,"1,1,60",1
1823,108998000,113.6080000000013,-0.030368808529411765,-0.046683302705882355,0.015415145588235294,0.3737654694117647,1365.54,1408.0,1314.27,1405.54,123450.0,2.0,0.8900778759615384,0.9267186125,0.9267186125,0.9267186125,0.0,0.0,0.029727603625,0.00023298518750000002,0.156260975,-2.391808,-0.0134672218125,-9.4312095,16.061636,24.895684215686273,101132.24419607843,0.058079679019607845,-0.1213733956862745,-0.028872089705882353,-0.9904836078431373,38.27310590909091,31.64477181818182,-15.006843306818183,-2.731613393181818,-0.2942164205681818,0.0015975878874999994,-0.1464441895,0.090374039,0.520455085,4756.68327636668,5742.307202149392,4756.837231445695,5739.769775388978,"1,1,60",1
1824,109048000,113.6580000000013,-0.030073501384615387,-0.04744156,0.015545543076923076,0.3735164323076923,1365.46,1407.77,1313.77,1405.0,123450.0,2.0,0.8899026355769231,0.9266017375,0.9266017375,0.9266017375,0.0,0.0,0.042344147624999995,0.017011080999999997,0.15413047500000002,-2.428618825,0.0306758764,-9.6003015,16.071928884615385,24.895682269230768,101132.1175,0.0621446555,-0.121194280625,-0.029200798125,-0.99024923,38.1359651,31.62887505,-15.00795105,-2.729301665,-0.3171570655,0.0005272576193,-0.1466566605,0.09077826350000001,0.519619227,4745.133789062578,5747.553613281267,4749.834863280425,5737.56662597697,"1,1,60",1
1825,109098000,113.70800000000129,-0.0314668679375,-0.047388859,0.0158798925,0.37339950499999996,1366.46,1407.27,1313.27,1405.0,123450.0,2.0,0.8897278678846153,0.9264851792307692,0.9264851792307692,0.9264851792307692,0.0,0.0,0.05432853575,0.015046674000000001,0.16165387750000001,-2.4435822,-0.01256939025,-9.58039825,16.066782115384616,24.89568067307692,101132.14788461538,0.06625341480769231,-0.12085117221153846,-0.029856469365384615,-0.9900047942307693,37.9987581,31.61219655,-15.00879255,-2.726911615,-0.3401371305,0.00011842321830000003,-0.1453499645,0.094097963,0.5211346825,4752.16171874994,5737.069555663941,4733.864892578493,5748.33613281202,"1,1,60",1
1826,109148000,113.75800000000129,-0.030864029265306122,-0.046779923714285715,0.015955318163265304,0.37353063612244897,1367.0,1407.0,1313.0,1405.23,123450.0,2.0,0.8895762621153847,0.9263841407692307,0.9263841407692307,0.9263841407692307,0.0,0.0,0.030393306875,0.0036618031625000004,0.15406389375,-2.4043770875,-0.0037407732500000027,-9.50228925,16.022037547169813,24.89568,101132.68886792453,0.07031318520408163,-0.1206649441632653,-0.03049499755102041,-0.9897285275510205,37.86162565,31.59389615,-15.0092998,-2.72413023,-0.3629075455,0.0017319913337000004,-0.144518326,0.09782736069999999,0.52014897,4748.212988281176,5742.941406250154,4746.943701172048,5726.707128905996,"1,1,60",1
1827,109198000,113.8080000000013,-0.03126830705882353,-0.04700774905882353,0.01583081611764706,0.3739458911764706,1367.0,1407.0,1313.0,1405.73,123450.0,2.0,0.8894246563461539,0.9262831023076923,0.9262831023076923,0.9262831023076923,0.0,0.0,0.0463387955,0.016578297000000002,0.1585247125,-2.4504659,0.004489293875,-9.460091250000001,16.030979411764708,24.89568,101132.58176470589,0.07432795227272727,-0.12054122381818182,-0.030979220545454544,-0.9894345718181818,37.72452515,31.57490065,-15.009663799999998,-2.72118113,-0.38558811049999997,0.0042123033847,-0.14560611,0.09771072,0.51890373,4751.857250976487,5740.34516601556,4739.534594726716,5743.980249023684,"1,1,60",1
1828,109248000,113.8580000000013,-0.031519015596153846,-0.04704627136538462,0.015650605634615386,0.3742757555769231,1367.23,1407.46,1313.69,1405.54,123450.0,2.0,0.8892783635185185,0.9261855901851852,0.9261855901851852,0.9261855901851852,0.0,0.0,0.03715112275,0.01318247575,0.162452875,-2.39599785,0.026635657500000003,-9.3936525,16.040146346153847,24.89568,101132.47096153846,0.07838188954545454,-0.12031559136363636,-0.03154303047727273,-0.9891322668181819,37.5876707,31.5542745,-15.009639649999999,-2.717341315,-0.40869669399999997,0.006121786400000001,-0.14421364,0.1002244455,0.5184406375,4748.411181640548,5734.7317871091245,4745.128710937559,5747.582543945689,"1,1,60",1
1829,109298000,113.9080000000013,-0.030409353437499998,-0.0466229423125,0.0160362460625,0.374680470625,1367.73,1408.46,1315.19,1404.54,123450.0,2.0,0.8891324098148148,0.9260883031481482,0.9260883031481482,0.9260883031481482,0.0,0.0,0.025300194,0.00462714575,0.154463325,-2.4332571499999998,0.035464287875,-9.522041625,16.03942403846154,24.89568,101132.49346153846,0.08237958473076923,-0.12021885365384616,-0.03184088655769231,-0.9888089865384615,37.4509217,31.5329495,-15.00944915,-2.713119765,-0.431988714,0.0077866284000000004,-0.144157405,0.1014226495,0.5178991775,4753.659033203077,5741.075024414082,4740.500781250347,5750.484155273436,"1,1,60",1
1830,109348000,113.9580000000013,-0.029123737142857143,-0.046259891857142854,0.016234082938775513,0.3749583851020408,1368.6831683168316,1408.7722772277227,1314.8613861386139,1405.1386138613861,123450.0,2.0,0.8889831514285714,0.9259887885714286,0.9259887885714286,0.9259887885714286,0.0,0.0,0.009853592500000001,0.00133156135,0.158191785,-2.3642745,0.0305262375,-9.5379015,16.00742116981132,24.89568,101132.85943396227,0.08633765693877551,-0.12023004408163265,-0.031902592163265305,-0.9884681367346939,37.314627321100915,31.510091082568806,-15.009462000000001,-2.7091717541284406,-0.4541795814678899,0.008325693935779817,-0.1432443457142857,0.10417516028571429,0.5185706714285715,4747.475390624875,5754.222363281317,4769.926562500436,5726.357421874902,"1,1,60",1
1831,109398000,114.0080000000013,-0.032442315230769236,-0.047185397769230766,0.016234335076923078,0.3751921746153846,1370.1683168316831,1408.2772277227723,1312.3861386138615,1407.6138613861385,123450.0,2.0,0.888832960952381,0.9258886457142858,0.9258886457142858,0.9258886457142858,0.0,0.0,0.0576574615,0.00479387885,0.16005597500000002,-2.4283193,0.023942182000000003,-9.528924499999999,16.05463610909091,24.89568007272727,101132.30309090909,0.09034767071428572,-0.12016615964285714,-0.03226294435714286,-0.9881050142857143,37.17852777981651,31.486575486238532,-15.009562,-2.7053409743119268,-0.47589852642201835,0.008382283844036697,-0.142796492,0.10502550399999999,0.518428396,4760.29531250027,5745.967675781069,4746.697753905476,5746.330566406855,"1,1,60",1
1832,109448000,114.0580000000013,-0.03350456111764706,-0.04725532990196078,0.015767923333333333,0.3751663239215686,1371.0,1407.78,1311.44,1409.0,123450.0,2.0,0.8886818538461538,0.9257879134615385,0.9257879134615385,0.9257879134615385,0.0,0.0,0.055964595000000006,0.007761384657142857,0.15739276000000002,-2.381888828571429,0.06122332428571428,-9.558338142857144,16.084512472727273,24.89568098181818,101131.96672727274,0.09444298765957447,-0.11997111861702128,-0.033126483085106385,-0.9877180191489362,37.0426581,31.4622685,-15.00990484,-2.701425762,-0.4983218608,0.00809049499,-0.14216178000000002,0.1087152632173913,0.5181572,4758.458544921817,5742.795166015445,4748.355395508004,5738.766503905841,"1,1,60",1
1833,109498000,114.1080000000013,-0.03286443685714286,-0.04667741414285714,0.015447902,0.37517671571428574,1371.0,1407.28,1312.44,1409.0,123450.0,2.0,0.8885303153846154,0.9256869038461539,0.9256869038461539,0.9256869038461539,0.0,0.0,0.0472043675,0.009321163875,0.15839155,-2.42682305,0.045490003,-9.4822375,16.098382403846156,24.895681,101131.78096153846,0.09855486867924529,-0.11983119018867924,-0.03385299147169812,-0.987308091509434,36.907000599999996,31.437231,-15.010471840000001,-2.697432612,-0.5213954008,0.00747712574,-0.14116882476190476,0.11207288238095238,0.5188513123809524,4759.091210937477,5737.806347656185,4742.25244140592,5748.242089844293,"1,1,60",1
1834,109548000,114.1580000000013,-0.03241459039215686,-0.0468503758627451,0.01595385117647059,0.3751998931372549,1370.7777777777778,1407.2222222222222,1313.0,1409.0,123450.0,2.0,0.8883795037383178,0.9255863598130841,0.9255863598130841,0.9255863598130841,0.0,0.0,0.034735287999999996,0.006391463,0.15374048857142858,-2.3930046857142857,-0.03368966814285714,-9.662484571428571,15.976131826923076,24.895682807692307,101133.23423076923,0.10259498790697674,-0.11965698418604652,-0.03439744465116279,-0.9868995058139535,36.77150642857143,31.411311,-15.010829857142857,-2.6933093,-0.5436019571428571,0.007162720071428571,-0.14033249347826088,0.11241903,0.518016747826087,4753.708593749709,5746.041381836369,4748.917211914179,5730.539892577604,"1,1,60",1
1835,109598000,114.2080000000013,-0.0315367280625,-0.04698066925,0.015766277375000002,0.37522331875,1370.2727272727273,1407.7272727272727,1313.0,1409.0,123450.0,2.0,0.888229176635514,0.9254861261682243,0.9254861261682243,0.9254861261682243,0.0,0.0,0.038882304,0.007723274,0.16192015,-2.4444804,0.027533488,-9.417593,16.00454044642857,24.895684607142858,101132.8917857143,0.10661702107692309,-0.11945472711538462,-0.034718877230769225,-0.9864854548076923,36.63616302197802,31.384576384615386,-15.010994967032968,-2.6890658384615387,-0.565008220879121,0.0071242807857142855,-0.14023484047619048,0.11495380857142858,0.5163869952380953,4749.0146240237455,5737.365917968921,4742.897607421413,5740.456054687606,"1,1,60",1
1836,109648000,114.2580000000013,-0.032232290519230766,-0.04717342471153846,0.01554408235576923,0.37572737692307695,1370.23,1408.0,1313.23,1409.0,123450.0,2.0,0.8880787567307693,0.9253858451923077,0.9253858451923077,0.9253858451923077,0.0,0.0,0.03568629885714286,0.0023208393428571427,0.15910488857142857,-2.4395204285714285,0.02103493914285714,-9.520886,16.018206250000002,24.8956865,101132.7475,0.11068633716666666,-0.11929823739583333,-0.035091757791666664,-0.98604328,36.50178695,31.3566186,-15.011306825,-2.6836999699999997,-0.5865819360000001,0.00814304225,-0.14009115,0.11923396695652175,0.5183077717391305,4749.058825040928,5740.896767064188,4749.529348273868,5741.117624382939,"1,1,60",1
1837,109698000,114.3080000000013,-0.0324476595,-0.046808916,0.01556288715625,0.37607744375,1370.73,1408.0,1313.73,1409.0,123450.0,2.0,0.8879282278846153,0.9252855086538462,0.9252855086538462,0.9252855086538462,0.0,0.0,0.040080525000000006,0.002596685775,0.158324955,-2.3714573,0.010474800725,-9.58189525,16.056128115384617,24.895688423076923,101132.30240384616,0.11472945192307692,-0.11928044451923077,-0.03543001640384615,-0.985570783076923,36.367825450000005,31.3281366,-15.011681575,-2.67785307,-0.6082274160000001,0.00961488975,-0.13904466499999998,0.120903534,0.5161826279999999,4754.880590820493,5741.512377929433,4748.191210937363,5746.714038086219,"1,1,60",1
1838,109748000,114.35800000000131,-0.03171030732692308,-0.04648374548076923,0.015872947961538462,0.3762951,1371.23,1408.23,1314.0,1409.23,123450.0,2.0,0.8877791490740741,0.9251861268518519,0.9251861268518519,0.9251861268518519,0.0,0.0,0.031225675,-0.0069910202500000004,0.15346465,-2.40048685,-0.001196937250000002,-9.44692175,16.06154503846154,24.895691692307693,101132.25625,0.118723824375,-0.11934551466666667,-0.035761527979166666,-0.9850781216666666,36.234407850000004,31.2979011,-15.0126249,-2.67272101,-0.6293137990000001,0.011096313075,-0.13733013666666666,0.12281116923809524,0.5176662,4757.869937294245,5746.674624795044,4761.451094778747,5722.308902136707,"1,1,60",1
1839,109798000,114.40800000000131,-0.0313004918125,-0.046558061500000004,0.015846883,0.376562755625,1371.73,1408.73,1314.0,1409.73,123450.0,2.0,0.8876324361111111,0.9250883027777778,0.9250883027777778,0.9250883027777778,0.0,0.0,0.04900202475,0.00739040925,0.1605221175,-2.3675664249999997,-0.02483968425,-9.466374250000001,16.080776153846156,24.89569426923077,101132.01538461538,0.12274713173076923,-0.11932709646153845,-0.03623190855769231,-0.9845693923076924,36.10122335,31.2669141,-15.0138119,-2.66789531,-0.650160569,0.012581840325,-0.1366212425,0.12412641,0.516148305,4757.390795898668,5746.37285156223,4755.455883788658,5737.843408204081,"1,1,60",1
1840,109848000,114.4580000000013,-0.03228771946153846,-0.04653465732692308,0.015747703096153847,0.37660042961538465,1372.0,1409.0,1314.0,1409.77,123450.0,2.0,0.8874844028571429,0.9249896019047619,0.9249896019047619,0.9249896019047619,0.0,0.0,0.063862546,0.0065513072,0.160375594,-2.39085008,-0.021787069,-9.502587400000001,16.09729894230769,24.895697384615385,101131.82211538461,0.12687370208333335,-0.11909333479166667,-0.03705896010416666,-0.9840439104166667,35.96856875,31.2345488,-15.01438535,-2.662533795,-0.6715744825,0.012385721525,-0.13609986,0.1258007575,0.51557846875,4765.10512695313,5735.994677734023,4745.639892578259,5751.832324218793,"1,1,60",1
1841,109898000,114.5080000000013,-0.0317345256875,-0.0462708805,0.015845272312500002,0.376436766875,1372.0,1409.0,1314.0,1409.27,123450.0,2.0,0.8873316885714285,0.9248877923809523,0.9248877923809523,0.9248877923809523,0.0,0.0,0.03755033,0.009321062,0.15393078,-2.439692,0.058658116,-9.585188,16.091339903846155,24.895700673076924,101131.89365384616,0.1309719873076923,-0.11885497692307692,-0.03783874903846154,-0.9835058646153847,35.83614125,31.2015928,-15.01469585,-2.656942645,-0.6932314575,0.011468897275,-0.1364247,0.12896673,0.5148926,4756.885424804668,5746.809814453411,4751.209179686788,5731.716625976878,"1,1,60",1
1842,109948000,114.5580000000013,-0.032293015653061224,-0.04641458387755102,0.01607038032653061,0.3763233442857143,1371.7722772277227,1409.0,1314.2277227722773,1409.0,123450.0,2.0,0.8871819833333333,0.9247879872222222,0.9247879872222222,0.9247879872222222,0.0,0.0,0.0527307585,0.009054469,0.159257,-2.40677135,0.04010305,-9.665392,16.049233113207546,24.895703018867923,101132.37264150944,0.1350057186792453,-0.11860874366037735,-0.038449653320754715,-0.9829661866037736,35.703603596330275,31.166854394495413,-15.015539733944955,-2.651317075229358,-0.7150177862385321,0.010373601880733945,-0.133245152,0.131659274,0.515907518,4759.80450148828,5734.139694940154,4739.158458891285,5749.690685453897,"1,1,60",1
1843,109998000,114.60800000000131,-0.03177120192307692,-0.04608415538461538,0.01599719246153846,0.37620132692307695,1371.2772277227723,1409.0,1314.7227722772277,1409.0,123450.0,2.0,0.8870543444444444,0.9247028807407408,0.9247028807407408,0.9247028807407408,0.0,0.0,0.03675174375,0.007590141,0.15266570499999998,-2.3786399,-0.041000536825,-9.5522665,16.051522692307692,24.895705846153845,101132.33153846154,0.13907656666666668,-0.11837432066666666,-0.03903459533333333,-0.9824042666666666,35.57101873394495,31.131352100917432,-15.016612211009175,-2.6456767541284405,-0.736859552293578,0.00920181885321101,-0.13302886,0.13171364,0.5130230933333333,4747.81542968731,5740.824609374875,4744.117089843617,5728.714648437767,"1,1,60",1
1844,110048000,114.65800000000131,-0.031778168078431375,-0.04638324090196078,0.015685559019607845,0.37624659666666666,1371.22,1409.0,1314.78,1409.0,123450.0,2.0,0.8869267055555555,0.9246177742592593,0.9246177742592593,0.9246177742592593,0.0,0.0,0.038349404000000004,0.010119870999999999,0.16018922000000002,-2.4199396,0.02214653295,-9.4756515,16.064120588235294,24.895710588235293,101132.18666666668,0.14312788382978722,-0.11812891553191489,-0.03944658310638298,-0.9818352063829787,35.43864492,31.09442152,-15.01778402,-2.639068386,-0.75903294,0.00945748394,-0.13110113,0.13557917,0.5116914365217391,4749.920358758197,5729.452790912498,4736.434904399253,5744.185649671744,"1,1,60",1
1845,110098000,114.7080000000013,-0.03205513185714286,-0.04656487028571429,0.015961651714285714,0.37630785,1371.72,1409.0,1314.28,1409.0,123450.0,2.0,0.8867528077669903,0.9245018402912621,0.9245018402912621,0.9245018402912621,0.0,0.0,0.033422796250000004,0.005659136625,0.1594567875,-2.374150675,0.012569724975,-9.430462,16.03523709433962,24.895715584905663,101132.54320754718,0.14717166471698112,-0.11790423056603773,-0.03992815067924528,-0.9812444320754717,35.30646592,31.05617252,-15.019047519999999,-2.631566436,-0.78151244,0.01103079344,-0.13142117714285714,0.13773468714285714,0.5127547714285715,4742.356375558299,5737.12444196424,4739.0649414059,5726.275809151941,"1,1,60",1
1846,110148000,114.75800000000132,-0.0321375207254902,-0.046290147764705886,0.016424965843137254,0.37648100333333334,1371.7777777777778,1409.2222222222222,1314.2222222222222,1409.0,123450.0,2.0,0.8865769825242719,0.9243846218446602,0.9243846218446602,0.9243846218446602,0.0,0.0,0.046106034125,0.00412787425,0.15822505375,-2.3985414375,-0.016908885099999996,-9.46188675,16.043960352941177,24.89571976470588,101132.44882352941,0.15116214872340425,-0.11774600978723404,-0.040421408,-0.9806367787234043,35.17512718446602,31.017260631067963,-15.020508970873786,-2.624160993203884,-0.8033897067961164,0.012455194990291263,-0.13190343217391304,0.14085132869565217,0.5126132391304348,4750.450146484389,5728.480273437081,4730.380639648315,5739.982177734794,"1,1,60",1
1847,110198000,114.80800000000131,-0.030956065625,-0.046229989375,0.0160864384375,0.37661001250000004,1371.2727272727273,1409.7272727272727,1314.7272727272727,1409.0,123450.0,2.0,0.8864251457142858,0.9242834142857144,0.9242834142857144,0.9242834142857144,0.0,0.0,0.02636529175,-0.00046609539999999984,0.16005601,-2.4184431,-0.0520737275,-9.497201,16.02877,24.895725615384617,101132.61561538462,0.1551850398076923,-0.11766305615384615,-0.04079969155769231,-0.9800021663461538,35.044564077669904,30.977736844660193,-15.022153145631068,-2.6168446339805826,-0.8247110660194175,0.01374214304854369,-0.1301887475,0.141538395,0.5124330125000001,4740.309667968789,5733.987426758249,4744.055712890505,5725.210595702879,"1,1,60",1
1848,110248000,114.85800000000131,-0.030836642826923076,-0.046469869365384615,0.016185848461538463,0.3767474694230769,1371.23,1409.77,1315.23,1409.23,123450.0,2.0,0.8862759742857143,0.9241839857142857,0.9241839857142857,0.9241839857142857,0.0,0.0,0.04243313122222222,0.005030437555555555,0.16585574444444445,-2.3894134,0.024873262222222223,-9.509238166666668,16.031478653846154,24.895733307692307,101132.57561538462,0.15920638942307694,-0.11760338269230769,-0.041080297730769225,-0.9793522403846153,34.914444,30.93752746590909,-15.023400113636363,-2.609470903409091,-0.8454222372727273,0.015177078181818182,-0.12804388428571428,0.14394923714285715,0.5130072328571429,4745.490187872316,5725.811755951924,4738.502232142709,5739.88006882506,"1,1,60",1
1849,110298000,114.90800000000131,-0.0312708923125,-0.046355087125,0.016031611125,0.376863939375,1371.73,1409.27,1315.73,1409.73,123450.0,2.0,0.8861294696296297,0.9240863111111112,0.9240863111111112,0.9240863111111112,0.0,0.0,0.036085852,0.0027630680500000003,0.15755926999999997,-2.3967458875,-0.00763135325,-9.446322375,16.0510715,24.895740749999998,101132.38,0.163286299375,-0.117461779375,-0.041569652916666665,-0.9786770602083333,34.784844,30.896513261363634,-15.024180795454544,-2.6020298238636363,-0.8654171009090909,0.016785737272727273,-0.128723534,0.1463486745,0.51331687,4739.192651367325,5737.041772461041,4745.768823242172,5724.107373047135,"1,1,60",1
1850,110348000,114.9580000000013,-0.033280674999999996,-0.04637763148979592,0.015960507081632654,0.37756506081632657,1372.23,1409.0,1316.46,1410.0,123450.0,2.0,0.8859836316666667,0.9239890749999999,0.9239890749999999,0.9239890749999999,0.0,0.0,0.056958262375000006,0.00502675085,0.1629855075,-2.3913588375,0.03501536549999999,-9.402181375,16.078880884615383,24.895748115384613,101132.01384615384,0.1673709297777778,-0.11732572044444445,-0.04215747146666667,-0.9779778871111111,34.6555506,30.853840899999998,-15.02421165,-2.594652185,-0.885974559,0.0191962211,-0.12748495285714287,0.14855699714285714,0.5120614142857143,4747.033621652073,5726.488327752727,4740.673851376176,5748.507812500647,"1,1,60",1
1851,110398000,115.00800000000132,-0.033259265235294114,-0.04575462511764706,0.015833821588235295,0.3779983988235294,1372.73,1409.0,1317.46,1410.0,123450.0,2.0,0.8858303041414142,0.9238868473737374,0.9238868473737374,0.9238868473737374,0.0,0.0,0.03275701775,-0.00020002880000000005,0.16218652249999999,-2.376544875,0.00598566975,-9.4624835,16.031659230769232,24.89575721153846,101132.61750000001,0.17146956440677966,-0.11727526372881357,-0.04274938854237288,-0.9772468654237288,34.5263886,30.8104579,-15.023921150000001,-2.587301735,-0.906773129,0.0219503441,-0.1255773245,0.15000071599999998,0.511776303,4747.787915039238,5731.8888427735665,4751.965307617294,5739.286987304347,"1,1,60",1
1852,110448000,115.05800000000131,-0.03266548951020408,-0.04575856959183674,0.01565419136734694,0.37831477755102044,1373.23,1409.46,1317.77,1410.0,123450.0,2.0,0.8856727637373738,0.923781812020202,0.923781812020202,0.923781812020202,0.0,0.0,0.0354202895,0.0019307508499999994,0.1589906975,-2.4567505499999998,-0.006883167175,-9.391857,16.00940325,24.8957645,101132.83812500001,0.17548496666666666,-0.11729431333333333,-0.043131195,-0.97651621,34.397214,30.76531895,-15.0239208,-2.579797845,-0.9275934690000001,0.0229802166,-0.12383766560000001,0.1515031585,0.511647076,4750.856469726787,5730.93481445329,4747.385961913624,5740.117065429737,"1,1,60",1
1853,110498000,115.10800000000131,-0.03250734023529412,-0.046084269058823533,0.01602488017647059,0.3785639094117647,1373.73,1410.46,1317.27,1410.0,123450.0,2.0,0.8855218072222223,0.9236812,0.9236812,0.9236812,0.0,0.0,0.025783939272727274,0.0048422953000000005,0.15291392818181818,-2.4194501272727273,0.04701358318181818,-9.566576272727273,16.070032807692307,24.895775173076924,101132.13701923077,0.17942039019607844,-0.11723981882352942,-0.04340489143137255,-0.97579475,34.268034,30.71942745,-15.0240448,-2.572228195,-0.9484231390000001,0.0232711246,-0.12398737434782608,0.15299149652173913,0.5121782486956521,4749.344970702808,5751.064916992238,4760.745849609315,5724.239477539373,"1,1,60",1
1854,110548000,115.15800000000132,-0.033204688384615384,-0.046265548230769234,0.016197747076923077,0.37856631634615384,1374.0,1411.0,1317.23,1410.0,123450.0,2.0,0.8853742424074074,0.9235828666666667,0.9235828666666667,0.9235828666666667,0.0,0.0,0.058056916666666666,0.016245479,0.15588366666666667,-2.433705933333333,0.01596151333333333,-9.579201,16.020373192307694,24.895783826923076,101132.73798076923,0.18337360395833333,-0.11697053166666667,-0.04386154154166667,-0.9750714697916667,34.139510198019806,30.67228663366337,-15.023875118811882,-2.564740705940594,-0.9693838637623763,0.022753839227722773,-0.12057567,0.15462112375,0.5117371625,4755.088818359743,5738.4925048822115,4742.702148437042,5740.316137695839,"1,1,60",1
1855,110598000,115.20800000000132,-0.033627258125000004,-0.046324055125,0.0161435578125,0.378600390625,1374.0,1411.0,1317.73,1410.0,123450.0,2.0,0.8852357821153846,0.9234905677884615,0.9234905677884615,0.9234905677884615,0.0,0.0,0.054228797499999995,0.010086598499999998,0.15985620625,-2.4353522,0.054019345749999996,-9.519345125,16.014955865384614,24.89579342307692,101132.76884615385,0.1874182551923077,-0.11659071538461538,-0.04462052538461538,-0.9743127853846154,34.01126762376238,30.624610396039603,-15.023579574257427,-2.557288428712871,-0.9904007548514852,0.021890185267326733,-0.12026837571428571,0.15826582285714286,0.5106742457142857,4750.089257812255,5736.927661132977,4745.420239258115,5739.469262694711,"1,1,60",1
1856,110648000,115.25800000000132,-0.03307993169230769,-0.04634474736538462,0.016263875846153845,0.37858045384615385,1374.0,1411.0,1318.0,1410.2211538461538,123450.0,2.0,0.8851064263461539,0.9234043033653846,0.9234043033653846,0.9234043033653846,0.0,0.0,0.04860265825,0.005392905399999999,0.154729675,-2.407669475,-0.0092773665,-9.5127635,15.987101875,24.895803232142857,101133.09732142858,0.19145159291666666,-0.11630211520833333,-0.045279004375,-0.9735328189583333,33.88388888888889,30.5754645,-15.023862462962963,-2.549272135185185,-1.0109345485185186,0.021560196111111114,-0.119170801875,0.16102501125000002,0.5110756875,4749.622412109825,5733.803149413906,4744.605517577813,5731.012988281001,"1,1,60",1
1857,110698000,115.30800000000131,-0.03365688776923077,-0.04661059415384615,0.01627713182692308,0.37877522230769234,1374.0,1411.0,1318.0,1410.701923076923,123450.0,2.0,0.8849611472222223,0.9233074341666667,0.9233074341666667,0.9233074341666667,0.0,0.0,0.048169838625,0.012317050125,0.15549537125,-2.4205384,0.0098762479875,-9.482535625,16.00773278846154,24.89581446153846,101132.89980769232,0.19545216480769229,-0.11602410884615384,-0.04592030398076923,-0.9727403155769231,33.75691666666667,30.525627,-15.024417555555557,-2.5409904222222224,-1.0312410022222223,0.021481343333333333,-0.11923540619047619,0.1610410233333333,0.5101492904761905,4748.740405273112,5735.45651855471,4742.5771972662,5733.975244140378,"1,1,60",1
1858,110748000,115.35800000000131,-0.03323098108333333,-0.04632906770833333,0.015896232645833334,0.378971805,1374.0,1410.8020833333333,1318.1979166666667,1410.8020833333333,123450.0,2.0,0.8847938787037037,0.9231959202777777,0.9231959202777777,0.9231959202777777,0.0,0.0,0.04207764,0.016777884,0.15965659999999998,-2.35828875,-0.0305259072,-9.5923695,16.038868679245283,24.895825094339624,101132.49886792453,0.19948367730769231,-0.11570085461538461,-0.04652804194230769,-0.9719312996153846,33.63065971428572,30.474533,-15.024555714285714,-2.5326003714285714,-1.0517057285714286,0.02101526857142857,-0.11732830266666666,0.16363145666666665,0.5082104466666667,4742.122605096628,5738.5004882815565,4742.595610118524,5743.084170387314,"1,1,60",1
1859,110798000,115.40800000000132,-0.0331764634375,-0.0458269434375,0.015656020375,0.3789070375,1374.0,1410.28125,1318.71875,1410.28125,123450.0,2.0,0.8846302952380952,0.9230868639047619,0.9230868639047619,0.9230868639047619,0.0,0.0,0.04054677775,0.0034618944000000002,0.1535977975,-2.3678660000000002,-0.002693310625,-9.548974,16.007780588235295,24.89583505882353,101132.86,0.20348898041666666,-0.11544589541666667,-0.047053351916666666,-0.97110612875,33.50506301098901,30.422279153846155,-15.024309010989011,-2.5241103164835166,-1.0723165527472527,0.02019175813186813,-0.116187054,0.1661116795,0.50663843,4749.768408202721,5735.705493163954,4736.718066407374,5733.441943358094,"1,1,60",1
1860,110848000,115.45800000000132,-0.03246881084615385,-0.045535147384615386,0.015938801,0.37898170999999997,1374.46,1410.69,1318.77,1410.0,123450.0,2.0,0.8844772000000001,0.922984802,0.922984802,0.922984802,0.0,0.0,0.037916723125,0.0037618132312499998,0.15602798125,-2.384924275,0.04055196125,-9.489867375000001,16.029131153846155,24.89584675,101132.60230769232,0.207445925,-0.11535382757692308,-0.04749143505769231,-0.9702577657692307,33.3798252,30.369017200000002,-15.02395395,-2.515107375,-1.09356562,0.0209083642,-0.1160679005,0.167402706,0.50818829,4743.856665039279,5730.323925781425,4747.138745116651,5728.321923828249,"1,1,60",1
1861,110898000,115.50800000000132,-0.0331674785,-0.046133254875,0.016950431125,0.3793548925,1375.46,1412.19,1318.27,1410.0,123450.0,2.0,0.8843249333333334,0.92288329,0.92288329,0.92288329,0.0,0.0,0.0448741065,0.016844104999999998,0.158724485,-2.43191035,0.0445921715,-9.4897185,16.01477528846154,24.895858615384615,101132.7798076923,0.21142281437500002,-0.11512733877083334,-0.0479404269375,-0.96940419375,33.2547412,30.3153232,-15.02355245,-2.505884625,-1.11508822,0.022285020200000002,-0.11604174782608695,0.17005791652173913,0.5081971304347827,4749.407324218543,5735.1787109382485,4738.066772461871,5739.094018553747,"1,1,60",1
1862,110948000,115.55800000000133,-0.03331339640384615,-0.0459753185,0.016950648903846153,0.3797471796153846,1376.0,1413.0,1318.46,1410.46,123450.0,2.0,0.8841770166666667,0.922784665,0.922784665,0.922784665,0.0,0.0,0.03450692585714286,0.007913437714285715,0.1570504357142857,-2.3666685000000003,-0.03916213442857143,-9.387153714285715,16.02885916981132,24.895870603773584,101132.61226415094,0.21536235,-0.11486282641509435,-0.04842994086792453,-0.9685431188679245,33.1303159,30.25994325,-15.02220385,-2.497482835,-1.13602611,0.0238242463,-0.11408407791666667,0.17126869,0.5074376333333334,4744.775927734306,5739.373437499743,4748.231103515543,5731.098095703379,"1,1,60",1
1863,110998000,115.60800000000133,-0.0335969074375,-0.0459378311875,0.0164080530625,0.38023227437499996,1376.0,1413.0,1319.46,1411.46,123450.0,2.0,0.8840291,0.92268604,0.92268604,0.92268604,0.0,0.0,0.054860998,0.0138483355,0.15259922,-2.352303,0.06584072,-9.494207,16.01358074509804,24.895883686274512,101132.78788235295,0.2193408785106383,-0.11461068617021276,-0.049005692212765954,-0.9676513510638298,33.0061729,30.20384075,-15.02044935,-2.4894328850000003,-1.15671341,0.025433145299999998,-0.11176019,0.17416278,0.5076353,4759.781665039066,5734.629492187647,4739.466772461705,5743.449999999602,"1,1,60",1
1864,111048000,115.65800000000132,-0.032905004693877554,-0.045873644836734694,0.016501148387755103,0.3808727532653061,1376.23,1413.0,1320.23,1412.46,123450.0,2.0,0.8838778211538462,0.9225852034615385,0.9225852034615385,0.9225852034615385,0.0,0.0,0.036751513,0.010652773875,0.16038892,-2.3810341,-0.032920110749999995,-9.51246325,16.015305094339624,24.895896622641512,101132.75950943396,0.22331567387755102,-0.11435613163265307,-0.049568020816326525,-0.9667429979591837,32.8821685,30.1468734,-15.01834835,-2.47963178,-1.177644765,0.02637536185,-0.1106441171,0.17647050449999999,0.5071035644999999,4755.918872070457,5741.934179687539,4762.736279297158,5746.582495117809,"1,1,60",1
1865,111098000,115.70800000000132,-0.033245402588235294,-0.04596237394117647,0.01602334523529412,0.38151186294117645,1376.73,1413.0,1320.73,1413.46,123450.0,2.0,0.8837265423076923,0.9224843669230769,0.9224843669230769,0.9224843669230769,0.0,0.0,0.040480033,0.015179976,0.1563276,-2.4145525,0.039504495,-9.619902,16.03871235294118,24.895909117647058,101132.48294117647,0.22730207215686274,-0.11413909901960785,-0.04988498235294118,-0.9658227,32.7582235,30.089535400000003,-15.016098849999999,-2.4690801799999997,-1.198680715,0.02703185735,-0.1096567408,0.178333936,0.50739988,4760.3928865133075,5746.15792043577,4748.96124588841,5757.221782483479,"1,1,60",1
1866,111148000,115.75800000000132,-0.032969239306122444,-0.045731938775510204,0.01591025595918367,0.3816790144897959,1377.0,1413.4554455445545,1321.2277227722773,1413.5445544554455,123450.0,2.0,0.8835762951851852,0.9223842148148148,0.9223842148148148,0.9223842148148148,0.0,0.0,0.018760380666666666,0.0019826171666666665,0.15253995666666667,-2.4109611777777777,0.06012123666666666,-9.684545333333334,16.038957698113208,24.895920773584905,101132.49716981132,0.23121291301886793,-0.11402049301886792,-0.050098086226415095,-0.9648969701886793,32.63548587155963,30.030722211009174,-15.014853403669724,-2.458315718348624,-1.2187709678899084,0.02500971866055046,-0.10959100150000001,0.17940852799999998,0.506008159,4755.784912109323,5750.944409179841,4767.355468750142,5744.921264647704,"1,1,60",1
1867,111198000,115.80800000000133,-0.03207106876923077,-0.04556289723076923,0.016491698615384614,0.38168579923076923,1377.0,1414.4455445544554,1321.7227722772277,1412.5544554455446,123450.0,2.0,0.8834261377777778,0.9222841222222222,0.9222841222222222,0.9222841222222222,0.0,0.0,0.032357359749999995,-0.00039932497499999995,0.154330205,-2.4115596750000003,-0.031423728250000005,-9.582793,16.055857538461538,24.895931615384615,101132.3076923077,0.23506425666666667,-0.11401975,-0.05027100566666667,-0.9639574000000001,32.513265688073396,29.97127679816514,-15.014038266055046,-2.4474600302752294,-1.2384559220183486,0.021839593889908256,-0.108343176,0.18066244,0.504962822,4759.756738281173,5743.7263671875535,4751.462011718474,5752.655273438036,"1,1,60",1
1868,111248000,115.85800000000133,-0.03144690073076923,-0.045200568846153845,0.01625335469230769,0.38192275230769235,1377.6947368421052,1414.536842105263,1321.3052631578948,1412.6947368421052,123450.0,2.0,0.883293714953271,0.9221958373831776,0.9221958373831776,0.9221958373831776,0.0,0.0,0.0178431125,-0.00479357675,0.15499601000000002,-2.4253267999999997,0.0323218965,-9.5420915,16.050259307692308,24.895943499999998,101132.36115384616,0.2389477919230769,-0.11402326153846154,-0.050553271615384615,-0.962986616923077,32.39147714285714,29.910505,-15.013026142857143,-2.436480242857143,-1.2581060142857143,0.019918582571428572,-0.10548236804347827,0.18208358608695652,0.506072104347826,4754.8906506991025,5757.863409745248,4773.228952508515,5731.0923108546585,"1,1,60",1
1869,111298000,115.90800000000132,-0.03433501958139535,-0.04557010930232558,0.01657919141860465,0.3820254065116279,1379.2736842105264,1413.4842105263158,1319.7263157894736,1414.2736842105264,123450.0,2.0,0.8831668925233646,0.9221112813084111,0.9221112813084111,0.9221112813084111,0.0,0.0,0.06285056124999999,0.009387954,0.1563941325,-2.398990175,0.007781320999999999,-9.616610999999999,16.02435117647059,24.8959551372549,101132.64960784314,0.24284863574468085,-0.11399596829787234,-0.051028249170212765,-0.9619886621276595,32.27008703296703,29.848508846153848,-15.011832186813187,-2.425385902197802,-1.2777239263736264,0.019150599054945053,-0.10670181,0.18397462478260868,0.5056074652173913,4765.022460937838,5744.711132812122,4753.1957519526795,5751.717333984858,"1,1,60",1
1870,111348000,115.95800000000133,-0.034206444358490566,-0.0456842878490566,0.01674599375471698,0.3824019835849057,1379.7403846153845,1413.2596153846155,1319.2596153846155,1415.2596153846155,123450.0,2.0,0.883023929423077,0.9220159517307692,0.9220159517307692,0.9220159517307692,0.0,0.0,0.052031325625,0.0089547966875,0.15749277875,-2.3783401250000002,0.015263202962499998,-9.477297125,16.014685,24.89596511320755,101132.79132075472,0.2468048769387755,-0.1137347618367347,-0.05184298795918367,-0.9609683869387755,32.14954365,29.7846473,-15.01041945,-2.41444804,-1.2977513299999999,0.01864854765,-0.10286558775,0.187740425,0.503742015,4765.25341796875,5742.0546875,4760.03515625,5754.61572265625,"1,1,60",1
1871,111398000,116.00800000000133,-0.0335679404117647,-0.04593333094117647,0.01645212288235294,0.38266547705882353,1379.2596153846155,1413.7403846153845,1319.7403846153845,1415.7403846153845,123450.0,2.0,0.8828710736538461,0.9219140190384615,0.9219140190384615,0.9219140190384615,0.0,0.0,0.046605214,0.004793775,0.15526234,-2.3810337,1.6535e-07,-9.473858,16.013580294117645,24.89597535294118,101132.82470588236,0.2507396456862745,-0.11351291274509803,-0.052422760980392155,-0.9599438988235294,32.02936315,29.7199863,-15.008912950000001,-2.40357724,-1.31795423,0.018260467149999998,-0.10303250913043478,0.18877285695652174,0.504467215652174,4766.964501952999,5746.854614257726,4759.109545898416,5749.877685547119,"1,1,60",1
1872,111448000,116.05800000000133,-0.03392222309615385,-0.04623998973076923,0.01634873342307692,0.38290740903846154,1379.4554455445545,1414.2277227722773,1319.5445544554455,1415.7722772277227,123450.0,2.0,0.8827112859633027,0.9218074996330275,0.9218074996330275,0.9218074996330275,0.0,0.0,0.04207791325,0.009787316125,0.1588575575,-2.4286187000000004,0.044592176250000004,-9.532815,16.000058269230767,24.895984903846156,101132.96057692307,0.2546557596153846,-0.11326252128846154,-0.05290449942307693,-0.9589155423076923,31.910340826923075,29.654304201923075,-15.00749648076923,-2.3926112548076923,-1.3385126721153846,0.016704500740384615,-0.0998910972,0.189602624,0.5038453575,4762.047021484176,5754.106738281325,4769.380444336309,5750.472314453112,"1,1,60",1
1873,111498000,116.10800000000133,-0.03441759757142857,-0.046159439142857146,0.01676649142857143,0.38299847,1380.4455445544554,1414.7227722772277,1318.5544554455446,1415.2772277227723,123450.0,2.0,0.8825455933027523,0.9216970730275229,0.9216970730275229,0.9216970730275229,0.0,0.0,0.0436758545,0.009853758,0.15739283999999998,-2.39899015,0.012569725500000004,-9.527726,15.970353365384614,24.89599373076923,101133.32346153847,0.2585610228571429,-0.11292174673469388,-0.05339117448979592,-0.9578834118367346,31.791814865384616,29.588184490384613,-15.006118596153845,-2.3816044759615385,-1.359223489423077,0.014648011798076923,-0.10075883,0.19276904,0.50291467,4763.997167968855,5752.324999999563,4757.576171874747,5755.174511719176,"1,1,60",1
1874,111548000,116.15800000000132,-0.0348313387254902,-0.045497892,0.017354456274509805,0.38312122764705886,1381.0,1415.0,1318.66,1415.44,123450.0,2.0,0.8823845894230768,0.9215897423076923,0.9215897423076923,0.9215897423076923,0.0,0.0,0.047737248499999996,0.0014978445124999998,0.15166704125,-2.3868698999999998,-0.014514682624999997,-9.53356325,16.00219452830189,24.896003188679245,101132.94698113207,0.26242850425531916,-0.11263403570212767,-0.05394417723404255,-0.9568341417021277,31.673468857142858,29.521251514285712,-15.004631047619048,-2.3705963199999998,-1.3796826704761904,0.013388207733333334,-0.10093200000000001,0.1923909175,0.5021599649999999,4770.250317382776,5751.401464843863,4757.459838868285,5750.298437499233,"1,1,60",1
1875,111598000,116.20800000000133,-0.03414799714285714,-0.04503403971428571,0.016855448571428573,0.3835605185714286,1381.0,1415.0,1320.16,1416.44,123450.0,2.0,0.8822319211538461,0.9214879153846154,0.9214879153846154,0.9214879153846154,0.0,0.0,0.035724306571428575,0.0018263153285714285,0.15450141285714286,-2.347344057142857,0.04959435028571428,-9.561074142857143,15.981451764705882,24.89601162745098,101133.19392156863,0.26627884679245284,-0.11249195909433962,-0.05440745896226415,-0.9557596875471698,31.555233142857144,29.453820085714284,-15.003076285714286,-2.3595873199999997,-1.3999876228571428,0.0126166944,-0.09721771847826087,0.1965314213043478,0.5021262104347826,4771.969866071384,5750.784946986137,4764.337123325795,5747.721470425061,"1,1,60",1
1876,111648000,116.25800000000133,-0.03391166745098039,-0.04548081380392157,0.016657401294117646,0.38392593666666663,1381.2315789473685,1415.463157894737,1321.0,1416.7684210526315,123450.0,2.0,0.8820800654205607,0.9213866523364486,0.9213866523364486,0.9213866523364486,0.0,0.0,0.037994399888888884,0.0076343677777777775,0.15484803555555557,-2.3405980888888887,0.042829776,-9.536637222222222,15.98010451923077,24.89601946153846,101133.20480769231,0.27014121647058825,-0.11235344235294117,-0.054743332411764704,-0.9546726964705883,31.437860571428573,29.384955,-15.002073428571428,-2.3484392285714284,-1.4204611142857142,0.011762145142857143,-0.0975007294,0.197924628,0.500136846,4771.40518043137,5748.024390811011,4759.694545201158,5756.243838355444,"1,1,60",1
1877,111698000,116.30800000000133,-0.03305580318181818,-0.045429701795454545,0.017211343045454547,0.3841894972727273,1381.7578947368422,1416.5157894736842,1321.0,1416.2421052631578,123450.0,2.0,0.8819302990654205,0.9212868392523365,0.9212868392523365,0.9212868392523365,0.0,0.0,0.017676662125,0.01148498175,0.15556192625,-2.40482615,-0.025887145125000004,-9.523537125,16.027596250000002,24.896027096153848,101132.64365384616,0.2739567427083333,-0.11214153541666667,-0.054904201770833334,-0.9536007375,31.321284747252747,29.31476653846154,-15.001580021978022,-2.337162745054945,-1.4410901802197802,0.010830947340659342,-0.0958650025,0.2003088275,0.5017252375000001,4766.4077636722495,5758.438964843887,4770.504492186891,5744.905297851707,"1,1,60",1
1878,111748000,116.35800000000134,-0.03327808053571429,-0.045589565017857145,0.016981290714285713,0.38413545857142856,1382.0,1416.4807692307693,1321.0,1416.2596153846155,123450.0,2.0,0.8817801883653846,0.9211867913461539,0.9211867913461539,0.9211867913461539,0.0,0.0,0.04494074275,0.017044432249999998,0.1569268075,-2.360384025,-0.0014962083750000004,-9.62828275,15.968908749999999,24.896031903846154,101133.32634615384,0.2777823583333333,-0.11180673291666667,-0.05506403289583333,-0.9525232041666667,31.20556595,29.2430601,-15.00116845,-2.32599727,-1.46111055,0.008998636075,-0.0947777065,0.20064828499999998,0.5003191375,4763.757812499646,5759.362768554792,4762.555126953438,5756.602075195518,"1,1,60",1
1879,111798000,116.40800000000134,-0.033765121749999995,-0.0453735645625,0.016561718000000003,0.3840957,1382.0,1415.5192307692307,1321.0,1416.7403846153845,123450.0,2.0,0.8816279624038461,0.9210853009615385,0.9210853009615385,0.9210853009615385,0.0,0.0,0.03890655890909091,0.008425412781818183,0.15872434545454545,-2.3710214818181816,-0.0021763800909090913,-9.546009181818182,16.029356875,24.89603725,101132.6225,0.2816841505769231,-0.11138873269230769,-0.05548703180769231,-0.9514007317307692,31.09021445,29.1707031,-15.00079195,-2.31487937,-1.48087005,0.006780133325,-0.09199886173913044,0.20235733217391302,0.5003851365217391,4759.712988281931,5753.409374999522,4765.320971679331,5754.678686523546,"1,1,60",1
1880,111848000,116.45800000000133,-0.03445043273469388,-0.04522597591836735,0.016853199265306124,0.38413361591836737,1382.0,1415.46,1321.0,1416.77,123450.0,2.0,0.8814760654128441,0.9209840312844036,0.9209840312844036,0.9209840312844036,0.0,0.0,0.046638598,0.0003992154,0.14913706,-2.3226748625,-0.0067335251250000006,-9.620949374999999,15.976041538461539,24.896042961538463,101133.27249999999,0.2855406224489796,-0.1111012624489796,-0.0560798836122449,-0.9502497291836735,30.975939643564356,29.096587485148515,-15.000575386138614,-2.3028129900990097,-1.500311815841584,0.006026288762376238,-0.0906911257,0.20457003,0.50029617,4776.2596435549285,5745.4606689453385,4749.287744140315,5750.801342773038,"1,1,60",1
1881,111898000,116.50800000000133,-0.033750137411764705,-0.045532577176470586,0.017256301529411766,0.3843859988235294,1382.0,1416.46,1321.0,1416.27,123450.0,2.0,0.881329322293578,0.9208862193577981,0.9208862193577981,0.9208862193577981,0.0,0.0,0.035153644,0.013582109249999998,0.155794955,-2.4450785,-0.0436940225,-9.442732249999999,15.944880094339622,24.896048641509434,101133.63500000001,0.28931953529411764,-0.11082404588235294,-0.056603848098039214,-0.9491071033333334,30.862126277227723,29.02171817821782,-15.000427366336634,-2.2903401188118813,-1.51961740990099,0.005900154851485148,-0.090565376,0.20754981,0.4996831,4763.13427734375,5753.64013671875,4762.46826171875,5741.2822265625,"1,1,60",1
1882,111948000,116.55800000000133,-0.03376868555769231,-0.04529606088461539,0.017240011,0.38488218673076924,1382.2277227722773,1416.7722772277227,1321.4554455445545,1416.0,123450.0,2.0,0.881182579174312,0.9207884074311926,0.9207884074311926,0.9207884074311926,0.0,0.0,0.048336502,0.01138507125,0.15852463,-2.36966125,-0.031124458,-9.426272,16.008183499999998,24.896052192307693,101132.8728846154,0.293146429375,-0.11049359520833334,-0.05702528820833333,-0.9479455447916667,30.74871740740741,28.945804222222222,-14.999902425925926,-2.2778380018518516,-1.5386387944444444,0.00591460617037037,-0.089243676,0.20637702666666666,0.49931412,4766.439965820505,5751.4864501947495,4749.944042968636,5767.085742188135,"1,1,60",1
1883,111998000,116.60800000000134,-0.03353962528571429,-0.04418633285714286,0.016780652285714286,0.3851173885714286,1382.7227722772277,1416.2772277227723,1322.4455445544554,1416.0,123450.0,2.0,0.8810314426923077,0.9206876503846153,0.9206876503846153,0.9206876503846153,0.0,0.0,0.02969418275,-0.008921772575,0.1529320625,-2.3720558499999997,-0.016160696250000002,-9.560048125,16.030150588235294,24.896055823529412,101132.61235294119,0.2969958432075472,-0.11040245520754717,-0.05747736067924528,-0.9467295879245283,30.63549888888889,28.869398666666665,-14.999200111111112,-2.265322122222222,-1.5575264333333334,0.005995215244444445,-0.085559645,0.20848190049999998,0.498048389,4772.990513392543,5753.363909039861,4773.5770786833245,5739.137416294654,"1,1,60",1
1884,112048000,116.65800000000134,-0.034007339125,-0.04450332083333333,0.0166083555,0.38510936958333336,1383.0,1416.22,1322.78,1416.22,123450.0,2.0,0.8808797071153847,0.9205864917307692,0.9205864917307692,0.9205864917307692,0.0,0.0,0.03741749725,0.006724798675,0.1585912125,-2.38163225,0.036811024,-9.575609625,15.97916212264151,24.896058981132075,101133.2408490566,0.30083216615384617,-0.110365352,-0.05784168876923077,-0.9454997369230769,30.522950285714288,28.791986285714284,-14.998569857142858,-2.2523707285714285,-1.5766771857142858,0.0046916609714285715,-0.08386533313043479,0.21058932565217392,0.4998094773913044,4769.449381510462,5746.8022925966325,4762.451474143721,5758.93952287991,"1,1,60",1
1885,112098000,116.70800000000133,-0.03389812923076923,-0.04513470446153846,0.016706359692307694,0.3850898376923077,1383.0,1416.72,1322.28,1416.72,123450.0,2.0,0.8807313338317757,0.9204875609345794,0.9204875609345794,0.9204875609345794,0.0,0.0,0.0372843795,0.0113847915,0.158191745,-2.44866995,0.029329137249999998,-9.5232365,15.944812166666667,24.896061882352942,101133.64284313726,0.3047213346153846,-0.11002481923076923,-0.05825598153846154,-0.9442679415384616,30.411020065934068,28.71364452747253,-14.998006120879122,-2.239017321978022,-1.5960708120879121,0.0021104174549450546,-0.08232539043478261,0.21317030869565218,0.49884891086956523,4761.791852678706,5751.811802455476,4766.468470981966,5747.121721539997,"1,1,60",1
1886,112148000,116.75800000000135,-0.035330860862745096,-0.0456454494117647,0.01706555237254902,0.385126338627451,1383.0,1416.7777777777778,1322.2222222222222,1417.0,123450.0,2.0,0.8805838011214954,0.9203891871028037,0.9203891871028037,0.9203891871028037,0.0,0.0,0.04029010285714286,0.005250349028571429,0.15575680714285714,-2.3935177999999997,0.033347975714285716,-9.588093714285714,15.95355971153846,24.896065384615383,101133.50423076923,0.3085562820930232,-0.10970927162790697,-0.0586432056744186,-0.9430351293023256,30.299428425742576,28.634556108910893,-14.998076108910892,-2.2257227158415844,-1.6146318455445545,0.0011146727059405939,-0.08293490478260869,0.2135750295652174,0.49813340695652175,4766.458804482074,5747.376824629478,4752.445235402859,5756.033151727146,"1,1,60",1
1887,112198000,116.80800000000134,-0.0353773601875,-0.045369528625,0.0168000811875,0.3853490625,1383.0,1416.2727272727273,1322.7272727272727,1417.0,123450.0,2.0,0.8804333993269231,0.9202889181730769,0.9202889181730769,0.9202889181730769,0.0,0.0,0.024634371999999998,0.007390046799999999,0.1590572975,-2.3777417749999996,-0.02394185375,-9.50318525,15.994647410714286,24.896068035714286,101133.02544642857,0.3124006448076923,-0.10952639067307691,-0.058965605692307695,-0.9417689180769231,30.18798189108911,28.55514769306931,-14.998417693069307,-2.21245330990099,-1.6328360534653465,0.0007984274287128712,-0.08042827952380953,0.21642123428571428,0.49741540142857144,4759.370312499963,5747.357275390642,4766.06467285181,5753.754003906106,"1,1,60",1
1888,112248000,116.85800000000134,-0.034886727346938776,-0.044995494,0.016653908530612244,0.3854040167346939,1382.7722772277227,1416.2277227722773,1323.2277227722773,1416.5445544554455,123450.0,2.0,0.8802815195192308,0.9201876729807692,0.9201876729807692,0.9201876729807692,0.0,0.0,0.027430573,0.0043941564,0.15433019,-2.4031801,-0.038307059500000004,-9.645040999999999,15.991475754716982,24.896069433962264,101133.08449056603,0.3162081667346939,-0.10945241214285714,-0.05915566153061225,-0.9404943279591836,30.076928092592592,28.474469055555556,-14.998345037037037,-2.1999753851851853,-1.6504500814814815,-0.00033732115222222226,-0.07836678325,0.2171187665,0.49671075,4762.866570723725,5743.045333058908,4760.691663239903,5754.095600329077,"1,1,60",1
1889,112298000,116.90800000000134,-0.03397810246153846,-0.04489723861538461,0.01693004046153846,0.38521385230769234,1382.2772277227723,1416.7227722772277,1323.7227722772277,1415.5544554455446,123450.0,2.0,0.8801296086666667,0.9200863904761905,0.9200863904761905,0.9200863904761905,0.0,0.0,0.02263671,0.0063917707,0.15579496,-2.3355439,0.076614626,-9.538502,15.967012692307692,24.89607076923077,101133.37984615384,0.3199868728571429,-0.10940617678571428,-0.05928447071428571,-0.9392122335714286,29.96605911111111,28.393192666666668,-14.998077444444444,-2.187869922222222,-1.6677863777777777,-0.0018587183466666664,-0.0765696948,0.217255834,0.497056952,4751.4237304684675,5749.220312500028,4773.84599609391,5727.064550781242,"1,1,60",1
1890,112348000,116.95800000000133,-0.03426312733333333,-0.04509131983333333,0.017410785625,0.38529377625,1382.4444444444443,1417.0,1323.7777777777778,1415.2222222222222,123450.0,2.0,0.8799776753333334,0.919985080952381,0.919985080952381,0.919985080952381,0.0,0.0,0.0521444116,0.0176833932,0.158085326,-2.41407376,-0.0339974956,-9.5305997,15.989404230769232,24.896072,101133.11923076923,0.32377326791666666,-0.1091827155,-0.05956295016666667,-0.9379227916666667,29.85593142857143,28.31137457142857,-14.997750142857143,-2.175136985714286,-1.6849336285714285,-0.0031314923142857142,-0.07479045428571429,0.21876363857142858,0.4943719971428571,4755.805222284445,5745.864188057515,4752.655598957634,5742.354399182389,"1,1,60",1
1891,112398000,117.00800000000135,-0.03528081611764706,-0.04519341211764706,0.017531558235294117,0.38547209529411763,1383.4545454545455,1417.0,1323.2727272727273,1415.7272727272727,123450.0,2.0,0.879826663076923,0.9198844138461538,0.9198844138461538,0.9198844138461538,0.0,0.0,0.0641824275,0.011052034375,0.1557282725,-2.4304141,0.02214653475,-9.5190465,15.990381470588236,24.89607262745098,101133.09,0.32757960468085107,-0.10858390340425532,-0.06036930125531915,-0.9366180770212766,29.74648802197802,28.229056439560438,-14.997367725274726,-2.161824842857143,-1.7019063758241757,-0.004174767918681319,-0.0760427035,0.2220000315,0.49491999999999997,4760.074365234211,5747.4850097657045,4745.366870117669,5743.144750976033,"1,1,60",1
1892,112448000,117.05800000000134,-0.03526629355102041,-0.04520954069387755,0.01745409063265306,0.38550907102040816,1384.0,1417.2277227722773,1323.2277227722773,1416.0,123450.0,2.0,0.8796766486538461,0.9197844426923076,0.9197844426923076,0.9197844426923076,0.0,0.0,0.0581900485,0.0097203665,0.16165390000000002,-2.39899015,0.0023943674499999996,-9.52054425,16.012736132075474,24.896074566037736,101132.81358490567,0.33137864754716984,-0.10809283547169811,-0.06118134716981132,-0.9352841928301887,29.6383423853211,28.145555220183486,-14.997660798165137,-2.1482542045871558,-1.718404796330275,-0.00465723755412844,-0.07365672904761905,0.22219738476190476,0.4937144580952381,4757.613427734135,5739.675634765008,4746.527294921678,5747.316601563277,"1,1,60",1
1893,112498000,117.10800000000134,-0.03517892092307692,-0.045221267538461535,0.017542979153846155,0.38561134,1384.0,1417.7227722772277,1323.7227722772277,1416.0,123450.0,2.0,0.879527884859813,0.9196852899065421,0.9196852899065421,0.9196852899065421,0.0,0.0,0.04420869,0.00026607106,0.15659384,-2.3846254,0.06584071,-9.528925,15.987237307692308,24.896076461538463,101133.10153846155,0.3351957676923077,-0.10776696,-0.061871126923076926,-0.9339155600000001,29.530752935779816,28.061546963302753,-14.998243366972478,-2.1345727825688074,-1.734699933944954,-0.004899361774311927,-0.071468184,0.225901728,0.49457338,4754.156933593565,5740.886523437733,4754.4065429692655,5737.584765624314,"1,1,60",1
1894,112548000,117.15800000000135,-0.034950936843137256,-0.04491415929411765,0.01721045543137255,0.3862071494117647,1384.2222222222222,1418.2222222222222,1324.0,1416.6666666666667,123450.0,2.0,0.8793809970093458,0.9195873646728971,0.9195873646728971,0.9195873646728971,0.0,0.0,0.04827952171428572,0.0030817259428571426,0.15530026142857142,-2.4273783714285715,0.011800157999999998,-9.344397857142857,15.96755088235294,24.896078784313726,101133.3368627451,0.33898389488372094,-0.1075982661627907,-0.06243771253488372,-0.9325295846511628,29.42416657142857,27.976343,-14.998113,-2.119896128571429,-1.7508597142857143,-0.0033712035314285714,-0.0702560475,0.22656859499999998,0.49367294,4759.727978515936,5745.032226562515,4755.384179687113,5737.396362304992,"1,1,60",1
1895,112598000,117.20800000000135,-0.03589603025,-0.04539204425,0.0170116064375,0.38689645875,1384.7272727272727,1418.7272727272727,1324.0,1418.1818181818182,123450.0,2.0,0.8792384133333333,0.9194923047619048,0.9194923047619048,0.9194923047619048,0.0,0.0,0.05166535925,0.013249288750000001,0.15239941,-2.4160489000000003,0.0347160975,-9.471162625,15.999714150943396,24.89608233962264,101132.98566037737,0.34276458875,-0.10729386937499999,-0.06310801125,-0.9311353,29.318506131868133,27.890035307692305,-14.997324538461537,-2.104300798901099,-1.7668945494505495,-0.00020893839956043908,-0.06946783999999999,0.2276753085,0.493094098,4769.116381835636,5752.032983398467,4753.383984375788,5758.31120605412,"1,1,60",1
1896,112648000,117.25800000000135,-0.03541244546938776,-0.045182955510204084,0.017321286448979595,0.38698599591836735,1385.2211538461538,1419.0,1324.4423076923076,1418.3365384615386,123450.0,2.0,0.87910808,0.9194054,0.9194054,0.9194054,0.0,0.0,0.0336891265,-0.002663219,0.154862805,-2.3965959000000003,-0.004189689499999996,-9.5331135,15.973454363636362,24.896084218181816,101133.32007272726,0.34653421333333334,-0.10706958666666666,-0.063661342,-0.9297282133333333,29.214376302752292,27.80263194495413,-14.996274972477064,-2.089332713761468,-1.78309123853211,0.0001153944620183486,-0.0662356765,0.22929995333333333,0.49242677416666664,4766.302117598904,5748.932462993273,4764.029630962484,5753.5983758221455,"1,1,60",1
1897,112698000,117.30800000000134,-0.034850065818181813,-0.04436438116363636,0.017534784654545454,0.3871257454545455,1385.701923076923,1419.0,1325.4038461538462,1416.8942307692307,123450.0,2.0,0.8789709603883494,0.9193139735922331,0.9193139735922331,0.9193139735922331,0.0,0.0,0.03462110725,-0.002796438375,0.1593901825,-2.4145526,0.017657404499999998,-9.5498725,15.982271442307693,24.896086,101133.18403846154,0.3502759901960784,-0.10711444490196079,-0.06402330639215686,-0.9282943576470588,29.110902449541285,27.714759009174312,-14.995113504587156,-2.074633447706422,-1.7993572935779816,-0.0007765293636697247,-0.062415194,0.23096794666666667,0.49321442666666665,4766.374229029241,5740.2906301399635,4763.47093441717,5752.87135073928,"1,1,60",1
1898,112748000,117.35800000000134,-0.034123888,-0.044245225020833334,0.017351337666666668,0.387477855,1385.8020833333333,1419.0,1326.1979166666667,1416.3958333333333,123450.0,2.0,0.8787982128155339,0.9191988085436894,0.9191988085436894,0.9191988085436894,0.0,0.0,0.017543527375,-0.0052596200625,0.15696011125,-2.384924275,0.025288925624999996,-9.479094875,16.004843557692308,24.896086,101132.88596153847,0.35397858416666667,-0.10720997029166666,-0.06423465791666666,-0.9268634333333333,29.007845,27.625790857142857,-14.994366857142856,-2.0599658,-1.8162249142857143,-0.0016855067999999999,-0.064651685,0.23401104250000002,0.491333564,4766.343945312601,5753.670043945477,4776.784692382888,5742.732275391093,"1,1,60",1
1899,112798000,117.40800000000135,-0.034558702499999996,-0.0447444601875,0.01700585375,0.387793095625,1385.28125,1419.0,1326.71875,1417.4375,123450.0,2.0,0.8786276828571429,0.9190851209523809,0.9190851209523809,0.9190851209523809,0.0,0.0,0.038282823875,0.006724490075000001,0.15609457875,-2.3822312,0.054318621250000004,-9.52323775,16.02299153846154,24.896087884615383,101132.66326923076,0.35768137576923076,-0.10713299357692307,-0.0644498101923077,-0.9254342557692308,28.90517192307692,27.53581173626374,-14.99400312087912,-2.0453273384615387,-1.8336478263736264,-0.0026102260307692307,-0.06132613925,0.2354430775,0.49222162999999997,4768.705175780892,5749.086450195397,4764.151269531614,5755.3152832029355,"1,1,60",1
1900,112848000,117.45800000000135,-0.03431049040384615,-0.04449199878846154,0.017047708903846152,0.3878305273076923,1385.2395833333333,1419.2395833333333,1326.7604166666667,1417.7604166666667,123450.0,2.0,0.8784771114285714,0.9189847304761904,0.9189847304761904,0.9189847304761904,0.0,0.0,0.032756800125,0.011118777125,0.15359785625,-2.412906575,0.010474796625,-9.517102875,15.968908749999999,24.896088,101133.32788461538,0.36144039895833335,-0.106830922625,-0.06483100070833334,-0.923981225,28.803558,27.44441135,-14.994363349999999,-2.030235775,-1.850514405,-0.00381478858,-0.059191939000000006,0.23527433150000002,0.492210194,4764.224755859211,5758.301098633209,4770.199169921601,5739.966796874856,"1,1,60",1
1901,112898000,117.50800000000135,-0.03485080329545454,-0.04454989102272727,0.01753011215909091,0.3878278922727273,1385.7604166666667,1419.7604166666667,1326.2395833333333,1417.2395833333333,123450.0,2.0,0.87832654,0.91888434,0.91888434,0.91888434,0.0,0.0,0.057790609,0.009321073,0.15512914,-2.40138435,0.026336387500000003,-9.613918,16.000767678571428,24.896088,101132.95803571428,0.36518948980769234,-0.1064311395,-0.065353093,-0.9225148788461538,28.702398,27.35240185,-14.995033849999999,-2.014950025,-1.867142555,-0.00513928398,-0.059140012608695655,0.23726063869565217,0.4902807147826087,4770.4949951170065,5748.8747314454495,4757.655786132979,5752.955395507365,"1,1,60",1
1902,112948000,117.55800000000136,-0.03505628852631579,-0.04469591247368421,0.017592827368421052,0.3879015210526316,1386.0,1419.7326732673268,1325.7326732673268,1417.5346534653465,123450.0,2.0,0.8781771942056075,0.9187847885981308,0.9187847885981308,0.9187847885981308,0.0,0.0,0.046871625,0.006746677666666667,0.15606124,-2.3870192,0.053869702,-9.521740333333334,15.992715943396227,24.896088,101133.03396226416,0.36894482979591836,-0.10598152551020408,-0.06602419857142858,-0.921023687755102,28.602360504587157,27.258911981651377,-14.995799495412843,-1.999603533944954,-1.884602495412844,-0.005812670086238532,-0.0570663905,0.23985361,0.48898253,4767.336962890698,5749.855590820145,4766.082373047082,5741.704150390599,"1,1,60",1
1903,112998000,117.60800000000135,-0.03577952209090909,-0.04517507118181818,0.017307355,0.38785359090909094,1386.0,1419.2376237623762,1325.2376237623762,1418.5247524752476,123450.0,2.0,0.878027848411215,0.9186852371962616,0.9186852371962616,0.9186852371962616,0.0,0.0,0.05161674090909091,0.023992807545454544,0.15485076181818183,-2.4031256727272727,0.03950449223636363,-9.493989681818181,15.979886764705881,24.896088,101133.18470588236,0.37271357846153846,-0.10547296,-0.0665872776923077,-0.9195227,28.502804082568808,27.16478766972477,-14.996605917431193,-1.9842310110091743,-1.9024189174311927,-0.0062070093522935774,-0.05342197495652174,0.24077739869565218,0.4890735617391304,4765.38497488826,5746.900181361574,4748.923130579892,5756.153111049578,"1,1,60",1
1904,113048000,117.65800000000135,-0.03541400376363636,-0.04456775434545455,0.017564074127272726,0.38762407745454547,1385.7475728155339,1419.2524271844661,1325.0,1418.2427184466019,123450.0,2.0,0.8778947513461538,0.9185965048076923,0.9185965048076923,0.9185965048076923,0.0,0.0,0.031558405,0.01051937025,0.15912390999999998,-2.34691655,-0.064044735,-9.548677,15.996085576923077,24.896088,101132.98442307692,0.3764496791489362,-0.10500507157446809,-0.06701958531914894,-0.91802218,28.40400242857143,27.069729714285714,-14.997285,-1.9689788285714285,-1.9201920857142858,-0.0070055504285714285,-0.053880425999999995,0.2426306856521739,0.4889760204347826,4758.608012952361,5739.0339226971555,4756.746222245326,5743.973247326772,"1,1,60",1
1905,113098000,117.70800000000135,-0.0344043171875,-0.0442635644375,0.017854322625,0.38751013749999996,1385.2621359223301,1419.7378640776699,1325.0,1416.7864077669904,123450.0,2.0,0.8777642994230769,0.9185095336538461,0.9185095336538461,0.9185095336538461,0.0,0.0,0.02772102281818182,0.009756846836363636,0.1561338772727273,-2.368954127272727,0.0013060915454545467,-9.460471636363637,15.999335961538462,24.896088,101132.97788461538,0.38010910943396226,-0.10480602811320755,-0.06721939867924528,-0.9165207773584906,28.305897483516482,26.973809934065933,-14.99784653846154,-1.9538377296703298,-1.9379253274725274,-0.00817720086813187,-0.05234369391304348,0.24268549478260867,0.4891953152173913,4759.308569335914,5738.4144042972175,4747.773168944855,5742.324243164027,"1,1,60",1
1906,113148000,117.75800000000135,-0.03382049052830188,-0.0446775381509434,0.017920053283018867,0.3874666228301887,1385.46,1419.54,1324.77,1417.15,123450.0,2.0,0.8776045385321101,0.9184030256880734,0.9184030256880734,0.9184030256880734,0.0,0.0,0.020239925,0.018908697000000002,0.153131765,-2.3618805,0.010175522499999999,-9.478047499999999,15.998703942307692,24.896088,101132.98038461538,0.38371933125,-0.104526993125,-0.067272725,-0.9150436125,28.208887,26.876765666666667,-14.997907,-1.9383469666666666,-1.9548413333333334,-0.008341783333333333,-0.0499086048,0.245831373,0.486603793,4742.1605674339,5750.76780941636,4751.621839021114,5723.433336759592,"1,1,60",1
1907,113198000,117.80800000000136,-0.03651561046808511,-0.04487789719148936,0.017495620765957447,0.38770349978723406,1386.46,1418.54,1324.27,1419.65,123450.0,2.0,0.8774365110091743,0.9182910073394496,0.9182910073394496,0.9182910073394496,0.0,0.0,0.055227218499999994,0.0148139765,0.149003895,-2.3636761500000003,-0.027533158,-9.535209374999999,15.981149285714285,24.896088,101133.17303571428,0.38736944411764707,-0.10411021990196079,-0.06754243431372549,-0.9135315784313726,28.11234557142857,26.779239476190476,-14.997752714285713,-1.9227063476190476,-1.971407095238095,-0.008074765238095239,-0.0488309536,0.24526773999999998,0.48770915800000003,4758.532104492369,5742.336181640295,4734.757958984158,5740.993823242746,"1,1,60",1
1908,113248000,117.85800000000135,-0.03668739725,-0.04462916582692308,0.017186734903846153,0.38809771673076926,1387.23,1418.46,1324.0,1421.0,123450.0,2.0,0.8772800289719627,0.918186676635514,0.918186676635514,0.918186676635514,0.0,0.0,0.046765136,0.00468692638,0.159203776,-2.3539794,0.068474332,-9.4468026,15.975499807692307,24.896088,101133.25288461539,0.3910749173584906,-0.10370406783018868,-0.06810175509433962,-0.9119560083018868,28.01656068421053,26.680791736842107,-14.99717847368421,-1.9062281210526317,-1.9875340842105262,-0.0063690108631578955,-0.046395091666666666,0.24834744041666668,0.4850664970833333,4752.98525390596,5738.8198242187955,4749.872875977396,5738.644409179338,"1,1,60",1
1909,113298000,117.90800000000135,-0.035982251624999996,-0.044752458125,0.0176183099375,0.38862361624999997,1387.73,1419.46,1324.0,1421.0,123450.0,2.0,0.8771312439252337,0.9180874710280373,0.9180874710280373,0.9180874710280373,0.0,0.0,0.0332892665,0.004460946875,0.15978971250000001,-2.386719925,-0.05267227525,-9.4448255,15.996898173076923,24.89608880769231,101133.00326923077,0.3948106089361702,-0.10347201670212766,-0.06848298042553191,-0.9103433029787233,27.92128015789474,26.58172963157895,-14.996324263157893,-1.8891914894736843,-2.0033685578947367,-0.003704098968421052,-0.04412132913043478,0.2481085804347826,0.48621457,4757.849072265774,5737.01855468741,4757.492578124687,5748.352001953843,"1,1,60",1
1910,113348000,117.95800000000136,-0.03516608640384616,-0.04491514734615385,0.018000420596153848,0.3892340853846154,1388.2277227722773,1419.7722772277227,1324.6831683168316,1421.2277227722773,123450.0,2.0,0.8769807302857142,0.9179871333333333,0.9179871333333333,0.9179871333333333,0.0,0.0,0.030626558999999998,0.007656664075,0.1589907025,-2.40557425,-0.0278324305,-9.41340225,16.003611886792452,24.896090358490564,101132.9258490566,0.3985189125,-0.10329811645833333,-0.06871025604166667,-0.9087285658333333,27.82674957798165,26.481608660550457,-14.995979055045872,-1.8731260458715597,-2.0186556660550456,-0.0026048012073394493,-0.04233216647619048,0.2504229857142857,0.4867132690476191,4758.898591693924,5756.192331415267,4757.896381579944,5747.4534076882965,"1,1,60",1
1911,113398000,118.00800000000136,-0.03478412285714286,-0.044086208,0.017637017142857144,0.38965136,1388.7227722772277,1419.2772277227723,1326.1683168316831,1421.7227722772277,123450.0,2.0,0.8768281874285715,0.9178854666666666,0.9178854666666666,0.9178854666666666,0.0,0.0,0.032490530727272725,-0.0030989751454545455,0.1521149318181818,-2.3430530909090908,-0.011317879963636368,-9.491050909090909,15.993376923076921,24.896091,101133.07615384615,0.40217620894736844,-0.10321841305263157,-0.06896738789473685,-0.9071046552631579,27.732540403669724,26.381033889908256,-14.995851990825688,-1.8574768256880734,-2.033708188990826,-0.0021764809321100915,-0.040439310400000004,0.249818336,0.483578266,4768.094447544962,5754.390485490452,4770.123674665037,5739.625209263804,"1,1,60",1
1912,113448000,118.05800000000136,-0.036298994588235295,-0.04417828509803921,0.017481842705882353,0.38960240392156864,1389.22,1419.22,1326.56,1422.22,123450.0,2.0,0.8766775666666667,0.9177850666666667,0.9177850666666667,0.9177850666666667,0.0,0.0,0.051798545,0.0033288002,0.15899073,-2.3882163,0.04608855,-9.515756,15.979702647058824,24.896091549019605,101133.22607843137,0.4058627481395349,-0.10308571246511629,-0.06950642511627908,-0.9054362616279069,27.638906357894736,26.27973496842105,-14.995950010526316,-1.8420626778947369,-2.048880477894737,-0.0022321994336842103,-0.0393626816,0.254681968,0.485349341,4765.324424341617,5741.360223067561,4771.7413651321285,5738.261461759147,"1,1,60",1
1913,113498000,118.10800000000135,-0.03652739685714286,-0.044725954,0.017770200857142857,0.3896691057142857,1389.72,1419.72,1325.56,1422.72,123450.0,2.0,0.8765303629629629,0.9176869185185185,0.9176869185185185,0.9176869185185185,0.0,0.0,0.054328278,0.026098754,0.15046872,-2.367866,0.009576973,-9.446323,15.980756981132076,24.896093,101133.18849056604,0.4095741689473684,-0.1025303847368421,-0.07016865221052632,-0.9037740947368421,27.5458032,26.1777676,-14.9962558,-1.82686552,-2.06416332,-0.00273472296,-0.039599925,0.25267777,0.48268238,4766.304199218957,5752.872851562629,4749.632324218088,5744.31738281298,"1,1,60",1
1914,113548000,118.15800000000135,-0.03627473352941177,-0.044933326392156865,0.017785174980392157,0.38995105529411767,1390.2291666666667,1420.2291666666667,1325.2291666666667,1422.5416666666667,123450.0,2.0,0.8763818951923077,0.9175879317307692,0.9175879317307692,0.9175879317307692,0.0,0.0,0.056125670249999995,0.01837556875,0.155129335,-2.4073702,0.037708845500000004,-9.612422,15.957622692307693,24.896093,101133.4973076923,0.4132572527906977,-0.1018189076744186,-0.07078824474418605,-0.9021295581395349,27.454013152380952,26.075139333333333,-14.996656314285714,-1.8100593533333333,-2.078863017142857,-0.0032638325276190478,-0.03681905325,0.255226251,0.4837350855,4767.539697265511,5751.277587890938,4750.662524414582,5754.685253905721,"1,1,60",1
1915,113598000,118.20800000000136,-0.03543312266666667,-0.044382661866666666,0.018159458066666665,0.390060124,1390.75,1420.75,1325.75,1421.5,123450.0,2.0,0.8762283711538462,0.9174855903846153,0.9174855903846153,0.9174855903846153,0.0,0.0,0.03462103,0.0015982067,0.16112126,-2.3989906,0.064643614,-9.4559,15.942815384615384,24.896093307692308,101133.67538461539,0.4169139152631579,-0.10145969052631579,-0.07127167052631579,-0.9004466315789473,27.363027914285716,25.972106,-14.997114885714286,-1.7922670200000002,-2.0932053028571427,-0.003809236765714286,-0.03361424965,0.25710539649999997,0.481200757,4764.562779018328,5749.503138950761,4763.164202008375,5741.884905133978,"1,1,60",1
1916,113648000,118.25800000000136,-0.035911422,-0.044486042,0.018253687999999997,0.39008832000000004,1390.7570093457944,1421.0,1326.4859813084113,1421.2429906542056,123450.0,2.0,0.8760758661111111,0.9173839227777777,0.9173839227777777,0.9173839227777777,0.0,0.0,0.03968095581818182,0.004987097318181818,0.15976550818181817,-2.421735,-0.02949204709090909,-9.434460818181819,15.985962647058825,24.896095,101133.11176470589,0.42055285954545457,-0.10124561840909091,-0.07170879636363636,-0.8987434190909092,27.27336568,25.86830454,-14.99768678,-1.7750390340000002,-2.106970916,-0.003425740544,-0.03424677295652174,0.2575351773913044,0.48288825826086956,4767.406982421722,5741.14748535133,4750.367651366995,5754.505737304949,"1,1,60",1
1917,113698000,118.30800000000136,-0.03542845389090909,-0.044405025527272726,0.017976569327272728,0.39030024545454545,1390.2897196261683,1421.0,1327.4205607476636,1421.7102803738317,123450.0,2.0,0.8759308337037037,0.9172871959259259,0.9172871959259259,0.9172871959259259,0.0,0.0,0.036751721,-0.0026631193,0.16192020000000001,-2.366369525,-0.036511418500000004,-9.4274705,15.984920471698114,24.896095,101133.16132075472,0.42419782901960784,-0.10105580715686274,-0.07204999333333333,-0.8970221619607843,27.184924679999998,25.76379404,-14.99836328,-1.758331984,-2.120204216,-0.002184797744,-0.03011020185,0.2587744035,0.48107271949999997,4757.8470947266405,5745.002294921813,4761.064550781281,5747.034155273651,"1,1,60",1
1918,113748000,118.35800000000137,-0.03530716052083333,-0.043896872999999996,0.017712593,0.39066874354166664,1390.1979166666667,1421.1979166666667,1327.6041666666667,1422.0,123450.0,2.0,0.8757858012962964,0.9171904690740741,0.9171904690740741,0.9171904690740741,0.0,0.0,0.035686301250000003,-0.001664586175,0.15945679000000001,-2.39360325,0.007482047999999998,-9.4861285,16.013240384615386,24.896095,101132.80653846153,0.4278252996153846,-0.10098649453846155,-0.07237244980769231,-0.8952795865384615,27.09775497826087,25.65822102173913,-14.998805565217392,-1.7412654195652175,-2.1344662195652173,-0.0020700210782608696,-0.02749320742857143,0.2608382542857143,0.4820529604761905,4768.185986328369,5741.7852539060705,4759.785693359392,5754.413037109523,"1,1,60",1
1919,113798000,118.40800000000137,-0.035176884125,-0.0441029235,0.0179990385,0.3906379125,1390.71875,1421.71875,1326.5625,1422.0,123450.0,2.0,0.8756551538461539,0.9171033846153847,0.9171033846153847,0.9171033846153847,0.0,0.0,0.032224367500000003,-0.0013314422999999996,0.15752595,-2.39480035,-0.013167945,-9.5007915,15.977125,24.896095,101133.22,0.43142707354166665,-0.10086219279166667,-0.072721541,-0.8935354916666667,27.011758782608695,25.551667217391305,-14.999031652173914,-1.723866995652174,-2.1496777956521735,-0.0029947823826086957,-0.026578173,0.261064984,0.480855838,4764.547825863645,5746.7116313728275,4769.084061471734,5734.191406250516,"1,1,60",1
1920,113848000,118.45800000000136,-0.03581086095918367,-0.04426812397959184,0.018182100204081633,0.3904581155102041,1391.0,1421.77,1326.0,1421.77,123450.0,2.0,0.8755251057692308,0.9170167019230769,0.9170167019230769,0.9170167019230769,0.0,0.0,0.04307628925,0.01930764925,0.15492954,-2.393902525,0.004788569500000001,-9.50677775,15.967919117647059,24.896093039215685,101133.33764705883,0.43505411245283016,-0.10053794698113208,-0.07310795520754718,-0.8917796660377358,26.926739567567566,25.443782036036037,-14.999417045045046,-1.7067702531531532,-2.164825752252252,-0.0034785007423423424,-0.0251831655,0.26195509299999997,0.48092119,4761.670084635466,5739.671874999979,4748.937453496564,5750.4195033485,"1,1,60",1
1921,113898000,118.50800000000136,-0.03572217982352941,-0.043974551588235294,0.018231327882352943,0.39045384,1391.0,1421.27,1326.0,1421.27,123450.0,2.0,0.8753559653846155,0.9169039746153846,0.9169039746153846,0.9169039746153846,0.0,0.0,0.0319580628,0.0077230472,0.157872184,-2.3616406000000003,0.0043097278,-9.4719418,16.019822924528302,24.896093,101132.7436792453,0.43868808425531913,-0.10009173510638299,-0.07349197042553192,-0.8900168531914894,26.842180108108106,25.335270324324323,-14.999877405405405,-1.6898154783783783,-2.1799437702702704,-0.003754669481081081,-0.02213981952380952,0.2640520085714286,0.47919341904761903,4755.321648848721,5742.408048930572,4759.094263980129,5732.636076274953,"1,1,60",1
1922,113948000,118.55800000000136,-0.03594825286538462,-0.04404256065384615,0.018095819173076923,0.3906127555769231,1391.2211538461538,1421.4423076923076,1326.2211538461538,1421.0,123450.0,2.0,0.8751814942307692,0.9167876957692308,0.9167876957692308,0.9167876957692308,0.0,0.0,0.0444080965,0.01671126825,0.155328925,-2.405574525,-0.05267228,-9.445425,16.00330865384615,24.896093,101132.95065384616,0.4423162560416667,-0.09962873291666667,-0.07386286979166667,-0.8882404291666667,26.758389193548386,25.22616946236559,-15.000260043010753,-1.671888664516129,-2.1940674924731183,-0.0035036640107526883,-0.020604571000000002,0.265214072173913,0.4805277391304348,4760.00835217932,5743.251413445768,4743.673751027661,5745.873021176529,"1,1,60",1
1923,113998000,118.60800000000137,-0.03549431232692308,-0.044039220461538464,0.01828743642307692,0.3908867298076923,1391.701923076923,1422.4038461538462,1326.701923076923,1421.0,123450.0,2.0,0.875027,0.916684686728972,0.916684686728972,0.916684686728972,0.0,0.0,0.03222421,0.01597881,0.15046863,-2.3523033,-0.011970844,-9.424777,15.988681923076923,24.896094692307692,101133.10753846154,0.4458847411538462,-0.09915831192307692,-0.07422776153846154,-0.8864765028846153,26.675500483870966,25.11637698924731,-15.000551440860214,-1.6528207612903225,-2.2070239978494626,-0.0026338018602150536,-0.019689863800000002,0.265791484,0.480165636,4754.354646381772,5751.398668791198,4754.123329564452,5733.679815994736,"1,1,60",1
1924,114048000,118.65800000000137,-0.03746074254166667,-0.04452339279166667,0.018594463125000002,0.39116754854166663,1392.0,1422.8041237113403,1327.3917525773195,1421.0,123450.0,2.0,0.8748775,0.9165849951401869,0.9165849951401869,0.9165849951401869,0.0,0.0,0.0539955865,0.00605875615,0.1575925825,-2.4214361,0.040103046499999996,-9.426871250000001,16.001980882352942,24.896095,101132.91588235294,0.44945168583333334,-0.09880073166666667,-0.074653169375,-0.8846777427083333,26.59345971153846,25.00580923076923,-15.000414730769231,-1.6343299942307692,-2.219890580769231,-0.0016633922442307694,-0.0179249654,0.26647250349999996,0.47826883800000003,4766.472583008174,5739.951049804072,4744.302368163434,5748.006494141328,"1,1,60",1
1925,114098000,118.70800000000136,-0.037322934142857145,-0.04402887942857143,0.01811803285714286,0.39141648285714287,1392.0,1422.2886597938145,1328.4226804123712,1421.0,123450.0,2.0,0.8747265689423077,0.9164843606730769,0.9164843606730769,0.9164843606730769,0.0,0.0,0.0320909405,0.0049933893,0.153398135,-2.3831289,-0.055665033749999995,-9.47774675,16.008996826923077,24.896095,101132.85423076924,0.4530357505263158,-0.0985672142105263,-0.07517208368421052,-0.8828293105263159,26.51198423076923,24.894724615384614,-14.999992615384615,-1.6162239846153845,-2.2326972153846154,-0.0006259509846153846,-0.015148601999999999,0.26819087750000004,0.47709315750000003,4764.054338727609,5745.952985491215,4754.615583147704,5736.043805803313,"1,1,60",1
1926,114148000,118.75800000000137,-0.03650359029411765,-0.04355760996078432,0.01829037176470588,0.39162407607843136,1392.0,1422.0,1329.0,1421.4444444444443,123450.0,2.0,0.874574900673077,0.9163832404807692,0.9163832404807692,0.9163832404807692,0.0,0.0,0.0344874815,0.00272973665,0.1589908475,-2.44388135,-0.005386786170517497,-9.59326675,15.93604375,24.8960965,101133.72750000001,0.4565637651162791,-0.09847672023255813,-0.07552265930232557,-0.8809912906976745,26.431284857142856,24.783257714285714,-14.999064857142857,-1.5982106142857142,-2.2458353714285715,8.282880285714284e-05,-0.012386712739130435,0.2681170134782609,0.47624764869565217,4762.366381835931,5741.921752929562,4759.154711913757,5745.438354492881,"1,1,60",1
1927,114198000,118.80800000000137,-0.03703322875,-0.044009509937499997,0.01811351575,0.39195553875,1392.0,1422.0,1329.0,1422.4545454545455,123450.0,2.0,0.8744262752293578,0.9162841721100917,0.9162841721100917,0.9162841721100917,0.0,0.0,0.032823508,0.01324893525,0.158857595,-2.3822307250000003,0.0122704515,-9.52323825,15.928098365384615,24.896097,101133.83499999999,0.4601431479245283,-0.0982619020754717,-0.07581339358490566,-0.879125079245283,26.35130189010989,24.671437934065935,-14.99767035164835,-1.5802827571428573,-2.2592795472527474,0.00048822876989010984,-0.011080932250000002,0.26825452499999997,0.478121435,4760.464331054524,5750.126708984587,4765.0209228517215,5736.436621093802,"1,1,60",1
1928,114248000,118.85800000000137,-0.03735225116326531,-0.04409434022448979,0.01792543730612245,0.39238063204081636,1392.4423076923076,1422.4423076923076,1329.2211538461538,1422.7788461538462,123450.0,2.0,0.8742798532110092,0.9161865895412844,0.9161865895412844,0.9161865895412844,0.0,0.0,0.051066054,0.013582318,0.15539548,-2.3469162,-0.035912866,-9.48971875,15.953830576923076,24.89609901923077,101133.53115384615,0.4637333703846154,-0.09786073403846153,-0.07616795423076923,-0.8772508384615385,26.272954247706423,24.55873869724771,-14.995706220183486,-1.5619911981651378,-2.2725073963302753,-9.085951155963297e-05,-0.009183529217391304,0.27076507130434785,0.4762026413043478,4768.101408306376,5747.80083264805,4755.989643297349,5748.981342516815,"1,1,60",1
1929,114298000,118.90800000000137,-0.037211761727272724,-0.04386275441818182,0.018381233563636364,0.3926969663636364,1393.4038461538462,1423.4038461538462,1329.701923076923,1422.298076923077,123450.0,2.0,0.8741307572815534,0.9160871972815534,0.9160871972815534,0.9160871972815534,0.0,0.0,0.040480174,0.009853433,0.15259914,-2.355895,0.021547984,-9.574413,15.99837605263158,24.8961,101132.98578947368,0.4672854657446809,-0.0973864809574468,-0.07663999340425531,-0.8753761063829788,26.195307458715597,24.445662550458717,-14.993497963302753,-1.543543766972477,-2.285642533944954,-0.0010918713280733943,-0.0075816186,0.2717991,0.47624522,4771.071674547783,5758.599737870353,4763.161158512028,5741.01624177556,"1,1,60",1
1930,114348000,118.95800000000136,-0.03693309295833333,-0.043715435104166665,0.018501201395833333,0.3929024072916667,1394.0,1423.8020833333333,1330.1979166666667,1422.59375,123450.0,2.0,0.8739776504854369,0.9159850904854369,0.9159850904854369,0.9159850904854369,0.0,0.0,0.04567318375,0.006391796050000001,0.1584581025,-2.3675666250000003,0.0260371115,-9.5633395,16.009713823529413,24.8961,101132.84639215686,0.47079034416666665,-0.09704695114583334,-0.07703051645833334,-0.8734992833333334,26.11880442857143,24.33202485714286,-14.991671142857143,-1.5249239142857143,-2.2990646571428575,-0.0019620216285714284,-0.005378067435,0.273090481,0.4737622725,4770.840332031466,5751.117919921428,4758.71054687428,5747.812426758541,"1,1,60",1
1931,114398000,119.00800000000137,-0.0382140694375,-0.0439591103125,0.0180462813125,0.393256214375,1394.0,1423.28125,1330.71875,1424.15625,123450.0,2.0,0.8738250333333334,0.9158833276190476,0.9158833276190476,0.9158833276190476,0.0,0.0,0.03894880575,0.004593622025000001,0.1609215125,-2.3202812,-0.048781698,-9.451113,15.984618942307693,24.8961,101133.16696153846,0.4743435603846154,-0.0966459351923077,-0.07749782942307692,-0.8715776461538461,26.043357175824177,24.21786881318681,-14.990196417582418,-1.5061449032967034,-2.31275169010989,-0.0027113766835164836,-0.0019192145949999998,0.27388075749999996,0.475821767,4775.044897460917,5746.143774414256,4761.518408203806,5754.405395507444,"1,1,60",1
1932,114448000,119.05800000000137,-0.03710793663461538,-0.04366674638461538,0.01769430848076923,0.39382161250000003,1394.0,1423.6831683168316,1331.4554455445545,1424.5445544554455,123450.0,2.0,0.8736733666666666,0.9157822323809524,0.9157822323809524,0.9157822323809524,0.0,0.0,0.022970003750000002,0.0046602972,0.1584580875,-2.44986685,-0.0338179359,-9.557951875,16.003579076923074,24.8961,101132.94076923077,0.4779100775,-0.09641570658333333,-0.07778710864583334,-0.8696272270833333,25.969462471153847,24.10301868269231,-14.989405009615384,-1.4870418538461538,-2.3245782951923077,-0.0034365305461538462,-0.001938758013,0.2753201755,0.47394107900000004,4769.776367187368,5746.064233398369,4772.425488281211,5758.469213867375,"1,1,60",1
1933,114498000,119.10800000000137,-0.03594422728571429,-0.04380528514285714,0.01815366914285714,0.39420451714285715,1394.0,1425.1683168316831,1332.4455445544554,1423.5544554455446,123450.0,2.0,0.8735279598130841,0.9156853140186916,0.9156853140186916,0.9156853140186916,0.0,0.0,0.014736147555555556,0.006835204666666666,0.16094371555555556,-2.422533066666667,0.010242027333333334,-9.565633777777778,16.027972132075472,24.8961,101132.63226415095,0.4814556505263158,-0.09635969357894737,-0.07777792157894738,-0.8676757236842105,25.89623314423077,23.987871086538462,-14.988906451923077,-1.4677999307692309,-2.335607574038461,-0.00415131246923077,-5.553906800000012e-05,0.275554414,0.4740564,4767.421386718529,5755.383203126261,4773.918847657481,5759.816015623584,"1,1,60",1
1934,114548000,119.15800000000138,-0.035413591875,-0.043390755333333336,0.018330168625,0.3944614908333334,1394.44,1425.78,1332.78,1422.78,123450.0,2.0,0.8734023757009346,0.9156016224299065,0.9156016224299065,0.9156016224299065,0.0,0.0,0.0210389275,0.0055929655,0.16365128,-2.3953989,0.014365379,-9.5953615,16.010170576923077,24.896098961538463,101132.84423076923,0.4849761004545455,-0.09636955977272728,-0.07773797536363637,-0.8657165704545454,25.824243695238096,23.872355904761903,-14.988867276190476,-1.4486922933333333,-2.347190517142857,-0.0057828217752380956,0.00201390732,0.276607206,0.472787675,4763.927343749785,5765.840771484034,4786.584472656137,5750.220214844379,"1,1,60",1
1935,114598000,119.20800000000138,-0.03667014076923077,-0.04286539661538462,0.01853917746153846,0.3943223830769231,1395.44,1425.28,1332.28,1422.28,123450.0,2.0,0.8732725701834863,0.9155151105504588,0.9155151105504588,0.9155151105504588,0.0,0.0,0.052597378,-0.00213066045,0.1600560225,-2.3199815499999996,0.047584927,-9.43285725,16.006123529411767,24.89609574509804,101132.8768627451,0.48852528416666663,-0.0962010075,-0.07815202775,-0.863699525,25.75301417142857,23.756615428571425,-14.989109657142857,-1.42966696,-2.3591128028571426,-0.007976196251428572,0.0063587624,0.27660148,0.471743004,4779.481445312317,5750.081542968522,4767.730664062967,5753.031542968468,"1,1,60",1
1936,114648000,119.25800000000137,-0.036966356875,-0.043256552375,0.018446908583333334,0.39441259791666666,1396.0,1425.0,1331.7777777777778,1422.0,123450.0,2.0,0.8731047720183486,0.9154032160550459,0.9154032160550459,0.9154032160550459,0.0,0.0,0.0495346785,0.0018643068500000001,0.158857615,-2.36726725,-0.0239418505,-9.598354,15.977125,24.896092464285715,101133.23232142857,0.4920623635714286,-0.09583208339285713,-0.07882222496428572,-0.8616685821428571,25.682817142857143,23.640297714285712,-14.989910857142858,-1.4108640857142858,-2.370595014285714,-0.010172534857142857,0.00767435809,0.278075826,0.470668115,4776.533886718649,5751.083203125088,4776.5858398436785,5745.442871094083,"1,1,60",1
1937,114698000,119.30800000000137,-0.03708202670588235,-0.04363237335294118,0.018556756,0.39423507764705884,1396.0,1425.0,1331.2727272727273,1422.0,123450.0,2.0,0.872936973853211,0.915291321559633,0.915291321559633,0.915291321559633,0.0,0.0,0.05805684,0.021571599,0.15499601,-2.3475146,0.05746101,-9.631876,15.976312403846153,24.896090480769228,101133.27188461539,0.49559838680851065,-0.09530068327659574,-0.07939891646808511,-0.859646845106383,25.613573186813188,23.523447164835165,-14.99122789010989,-1.3922665582417582,-2.3816710032967032,-0.012371609582417582,0.0079472898,0.278494955,0.470940292,4773.829492187425,5753.682348632925,4752.689599608885,5761.6520263669745,"1,1,60",1
1938,114748000,119.35800000000137,-0.03635440781632653,-0.04306142291836735,0.019276671775510203,0.3938329734693877,1395.5445544554455,1424.7722772277227,1331.0,1422.4554455445545,123450.0,2.0,0.8727816798076923,0.9151878046153846,0.9151878046153846,0.9151878046153846,0.0,0.0,0.035686215,0.00332895645,0.15566180000000002,-2.41694665,-0.0173577955,-9.556456,15.970533942307691,24.89608746153846,101133.3228846154,0.4990577255102041,-0.09479154795918368,-0.07982427191836736,-0.8576598448979592,25.545601490384616,23.405810173076926,-14.992511798076924,-1.3729429346153845,-2.3915058865384617,-0.013272169692307692,0.011357034571428571,0.2791442457142857,0.4710275619047619,4766.269873046671,5748.57416992145,4763.979052734646,5734.215039062196,"1,1,60",1
1939,114798000,119.40800000000138,-0.036612571307692306,-0.04341806223076923,0.01862362130769231,0.39369727846153846,1394.5544554455446,1424.2772277227723,1331.0,1423.4455445544554,123450.0,2.0,0.8726274730769231,0.9150850161538461,0.9150850161538461,0.9150850161538461,0.0,0.0,0.04625018555555556,0.011451699066666668,0.15443376,-2.3738508888888887,-0.005453300444444448,-9.441800444444445,15.962774245283018,24.89608362264151,101133.41905660377,0.5025410846153846,-0.09447028923076924,-0.0802215013846154,-0.8556214692307692,25.478175048076924,23.287836134615386,-14.993781509615385,-1.353308126923077,-2.4008088673076924,-0.01361622353846154,0.012716282416666667,0.28144352375,0.4715393320833333,4764.39501953125,5747.37060546875,4751.95654296875,5745.56103515625,"1,1,60",1
1940,114848000,119.45800000000138,-0.036761105588235296,-0.043464150588235294,0.017763187333333333,0.3937184411764706,1394.4444444444443,1423.7777777777778,1330.7777777777778,1424.4444444444443,123450.0,2.0,0.8724775457943925,0.9149850528037383,0.9149850528037383,0.9149850528037383,0.0,0.0,0.03488745,0.0109188975,0.16405071999999998,-2.3870196000000004,0.035314648500000004,-9.5199455,16.004558529411764,24.896079843137255,101132.93705882352,0.5060889329411765,-0.09409403529411764,-0.08061734176470589,-0.8535322176470588,25.4117473125,23.169532770833335,-14.994696869791666,-1.3330209083333333,-2.4099658500000003,-0.013309382208333333,0.0151506835,0.28231654,0.46876854,4748.270173725191,5744.7927631581015,4759.484040912849,5740.886024876249,"1,1,60",1
1941,114898000,119.50800000000137,-0.038348653375,-0.0437407604375,0.017665603375,0.394097423125,1395.4545454545455,1423.2727272727273,1330.2727272727273,1425.4545454545455,123450.0,2.0,0.8723284336448598,0.9148856275700934,0.9148856275700934,0.9148856275700934,0.0,0.0,0.03901556175,-0.001331426775,0.152998535,-2.4372978,0.029628414999999998,-9.50737625,15.986072075471698,24.896075924528304,101133.11566037736,0.5096167960416667,-0.09384676645833333,-0.08095568816666666,-0.8514260583333333,25.345931687500002,23.0510275625,-14.995395046875,-1.312333825,-2.4190333500000003,-0.012603605125,0.014940815525000001,0.283389566,0.4692619475,4759.484863281437,5744.596679687453,4748.694360351224,5748.252905273746,"1,1,60",1
1942,114948000,119.55800000000139,-0.03774000914285714,-0.04341580226530612,0.01811761463265306,0.394382837755102,1396.2277227722773,1423.2277227722773,1329.7722772277227,1426.2277227722773,123450.0,2.0,0.8721762432692307,0.9147841610576923,0.9147841610576923,0.9147841610576923,0.0,0.0,0.0266315575,-0.0037287842500000005,0.160588615,-2.3151931,-0.022744753,-9.4277675,15.963925849056603,24.896072150943397,101133.39867924529,0.51306969125,-0.09374633678571428,-0.08135100335714285,-0.8493224919642857,25.2814178,22.93184945,-14.995938225,-1.291763,-2.42831029,-0.01146730395,0.019742382458333332,0.28442291375,0.4684994291666667,4753.956003289126,5744.360608553077,4764.636153372383,5733.264391446717,"1,1,60",1
1943,114998000,119.60800000000138,-0.03793000738461539,-0.04334103623076923,0.018390064999999997,0.3945942869230769,1396.7227722772277,1423.7227722772277,1329.2772277227723,1426.7227722772277,123450.0,2.0,0.8720227336538461,0.9146818197115384,0.9146818197115384,0.9146818197115384,0.0,0.0,0.041012634,0.0018644634,0.15712652,-2.3714569,0.023942186,-9.580399,16.012209454545456,24.896070254545457,101132.80781818181,0.5164975955555555,-0.09370172722222223,-0.08177167773333333,-0.847207732888889,25.2174618,22.81238295,-14.996414975,-1.271242,-2.43767699,-0.01014649245,0.02395068945,0.2846061545,0.468126259,4762.983747210297,5746.506556919222,4755.224330356459,5740.108049665699,"1,1,60",1
1944,115048000,119.65800000000138,-0.038948660823529414,-0.04375497198039216,0.01850036762745098,0.3947473211764706,1396.7777777777778,1424.2222222222222,1329.2222222222222,1427.0,123450.0,2.0,0.8718731049999999,0.914582069537037,0.914582069537037,0.914582069537037,0.0,0.0,0.0440087735,0.002330192775,0.15799203,-2.38043555,0.021547985750000005,-9.47176175,16.001354553571428,24.89606769642857,101132.97339285715,0.51996802,-0.09340920546808511,-0.08236243978723404,-0.8450566523404256,25.15484900990099,22.691606316831685,-14.996638742574257,-1.2510921801980197,-2.446707193069307,-0.009220558306930693,0.026109003869565217,0.2837590652173913,0.46585420217391305,4758.818102384768,5740.0132092929,4761.609786184673,5738.413265830135,"1,1,60",1
1945,115098000,119.70800000000138,-0.0383032023125,-0.044012954812500005,0.018577821125,0.39494706875,1396.2727272727273,1424.7272727272727,1329.7272727272727,1427.0,123450.0,2.0,0.871725855,0.9144839075,0.9144839075,0.9144839075,0.0,0.0,0.042344242,0.010652342,0.15659393,-2.4325094,0.0059856703,-9.497798,15.959850943396226,24.896065603773586,101133.4758490566,0.5234688424999999,-0.09303116975,-0.08287797125,-0.8428829987500001,25.092811881188116,22.570268198019804,-14.996754089108912,-1.2311014376237623,-2.455593183168317,-0.008463857316831684,0.0252143272,0.28587946200000003,0.466896178,4760.324244448824,5743.745374177624,4751.0094572366315,5748.701557360545,"1,1,60",1
1946,115148000,119.75800000000137,-0.03837483790384615,-0.043786966057692306,0.018126456980769232,0.3950137634615385,1396.4554455445545,1425.2277227722773,1330.2277227722773,1427.0,123450.0,2.0,0.87157527,0.91438352,0.91438352,0.91438352,0.0,0.0,0.032091233499999997,0.0061251842,0.155528585,-2.4265234500000004,0.0281320365,-9.510368,15.97869,24.896063666666667,101133.22666666667,0.526930089090909,-0.09265647406818182,-0.08327185136363636,-0.8407273856818182,25.032307648148148,22.448165814814814,-14.996179314814814,-1.211057901851852,-2.4648921981481484,-0.0069738801648148155,0.028530771714285714,0.2857424,0.46607577714285714,4755.2902703533755,5741.875925164479,4754.128546464297,5739.774336964337,"1,1,60",1
1947,115198000,119.80800000000139,-0.03812970914285714,-0.04337751842857143,0.018157706714285713,0.39534267,1397.4455445544554,1425.7227722772277,1330.7227722772277,1427.0,123450.0,2.0,0.87142077,0.91428052,0.91428052,0.91428052,0.0,0.0,0.028761819,0.0023968837,0.15499604,-2.3570917,0.038307395,-9.357739,16.004674905660377,24.89606113207547,101132.9103773585,0.5303209542857142,-0.09251807857142857,-0.08355295785714285,-0.8385793571428571,24.972524777777778,22.32570377777778,-14.995279777777776,-1.1909895222222222,-2.474385577777778,-0.005138831877777778,0.029953694,0.28597006,0.46495563,4759.092871093897,5741.609570312795,4757.670507812336,5746.549902344419,"1,1,60",1
1948,115248000,119.85800000000138,-0.03816400192156863,-0.043540306411764707,0.0187499118627451,0.396007555882353,1397.7777777777778,1426.0,1331.2222222222222,1427.2222222222222,123450.0,2.0,0.8712790053271028,0.9141860074766355,0.9141860074766355,0.9141860074766355,0.0,0.0,0.026327197857142857,0.00011394847285714298,0.15362636571428573,-2.387703,0.05369869142857143,-9.501389571428572,16.026560588235295,24.896059411764707,101132.65352941176,0.533696296,-0.092397138,-0.083738513,-0.83642958,24.913735285714285,22.20273142857143,-14.994379428571428,-1.1706774714285715,-2.484935085714286,-0.0048228469285714285,0.03214510034782609,0.28621887826086956,0.46567892739130434,4764.72524414055,5748.111938476863,4768.804541016555,5747.155883788347,"1,1,60",1
1949,115298000,119.90800000000138,-0.037632199125,-0.043478968812500005,0.0184809455625,0.39615050375,1397.2727272727273,1426.0,1331.7272727272727,1427.7272727272727,123450.0,2.0,0.8711534492523364,0.9141022971962617,0.9141022971962617,0.9141022971962617,0.0,0.0,0.01984054875,0.008255792500000001,0.156527325,-2.3738511,-0.019751998,-9.509768750000001,16.02768653846154,24.896057884615384,101132.64092307692,0.5370692154166667,-0.09226279625,-0.08382973958333334,-0.8342743125000001,24.85586275824176,22.079288021978023,-14.993478329670328,-1.1501404934065935,-2.496459481318681,-0.005909074291208792,0.0331293557,0.28739997899999997,0.466045234,4761.2088134762025,5747.401196288907,4764.028857421372,5749.148144531758,"1,1,60",1
1950,115348000,119.95800000000139,-0.036549366,-0.043866197102040816,0.018441624918367348,0.39631439224489795,1397.46,1426.23,1332.0,1428.23,123450.0,2.0,0.871020143173077,0.9140134259615385,0.9140134259615385,0.9140134259615385,0.0,0.0,0.0226367985,0.009853654,0.15845810999999999,-2.43550155,0.013168279000000001,-9.577404999999999,16.016988207547172,24.896055981132076,101132.7603773585,0.5404316463265306,-0.09204190306122449,-0.08379361665306122,-0.8321280367346938,24.79955545,21.954673800000002,-14.9926193,-1.12985767,-2.506556965,-0.005668485175,0.03680066,0.287638279,0.465922841,4760.7213378906845,5753.997021485082,4768.343701172467,5745.044287108484,"1,1,60",1
1951,115398000,120.00800000000139,-0.036860103294117645,-0.04403806235294117,0.018783216529411766,0.39682339647058823,1398.46,1426.73,1332.0,1428.73,123450.0,2.0,0.87086875375,0.9139125125,0.9139125125,0.9139125125,0.0,0.0,0.04041355475,0.012783383875,0.155595175,-2.40677175,-0.019153449,-9.434353250000001,16.00805676470588,24.89605405882353,101132.85529411765,0.5437919372727272,-0.09168114272727272,-0.08393355163636364,-0.8299609636363636,24.74391895,21.8295578,-14.9917783,-1.10968377,-2.5160429150000003,-0.004859260425,0.037986164850000004,0.2884850225,0.465648417,4763.311596680129,5761.643579101108,4770.693139648283,5747.573876953762,"1,1,60",1
1952,115448000,120.05800000000139,-0.03834440930612245,-0.044132356918367345,0.019001154857142856,0.39733307775510207,1399.0,1427.0,1332.0,1429.0,123450.0,2.0,0.8707132165714285,0.913808828952381,0.913808828952381,0.913808828952381,0.0,0.0,0.05892246225,0.0101865945,0.151999925,-2.4082677500000003,-0.0451903825,-9.50318575,15.996525094339622,24.896051698113205,101132.99641509434,0.5471811333333333,-0.09105845333333333,-0.08443632999999999,-0.8277491133333333,24.69017175,21.7033555,-14.991165375000001,-1.0896432875,-2.5253698250000003,-0.00578974175,0.03973937480952381,0.2893468923809524,0.4648854823809524,4775.741796875447,5759.408300781687,4760.732177734358,5758.392285155712,"1,1,60",1
1953,115498000,120.10800000000138,-0.038335215294117646,-0.04372476123529412,0.019064316823529413,0.39743085588235294,1399.0,1427.0,1332.0,1429.0,123450.0,2.0,0.8705429737142857,0.9136953241904763,0.9136953241904763,0.9136953241904763,0.0,0.0,0.053795682,0.00652477955,0.15299867,-2.44837085,-0.018854172750000002,-9.539099499999999,15.978321764705882,24.896049215686276,101133.23078431372,0.5505435980392157,-0.09040902549019608,-0.08514208098039215,-0.8255146262745099,24.63723425,21.57668764285714,-14.990650196428572,-1.0696599839285714,-2.534628575,-0.007465811392857143,0.04132133575,0.28958633749999996,0.46233075,4773.771948241943,5757.773901366603,4766.805053710627,5755.35844726633,"1,1,60",1
1954,115548000,120.15800000000138,-0.03883580163265306,-0.04343958630612245,0.01849654167346939,0.3973289963265306,1399.23,1427.0,1332.46,1428.77,123450.0,2.0,0.8703753136448598,0.9135835442990654,0.9135835442990654,0.9135835442990654,0.0,0.0,0.052730706,0.0073234596,0.159922815,-2.4055741,0.05446825450000001,-9.544485250000001,15.975176132075472,24.896046566037736,101133.27566037736,0.5539493285714285,-0.08989157734693878,-0.08579026632653061,-0.8232227516326531,24.585373808988763,21.449264089887638,-14.990829415730337,-1.048798902247191,-2.544108053932584,-0.008339640786516854,0.0440863002,0.29150267,0.462386592,4773.115257626542,5741.097307477413,4754.638532365766,5764.738188244056,"1,1,60",1
1955,115598000,120.20800000000139,-0.03824203247058824,-0.043103297470588234,0.018461943764705883,0.3975845917647059,1399.73,1427.0,1333.46,1428.27,123450.0,2.0,0.8702265940186916,0.913484413457944,0.913484413457944,0.913484413457944,0.0,0.0,0.016245105545454545,0.005180832163636364,0.1519697109090909,-2.406390563636364,0.03928684136363637,-9.500084090909091,15.995182692307692,24.896042153846153,101133.03615384616,0.5572901352941176,-0.08959734823529412,-0.08613479705882353,-0.8209611013725491,24.534777741573034,21.320953415730337,-14.991823797752808,-1.0269073853932584,-2.5538466494382024,-0.00827170988764045,0.04619937976190477,0.2897453428571429,0.4605276342857143,4770.16083984379,5752.535400390704,4770.286425781104,5752.198559570272,"1,1,60",1
1956,115648000,120.25800000000139,-0.03705878828571429,-0.04318307346938775,0.01861624606122449,0.3976776151020408,1400.0,1427.23,1333.54,1428.0,123450.0,2.0,0.8700778743925234,0.9133852826168224,0.9133852826168224,0.9133852826168224,0.0,0.0,0.0201067215,0.0118509825,0.153797595,-2.3983917,0.014963926999999998,-9.481637,15.981451764705882,24.896036901960784,101133.19921568628,0.5605418530612245,-0.08949521755102041,-0.08609838632653061,-0.8187595653061225,24.485749525252526,21.191986484848485,-14.993557636363636,-1.0057929826262626,-2.5635272323232323,-0.008856102707070707,0.048604874,0.292001025,0.4612693,4771.347609746855,5755.270786830617,4762.220214843432,5756.49693080375,"1,1,60",1
1957,115698000,120.30800000000139,-0.03700474858823529,-0.04354268647058824,0.01898305123529412,0.39753379529411764,1400.0,1427.73,1332.54,1428.0,123450.0,2.0,0.8699265525,0.9132844048076924,0.9132844048076924,0.9132844048076924,0.0,0.0,0.01990721075,0.0111187396875,0.15672704375000002,-2.4006364249999996,-0.006733526625,-9.48897025,16.01351125,24.89603275,101132.7975,0.5637832784313725,-0.0892344031372549,-0.0860207582352941,-0.8165674450980392,24.43745912121212,21.06271072727273,-14.995639454545454,-0.9850442806060606,-2.5731805151515155,-0.009747471393939394,0.05237638152173913,0.29220394565217395,0.4601126560869565,4759.110400390662,5761.749218749788,4767.05683593714,5739.682104492479,"1,1,60",1
1958,115748000,120.3580000000014,-0.03807303096153847,-0.04346393648076923,0.019017093826923077,0.39709927019230773,1399.7722772277227,1428.0,1332.0,1428.0,123450.0,2.0,0.8697751775,0.9131834913461538,0.9131834913461538,0.9131834913461538,0.0,0.0,0.056458855714285716,0.010462567771428571,0.15024039,-2.337425057142857,0.017272619000000003,-9.391085285714285,16.030214615384615,24.896028153846153,101132.64307692308,0.5670489302083334,-0.08876470029166666,-0.08624933572916667,-0.814330263125,24.390576770642202,20.93328923853211,-14.998617990825688,-0.9643169158715597,-2.5812556972477063,-0.009760826633027523,0.0518599332173913,0.29142379739130436,0.46082025260869564,4769.784692383278,5746.212182616538,4744.253906249354,5752.7513183596975,"1,1,60",1
1959,115798000,120.4080000000014,-0.03777098985714286,-0.043521926571428574,0.01905456957142857,0.3968895942857143,1399.2772277227723,1428.0,1332.0,1428.0,123450.0,2.0,0.8696276483333333,0.913085125,0.913085125,0.913085125,0.0,0.0,0.042410814,0.005925473875,0.154529935,-2.366968,0.02035088125,-9.413105,16.003850384615383,24.896023961538464,101132.95123076923,0.5703270603773585,-0.08823777094339623,-0.08673523018867925,-0.8120429686792453,24.344297871559633,20.80380529357798,-15.001980834862385,-0.9435986956880734,-2.5886545504587155,-0.009397890394495413,0.05555228965,0.2932744725,0.45948362600000003,4758.542061942036,5743.143694196908,4751.443010602417,5734.1750139506485,"1,1,60",1
1960,115848000,120.45800000000139,-0.03735798725,-0.04374111483333333,0.019049343583333333,0.39665589208333335,1399.0,1427.7777777777778,1332.0,1427.5555555555557,123450.0,2.0,0.8694805464814814,0.9129870416666667,0.9129870416666667,0.9129870416666667,0.0,0.0,0.0407463925,0.0155796385,0.161653865,-2.40377855,0.004190019582405,-9.5097695,16.02064403846154,24.89601846153846,101132.74903846154,0.5736008625,-0.08783261375,-0.08700979875,-0.8097488500000001,24.299083714285715,20.674301285714286,-15.005165285714286,-0.9230108785714285,-2.5956654,-0.009187402714285715,0.0567070642173913,0.2931250795652174,0.4594188252173913,4756.921463815769,5745.245785361454,4739.401958264586,5750.395456415102,"1,1,60",1
1961,115898000,120.50800000000139,-0.03696225205882353,-0.043199555647058824,0.019056348411764706,0.39624250294117647,1399.0,1427.2727272727273,1332.0,1426.5454545454545,123450.0,2.0,0.8693324305555555,0.9128882937037037,0.9128882937037037,0.9128882937037037,0.0,0.0,0.029960505000000002,0.006791203875,0.1591904975,-2.360982375,-0.02274475325,-9.48074125,16.02611245283019,24.89601462264151,101132.67113207547,0.5769008294117647,-0.08746953274509804,-0.08721897313725491,-0.8074177588235294,24.254852395604395,20.54477875824176,-15.008185065934066,-0.9025434335164835,-2.6023180923076925,-0.009117636780219781,0.05870897675,0.29427958,0.45902009499999996,4740.16943359375,5736.74267578125,4746.90380859375,5726.31787109375,"1,1,60",1
1962,115948000,120.55800000000139,-0.038980984769230766,-0.04368106351923077,0.01937346346153846,0.3965831630769231,1399.0,1427.23,1331.77,1425.77,123450.0,2.0,0.8691839583333334,0.9127893122222223,0.9127893122222223,0.9127893122222223,0.0,0.0,0.0415453175,0.00332890975,0.1635181,-2.4319106,0.067636373,-9.516953,16.001888784313724,24.896010882352943,101132.95470588235,0.5801993624999999,-0.08723484145833332,-0.087510705625,-0.8050447304166667,24.2115908,20.414691,-15.010932,-0.8812049399999999,-2.6080608950000004,-0.007472812560000001,0.06089658739130435,0.29391381173913045,0.45832416000000004,4742.938990542932,5729.181280838732,4737.613898025926,5742.773745888951,"1,1,60",1
1963,115998000,120.6080000000014,-0.0394398358125,-0.0438031663125,0.019770275375,0.39652957375000003,1399.0,1427.73,1331.27,1425.27,123450.0,2.0,0.8690333295238095,0.9126888865714285,0.9126888865714285,0.9126888865714285,0.0,0.0,0.029328146375,-0.000266324945,0.153364775,-2.4114102625,0.031274423125000006,-9.388113875,16.033109679245282,24.89600796226415,101132.58471698113,0.5834597169811321,-0.08697749905660378,-0.08787923320754717,-0.8026722575471698,24.1687448,20.284361,-15.013562,-0.85949314,-2.613413745,-0.00515296336,0.0636883205,0.296659337,0.45759944399999997,4735.286718749872,5733.295532226552,4735.148095703348,5717.168481445195,"1,1,60",1
1964,116048000,120.6580000000014,-0.03940359391836735,-0.0436500238367347,0.01974837218367347,0.3965809230612245,1399.0,1427.77,1331.23,1425.0,123450.0,2.0,0.868881139047619,0.9125874151428571,0.9125874151428571,0.9125874151428571,0.0,0.0,0.0482033045,-0.001731018965,0.15339808500000002,-2.39659595,0.067636372,-9.481638,16.015393641509434,24.896006075471696,101132.82056603774,0.5866595625,-0.0867662675,-0.0882986125,-0.8003137425,24.12700655,20.1533898,-15.01517945,-0.8381084325,-2.618724595,-0.00242700769,0.06682511499999999,0.295372905,0.456697535,4744.481201172341,5732.35952148409,4730.634130859238,5726.84667968794,"1,1,60",1
1965,116098000,120.70800000000139,-0.039208760705882355,-0.04337043105882353,0.01951911264705882,0.39677351352941176,1399.0,1427.27,1331.73,1425.0,123450.0,2.0,0.8687400153846153,0.9124933307692308,0.9124933307692308,0.9124933307692308,0.0,0.0,0.03994747875,-0.0036618811,0.1571930825,-2.404077975,0.038307398,-9.419688625,16.001428529411765,24.896006,101132.97494117646,0.5898941727272727,-0.08651569327272726,-0.08883792181818183,-0.7978992372727273,24.08574305,20.0221438,-15.01636295,-0.8168639075,-2.6240174450000002,0.00047299360999999984,0.06858420739130434,0.29599269608695655,0.4581660347826087,4743.559008788411,5727.036254882591,4732.345605469296,5724.584912109129,"1,1,60",1
1966,116148000,120.7580000000014,-0.03840075391836734,-0.043175388102040815,0.019574695836734695,0.3968462389795918,1399.23,1427.23,1332.46,1425.46,123450.0,2.0,0.8686108807692308,0.9124072490384616,0.9124072490384616,0.9124072490384616,0.0,0.0,0.0274970165,-0.0009321316450000001,0.15539547250000002,-2.4028810750000003,0.011671899625000001,-9.52593125,16.0006,24.896006,101132.98932075473,0.5931282433333334,-0.08637424266666667,-0.08921561333333333,-0.7954723233333333,24.045989288461538,19.890500240384615,-15.016241798076923,-0.7962115899038462,-2.6303681942307695,0.0045262473653846155,0.07131339217391305,0.29605690913043475,0.4544571652173913,4743.274619654785,5726.875334087451,4737.907920435731,5718.841359991809,"1,1,60",1
1967,116198000,120.8080000000014,-0.03867057376470588,-0.04323831570588235,0.019316074235294117,0.3975036217647059,1399.73,1427.73,1333.46,1426.46,123450.0,2.0,0.8684664277777778,0.9123109518518518,0.9123109518518518,0.9123109518518518,0.0,0.0,0.033555925,0.010386445,0.15978967,-2.3642743,-0.049080968,-9.443931,15.996627307692307,24.89600769230769,101133.01538461538,0.5963546554901961,-0.08614362392156863,-0.08946955137254901,-0.7930520170588236,24.006882557692308,19.758686298076924,-15.015561509615384,-0.7758130754807693,-2.637172328846154,0.009073752173076923,0.074735394,0.29581901,0.456262732,4739.826197574012,5735.577456825439,4744.746402138886,5723.4078176395915,"1,1,60",1
1968,116248000,120.8580000000014,-0.038971081938775506,-0.043521640775510205,0.019273291183673467,0.3982247751020408,1400.6831683168316,1428.4554455445545,1334.2277227722773,1427.4554455445545,123450.0,2.0,0.8682989972222223,0.9121993314814816,0.9121993314814816,0.9121993314814816,0.0,0.0,0.048469443,0.00652470735,0.157792325,-2.3612816,-0.0454896725,-9.448118000000001,15.999697115384615,24.896010423076923,101132.9876923077,0.5996219428571429,-0.08571574224489796,-0.0898069481632653,-0.7905928826530613,23.968896590476188,19.62660436190476,-15.014262876190475,-0.755289392,-2.643268103809524,0.012787125485714286,0.07533590666666667,0.29584443047619047,0.4539165133333333,4749.762939453352,5736.359667968777,4745.031884765366,5735.113037109807,"1,1,60",1
1969,116298000,120.9080000000014,-0.03925314176923077,-0.043528214615384614,0.019572375384615384,0.3990875815384616,1402.1683168316831,1429.4455445544554,1334.7227722772277,1428.4455445544554,123450.0,2.0,0.868140526923077,0.9120936892307693,0.9120936892307693,0.9120936892307693,0.0,0.0,0.04780392,0.017044142749999998,0.15486279,-2.39001215,0.00718277,-9.533113,16.00421153846154,24.896014076923077,101132.90307692307,0.6028632291666667,-0.0851438175,-0.09022635666666667,-0.7881382875,23.93159754285714,19.49435817142857,-15.012585257142858,-0.734688992,-2.648929722857143,0.015989256914285717,0.0782793584,0.295392088,0.454556232,4757.559082031407,5749.07519531286,4741.18828125141,5749.188671874306,"1,1,60",1
1970,116348000,120.95800000000139,-0.03892051870833333,-0.042752156666666666,0.019486296125,0.39960681583333335,1403.22,1430.0,1335.0,1429.0,123450.0,2.0,0.8680104307692308,0.9120069776923077,0.9120069776923077,0.9120069776923077,0.0,0.0,0.044141846875,-0.0011650712320395002,0.15662721,-2.365771075,-0.009427002125,-9.58967825,16.029782647058823,24.896017980392156,101132.58941176471,0.6060592942307693,-0.08470046938461538,-0.09065806884615385,-0.7856810461538462,23.894917839999998,19.36183778,-15.01139702,-0.7142145698,-2.655197834,0.01685073474,0.079793891,0.296311565,0.4540549775,4766.846423921393,5750.923618861233,4758.017810639809,5741.970168340799,"1,1,60",1
1971,116398000,121.0080000000014,-0.03951904546153846,-0.04263626538461539,0.01948754876923077,0.39980094307692304,1403.72,1430.0,1335.0,1429.0,123450.0,2.0,0.8678735076923078,0.9119157061538461,0.9119157061538461,0.9119157061538461,0.0,0.0,0.045273636,0.0047933618,0.15845813,-2.4073699,-0.0083795395,-9.655815,16.041436943396224,24.896021792452828,101132.48301886792,0.6092463071428571,-0.08438815185714287,-0.09111897928571429,-0.7831922642857143,23.85880984,19.22906428,-15.01066052,-0.6938564348,-2.662025784,0.01555160924,0.08224875400000001,0.297269854,0.45444123599999997,4768.214648437224,5743.510449219014,4759.665136719683,5748.304296874719,"1,1,60",1
1972,116448000,121.0580000000014,-0.03935386725490196,-0.04276116031372549,0.019429346529411765,0.4001873223529412,1403.56,1430.44,1335.44,1428.78,123450.0,2.0,0.8677007432692307,0.9118004946153846,0.9118004946153846,0.9118004946153846,0.0,0.0,0.037550485,0.0089215385,0.159390235,-2.36846435,0.0556653565,-9.498996,16.03364523076923,24.896024307692308,101132.565,0.6124465329166666,-0.08405779666666667,-0.09146960812499999,-0.7806879800000001,23.8236277,19.09636904,-15.01037538,-0.6738754818,-2.668513056,0.01441912866,0.083154117,0.29762644699999996,0.452345013,4763.4115722654815,5740.384082030832,4762.881054687368,5753.786230469131,"1,1,60",1
1973,116498000,121.1080000000014,-0.037958698857142856,-0.042959635142857146,0.019249640428571427,0.40032831999999996,1402.56,1431.44,1336.44,1428.28,123450.0,2.0,0.8675296538461539,0.9116864038461538,0.9116864038461538,0.9116864038461538,0.0,0.0,0.031026017500000003,0.0131825695,0.160988085,-2.3858224999999997,0.00359146915,-9.5373035,15.985431538461539,24.896027461538463,101133.12076923077,0.61566053,-0.08374445999999999,-0.09157884666666666,-0.7781767833333333,23.7893002,18.96374604,-15.01050688,-0.6542426968,-2.674685856,0.01344047416,0.08841325,0.29818854,0.45310783,4757.821972655757,5749.167968750757,4757.501464844669,5755.7194335924005,"1,1,60",1
1974,116548000,121.15800000000141,-0.03727629775,-0.04310638716666667,0.019271937416666666,0.40050435291666664,1402.66,1431.56,1336.78,1428.44,123450.0,2.0,0.867377826923077,0.9115852019230769,0.9115852019230769,0.9115852019230769,0.0,0.0,0.03209118925,0.010253401,0.15486278250000002,-2.423830325,0.016759578375,-9.40322925,15.955636057692306,24.896029576923077,101133.48615384616,0.61882713375,-0.08341099725000001,-0.09161734375,-0.775692195,23.755929782608696,18.831222326086955,-15.010816717391304,-0.6346976319565217,-2.6797352717391307,0.013139463108695652,0.087684365,0.297574325,0.451529355,4756.039341518364,5764.06040736615,4768.313523065153,5734.217936198009,"1,1,60",1
1975,116598000,121.2080000000014,-0.03901380323076923,-0.042953968307692304,0.019381748384615385,0.40074284846153846,1404.16,1430.56,1336.28,1429.44,123450.0,2.0,0.867226,0.911484,0.911484,0.911484,0.0,0.0,0.06870963,0.0061252113,0.16138753,-2.4181442,-0.03950416,-9.544485,15.9536495,24.896031,101133.51000000001,0.622024616923077,-0.082847116,-0.09208773076923077,-0.7731344123076923,23.723442826086956,18.698790260869565,-15.011291173913044,-0.6152335395652173,-2.6837477173913045,0.013463969086956523,0.09142585,0.29854816,0.44960392,4768.069433593534,5747.255664062335,4760.044335938124,5756.675195312008,"1,1,60",1
1976,116648000,121.2580000000014,-0.039371923076923075,-0.042520222692307694,0.01958633576923077,0.40100523846153846,1404.7777777777778,1430.2222222222222,1336.2222222222222,1430.0,123450.0,2.0,0.8670791944444445,0.9113861481481481,0.9113861481481481,0.9113861481481481,0.0,0.0,0.061252819,0.0017311598830999997,0.16045544,-2.3732525,-0.0514751695,-9.408614499999999,15.9536495,24.896032846153847,101133.52326923076,0.625269175,-0.082149456875,-0.09292172875,-0.7704879499999999,23.69212714,18.56597438,-15.011524940000001,-0.5958182557999999,-2.687062044,0.0138581625,0.09235601108695653,0.29858606130434784,0.45007036608695655,4765.419262695395,5744.066503906113,4763.8286132811745,5750.9644042971295,"1,1,60",1
1977,116698000,121.3080000000014,-0.039545218510638296,-0.04295254670212766,0.01965043744680851,0.4012787510638298,1404.2727272727273,1430.7272727272727,1336.7272727272727,1430.0,123450.0,2.0,0.8669323888888889,0.9112882962962963,0.9112882962962963,0.9112882962962963,0.0,0.0,0.049002188,0.011584609499999999,0.15353126,-2.4384949000000002,-0.028730255,-9.5678305,15.973902637254902,24.896034784313724,101133.30990196078,0.6284415727272727,-0.08153288136363636,-0.09360678636363637,-0.7678845454545454,23.66136264,18.432977880000003,-15.01164544,-0.5764259408,-2.6900478440000004,0.01428515,0.0947515892,0.299454304,0.44974286,4772.71931537836,5758.231008429157,4752.383686266316,5761.751079358927,"1,1,60",1
1978,116748000,121.3580000000014,-0.038937019884615384,-0.04285223907692308,0.019384989673076922,0.40141005903846155,1404.46,1430.77,1336.77,1430.46,123450.0,2.0,0.8667835672897196,0.911189071775701,0.911189071775701,0.911189071775701,0.0,0.0,0.036119095625,-0.0040947527875,0.15606127375,-2.4458270750000004,0.05805956525,-9.414150874999999,16.00701048076923,24.89603673076923,101132.89565384615,0.6315655045454546,-0.08107743920454545,-0.09409808136363637,-0.765306625,23.631884202020203,18.299286636363636,-15.011219333333335,-0.5556971282828282,-2.693828116161616,0.014141267111111112,0.09816466285714286,0.29943716857142855,0.44703628285714286,4764.758347284058,5750.1861049103245,4768.439034598713,5750.2285156249845,"1,1,60",1
1979,116798000,121.40800000000141,-0.040292485625,-0.04290072275,0.019190356625,0.4016108275,1405.46,1430.27,1336.27,1431.46,123450.0,2.0,0.866634361682243,0.9110895857943925,0.9110895857943925,0.9110895857943925,0.0,0.0,0.03934841975,0.000465900865,0.1623862,-2.3711579,-0.0026933105000000006,-9.531019,15.999448396226414,24.896038,101132.95916981132,0.6346881255769231,-0.08087765509615384,-0.09451115307692308,-0.7626881084615384,23.60301096969697,18.165268454545455,-15.010536,-0.5343393757575757,-2.6979822575757573,0.013728739333333333,0.101097717,0.29973234800000004,0.44850426,4766.351806640785,5746.746313475996,4759.228417968692,5762.393652344018,"1,1,60",1
1980,116848000,121.4580000000014,-0.03977874707692308,-0.04238811223076923,0.019158854096153848,0.4014415646153846,1405.5445544554455,1430.4554455445545,1335.7722772277227,1432.4554455445545,123450.0,2.0,0.8664850566666666,0.9109900400000001,0.9109900400000001,0.9109900400000001,0.0,0.0,0.0250336725,-0.00452745695,0.15805861999999998,-2.4714151500000003,0.0353146435,-9.5666315,15.987237307692308,24.896038,101133.10692307692,0.6377841597916667,-0.08073553320833333,-0.09483012947916666,-0.76007685125,23.575694000000002,18.0307879009901,-15.009742584158417,-0.513374700990099,-2.702373198019802,0.013223169465346536,0.10283398190476191,0.29808919714285714,0.4464463038095238,4763.150732421625,5747.208837890638,4773.699902344334,5733.373925780407,"1,1,60",1
1981,116898000,121.5080000000014,-0.039092380571428574,-0.043033562,0.019094571,0.40155208,1404.5544554455446,1431.4455445544554,1335.2772277227723,1433.4455445544554,123450.0,2.0,0.866335709047619,0.9108904685714286,0.9108904685714286,0.9108904685714286,0.0,0.0,0.042876672,0.017310683,0.16085501,-2.4001873,-0.061051987,-9.446323,16.010351153846155,24.896038,101132.84615384616,0.6409059094339623,-0.08043246994339623,-0.09505076358490566,-0.7574502399999999,23.549044000000002,17.89610918811881,-15.00890199009901,-0.4925784881188119,-2.706865623762376,0.012677724415841585,0.1047507448,0.3008263,0.447160924,4756.766503905948,5747.082421874861,4761.348828124395,5749.682714844953,"1,1,60",1
1982,116948000,121.55800000000141,-0.03963851764705882,-0.043843216313725494,0.019379569588235293,0.4018414854901961,1404.66,1431.78,1335.0,1434.0,123450.0,2.0,0.8661848825,0.9107899073076924,0.9107899073076924,0.9107899073076924,0.0,0.0,0.0525974875,0.0215050385,0.15872441,-2.3852239500000003,0.0032921943499999995,-9.527427,15.990381470588236,24.896038,101133.07058823529,0.6440933744680851,-0.07971864329787234,-0.09528524361702127,-0.7547885565957446,23.52404772222222,17.761285037037037,-15.008074518518518,-0.47119080740740743,-2.7105225814814813,0.011760505833333334,0.10515365,0.29943912500000003,0.44614944,4752.979101562759,5758.679052734737,4765.824023437854,5751.847119139977,"1,1,60",1
1983,116998000,121.60800000000141,-0.04007757785714285,-0.043108687285714285,0.019703307428571428,0.4020514,1406.16,1431.28,1335.0,1434.0,123450.0,2.0,0.86603307,0.9106886861538461,0.9106886861538461,0.9106886861538461,0.0,0.0,0.0646482025,0.00998706375,0.149536495,-2.4378958749999997,0.038307393499999995,-9.385571500000001,15.967735,24.896038,101133.35660377359,0.6472102947368421,-0.07894613947368422,-0.09581782157894737,-0.7521303,23.499829666666667,17.626392444444445,-15.007253222222223,-0.44952478888888886,-2.7137863777777778,0.010668335,0.107351629,0.299669159,0.445246531,4763.4853515625,5754.806640625,4754.89990234375,5750.93212890625,"1,1,60",1
1984,117048000,121.65800000000141,-0.041255543039215685,-0.042919900254901965,0.019498847019607843,0.4022252023529412,1407.0,1431.44,1335.22,1433.56,123450.0,2.0,0.865880725,0.9105871175,0.9105871175,0.9105871175,0.0,0.0,0.04860282225,-0.0017313831000000009,0.1610546325,-2.44657495,0.0496798605,-9.5738155,15.973694038461538,24.896038,101133.27076923076,0.6502818920930232,-0.07827185976744187,-0.09654755046511629,-0.7494550348837209,23.47682142,17.49123392,-15.00636656,-0.427232401,-2.7168872339999997,0.00965885084,0.11009960304347827,0.29997912695652174,0.44462628695652173,4767.352975945114,5741.660850123196,4759.397126851418,5754.49845805879,"1,1,60",1
1985,117098000,121.7080000000014,-0.04019076685714286,-0.04248222157142857,0.019889465999999998,0.4023121457142857,1407.0,1432.44,1335.72,1432.56,123450.0,2.0,0.8657278884615385,0.910485228076923,0.910485228076923,0.910485228076923,0.0,0.0,0.04021363,0.003195744,0.1528655,-2.4313118,-0.0035911368,-9.482238,16.01829653846154,24.896037846153845,101132.7533846154,0.6532993505263158,-0.07797671578947368,-0.09699247210526317,-0.7467981147368421,23.45492992,17.355829919999998,-15.00541956,-0.404361826,-2.719837684,0.00872569284,0.11474407066666667,0.30025093047619045,0.4457813585714286,4767.58115234378,5747.104492188172,4754.240917968446,5752.8694335935,"1,1,60",1
1986,117148000,121.7580000000014,-0.03956877203921569,-0.04259554829411765,0.020016056784313726,0.40270059960784316,1407.22,1433.0,1336.22,1432.66,123450.0,2.0,0.8655752105769231,0.9103834465384615,0.9103834465384615,0.9103834465384615,0.0,0.0,0.022437132499999998,0.001065408575,0.15659387249999998,-2.3977934999999997,0.0329204455,-9.586984375,16.004572692307693,24.896036,101132.92307692308,0.65623537,-0.077845918125,-0.09718971520833333,-0.7442086116666666,23.434209428571428,17.220117714285713,-15.004189857142858,-0.38189659285714284,-2.7230090714285713,0.009001707,0.11430162099999999,0.299251649,0.444670715,4764.97879831403,5760.831208881982,4768.840871711546,5741.5591848267995,"1,1,60",1
1987,117198000,121.80800000000141,-0.03990851285714286,-0.04278798642857143,0.019561285857142858,0.4032822985714286,1407.72,1433.0,1336.72,1434.16,123450.0,2.0,0.8654227346153845,0.9102818023076923,0.9102818023076923,0.9102818023076923,0.0,0.0,0.044474706,0.007190962,0.1565939,-2.36188,-0.01675925,-9.467871,15.986515,24.896036,101133.15,0.6592150999999999,-0.07768439533333334,-0.09736750333333333,-0.7415636999999999,23.414569868131867,17.084121010989012,-15.002699197802198,-0.3598055214285714,-2.726384401098901,0.010393880076923077,0.116976318,0.2994911052173913,0.44258198695652173,4767.740722656442,5752.177734374719,4767.304338727431,5757.043387277714,"1,1,60",1
1988,117248000,121.85800000000141,-0.039767500461538464,-0.042798872,0.01983020053846154,0.40370548384615385,1408.4444444444443,1433.0,1337.0,1434.5555555555557,123450.0,2.0,0.8652717068224299,0.9101811285046729,0.9101811285046729,0.9101811285046729,0.0,0.0,0.0406797745,0.01215039275,0.15526235875,-2.413655075,-0.022445473750000004,-9.56259275,15.972706176470588,24.896034039215685,101133.29705882353,0.6622453807692308,-0.077268647,-0.09769262669230769,-0.73885916,23.3964858125,16.9480004375,-15.001478875,-0.338181121875,-2.7297673125,0.009411009375000001,0.11805344999999999,0.2996803156521739,0.44183341565217393,4767.176538085577,5764.739599610416,4772.198657227713,5754.411157225381,"1,1,60",1
1989,117298000,121.90800000000141,-0.03926249434042553,-0.04211290976595745,0.020148509212765956,0.40385485553191486,1409.4545454545455,1433.0,1337.0,1433.5454545454545,123450.0,2.0,0.8651232535514018,0.910082179906542,0.910082179906542,0.910082179906542,0.0,0.0,0.051339935555555556,0.0069540715555555565,0.16100282777777777,-2.404310588888889,-0.009310616666666667,-9.563904333333333,16.02017726415094,24.896032150943398,101132.69905660377,0.66524808,-0.0767727585106383,-0.0980565465106383,-0.7361605570212766,23.379068401785712,16.811826776785715,-15.000374410714285,-0.3167567245535714,-2.7331534732142857,0.007410262767857143,0.12100944047619047,0.30102555952380955,0.442436459047619,4768.869037829388,5760.152754933646,4774.09331311629,5750.978464227069,"1,1,60",1
1990,117348000,121.95800000000142,-0.040633511538461536,-0.04203474001923077,0.020017042115384614,0.4040747169230769,1410.0,1433.4554455445545,1337.0,1433.2277227722773,123450.0,2.0,0.8649745048148147,0.9099830264814814,0.9099830264814814,0.9099830264814814,0.0,0.0,0.06424844874999999,0.0131824325,0.1588577025,-2.386121675,-0.015562148249999998,-9.472361,16.028309705882354,24.89603019607843,101132.59588235294,0.6683090466666667,-0.07602148383333333,-0.09870860208333333,-0.7333732970833333,23.362888195876288,16.67556512371134,-14.999574319587628,-0.29485784453608244,-2.736428557731959,0.005611238044329897,0.12405951999999999,0.299050504,0.4412904035,4777.726190476229,5753.020414806923,4762.4448242190365,5761.281249999694,"1,1,60",1
1991,117398000,122.00800000000142,-0.04025784014285714,-0.04244492714285714,0.02017545142857143,0.40434647714285715,1410.0,1434.4455445544554,1337.0,1433.7227722772277,123450.0,2.0,0.8648247085185184,0.9098831468518519,0.9098831468518519,0.9098831468518519,0.0,0.0,0.041545093,0.016511334,0.16085501,-2.4372973,0.019153781,-9.625888,16.01681103773585,24.89602745283019,101132.77679245283,0.6713399849056604,-0.07524204116981133,-0.0992392459245283,-0.7306082332075472,23.348160360824743,16.539200175257733,-14.999131536082475,-0.2724019630927835,-2.7395732484536084,0.00404901727113402,0.12731704,0.30136335,0.44335824,4774.304394531245,5762.197070312439,4768.63212890581,5759.221484375445,"1,1,60",1
1992,117448000,122.05800000000141,-0.04020272879166666,-0.0426416675,0.020045026458333334,0.4043823125,1410.0,1434.7864077669904,1337.2135922330096,1434.4271844660195,123450.0,2.0,0.8646751305555556,0.909783413888889,0.909783413888889,0.909783413888889,0.0,0.0,0.054595019499999994,0.01597929525,0.1579253675,-2.4552538,-0.05177444675,-9.50677725,15.987619705882354,24.896023705882353,101133.10647058823,0.6743186672727273,-0.07464168927272727,-0.09958659378181818,-0.7278743058181818,23.33490612,16.40267218,-14.998802000000001,-0.249797001,-2.741437028,0.003526628212,0.127835535,0.30084788749999997,0.4401263025,4776.368931361748,5756.016043526293,4755.777808779602,5768.167736235686,"1,1,60",1
1993,117498000,122.10800000000141,-0.03996946945454545,-0.04251029763636364,0.019418476345454547,0.4047458930909091,1410.0,1434.3009708737864,1337.6990291262136,1435.3980582524273,123450.0,2.0,0.8645289731481481,0.9096859787037037,0.9096859787037037,0.9096859787037037,0.0,0.0,0.039115195,0.0009988416250000004,0.15759256124999999,-2.409016125,0.0023943670000000014,-9.474754749999999,15.98182,24.896018358490565,101133.17,0.6772962170454546,-0.07420680977272727,-0.09994964777272727,-0.7251004552272727,23.323012119999998,16.26599368,-14.998577000000001,-0.227054426,-2.742118428,0.0039640838119999995,0.13047689095238094,0.30062786190476193,0.43945204285714284,4770.09130859375,5756.91455078125,4774.61083984375,5758.341796875,"1,1,60",1
1994,117548000,122.15800000000141,-0.03993744968888889,-0.04260262311111111,0.01962552268888889,0.4051170942222222,1410.0,1434.0,1338.3917525773195,1435.6082474226805,123450.0,2.0,0.8643828157407407,0.9095885435185186,0.9095885435185186,0.9095885435185186,0.0,0.0,0.038276687000000004,0.004866279090909091,0.15475392727272727,-2.428809272727273,0.009903455109090908,-9.52076181818182,16.002809411764705,24.896014019607843,101132.93156862745,0.680244372244898,-0.07391554959183674,-0.10028634195918366,-0.7223177746938776,23.312132639999998,16.12932818,-14.99855194,-0.2041762922,-2.742964408,0.003334604452,0.131753144,0.298721096,0.4364806,4778.732755962309,5758.7925061679025,4760.103772614739,5774.331131784975,"1,1,60",1
1995,117598000,122.20800000000142,-0.03866590430769231,-0.04175136461538462,0.019669963000000002,0.40513470461538464,1410.0,1434.0,1339.4226804123712,1434.5773195876288,123450.0,2.0,0.8642316571428571,0.9094877714285714,0.9094877714285714,0.9094877714285714,0.0,0.0,0.010918771,-0.0026633355,0.15446337,-2.4636338,-0.03591286,-9.575611,16.016545283018868,24.896008113207547,101132.77320754717,0.6831611292307692,-0.07380923,-0.10050818861538462,-0.7195395323076923,23.302189639999998,15.99267468,-14.99871144,-0.1811730272,-2.743962308,0.0017202620520000004,0.134317544,0.30002091599999997,0.438444324,4767.800292968592,5763.152343749997,4783.106152343913,5745.825195312236,"1,1,60",1
1996,117648000,122.25800000000142,-0.03891378856862745,-0.041585051666666664,0.019674868882352942,0.40496369215686273,1410.0,1434.22,1339.56,1434.22,123450.0,2.0,0.8640799428571428,0.9093866285714286,0.9093866285714286,0.9093866285714286,0.0,0.0,0.0423440215,0.0030625323,0.159257125,-2.3792382499999998,0.011372624349999999,-9.5013915,15.985612115384615,24.89600207692308,101133.13230769231,0.6860576352941177,-0.07372636388235294,-0.10074124588235293,-0.7167541635294118,23.29338362,15.85621098,-14.99938678,-0.158194405,-2.74521441,0.00012000468399999992,0.137899163,0.300478253,0.438546485,4774.807080078274,5754.62475585915,4765.404638671037,5754.742236328595,"1,1,60",1
1997,117698000,122.30800000000141,-0.03955667857142857,-0.04215326557142857,0.019858270285714286,0.40490015714285715,1410.0,1434.72,1338.56,1434.72,123450.0,2.0,0.8639276194174758,0.9092850796116505,0.9092850796116505,0.9092850796116505,0.0,0.0,0.04737088725,0.011484899375000001,0.1536311375,-2.3787892875,0.011372625125,-9.48523,15.964845769230768,24.89599507692308,101133.37076923077,0.6889879959183673,-0.0731942875510204,-0.10114392840816326,-0.7139358514285714,23.28562712,15.71992248,-15.00053828,-0.13523853,-2.74670116,-0.0014672511160000001,0.1397912880952381,0.3005556852380952,0.4364003380952381,4766.018261718722,5757.893359375135,4767.025781249709,5745.527343750215,"1,1,60",1
1998,117748000,122.35800000000143,-0.040681639411764704,-0.042578241117647055,0.020092142235294118,0.40460915960784316,1409.78,1434.78,1338.0,1435.0,123450.0,2.0,0.8637751436893204,0.9091834291262136,0.9091834291262136,0.9091834291262136,0.0,0.0,0.06597983,0.011917941500000001,0.1526656975,-2.384326025,-0.0457889425,-9.5959615,15.99618117647059,24.89598788235294,101133.02294117647,0.6919058140425531,-0.07245260829787234,-0.10156487965957448,-0.7111243663829787,23.279199480000003,15.58383626,-15.00195017,-0.1123031846,-2.74738555,-0.002801858208,0.14046390782608695,0.29999561913043477,0.43459905652173914,4772.472070312912,5748.762377929175,4746.852124022732,5760.603686523622,"1,1,60",1
1999,117798000,122.40800000000142,-0.040379315857142856,-0.04243708257142857,0.019637665857142855,0.4043397928571429,1409.28,1434.28,1338.0,1435.0,123450.0,2.0,0.8636222694285715,0.9090815059047619,0.9090815059047619,0.9090815059047619,0.0,0.0,0.03541989125,0.011318028499999999,0.1495365675,-2.42472775,0.005985671225,-9.53430975,16.006535188679248,24.895981716981133,101132.89403773585,0.6947979389473684,-0.07177662694736843,-0.10198691957894737,-0.7083062810526316,23.273998480000003,15.44793676,-15.00360242,-0.08938678959999999,-2.7473293,-0.0039032511080000004,0.1440088785,0.29991265699999997,0.4363128725,4758.000558035292,5747.0878208704635,4751.967285156331,5745.244698660861,"1,1,60",1
2000,117848000,122.45800000000142,-0.041372331862745096,-0.042940042352941174,0.01956487256862745,0.4046330449019608,1409.0,1434.0,1338.22,1434.34,123450.0,2.0,0.8634692551428571,0.9089794868571428,0.9089794868571428,0.9089794868571428,0.0,0.0,0.03515368675,0.0117180265,0.15779234250000002,-2.393902625,-0.01466432325,-9.46876825,15.983937352941176,24.895974921568627,101133.15294117648,0.6976609069767441,-0.07139279776744187,-0.10219964613953487,-0.70549622,23.27015052,15.3122606,-15.005437709999999,-0.06659031518,-2.7471154639999997,-0.004646970094,0.1455556,0.30010619,0.435054,4757.226464843854,5745.263867187328,4746.6038574217155,5759.358886719375,"1,1,60",1
2001,117898000,122.50800000000142,-0.040841025,-0.04252335314285714,0.019861980571428572,0.40444911714285714,1409.0,1434.0,1338.72,1432.84,123450.0,2.0,0.8633212593457944,0.9088808145794393,0.9088808145794393,0.9088808145794393,0.0,0.0,0.017577067,-0.0053261877,0.15739281,-2.4121583,-0.0047882367,-9.516952,15.983503113207547,24.895967698113207,101133.16603773585,0.7005092660377358,-0.07122915566037737,-0.10236311490566037,-0.7026598458490566,23.26755152,15.1767906,-15.00744196,-0.04390453668,-2.746756164,-0.005060528544,0.14957088666666668,0.2988071428571429,0.43439046666666664,4747.299874442078,5749.654715401867,4760.068219866064,5728.680315289547,"1,1,60",1
2002,117948000,122.55800000000141,-0.040985458372549015,-0.04242853678431373,0.020189382745098038,0.40421682117647056,1409.0,1433.78,1338.78,1432.0,123450.0,2.0,0.8631760864485981,0.9087840248598131,0.9087840248598131,0.9087840248598131,0.0,0.0,0.04800349,0.0067247407499999995,0.1580586,-2.4337060249999998,0.01586175175,-9.45889325,16.006031470588237,24.895961411764706,101132.89694117647,0.7033366702127659,-0.07104602319148937,-0.1026024529787234,-0.699813594680851,23.266376800000003,15.04141056,-15.0097378,-0.02074808694,-2.746036088,-0.005589417404,0.14969156739130435,0.2974640304347826,0.43312194652173913,4752.101074219052,5742.230674342065,4744.43629214547,5739.089304071505,"1,1,60",1
2003,117998000,122.60800000000143,-0.041867737428571423,-0.04269259871428571,0.01971678385714286,0.4040563457142857,1409.0,1433.28,1338.28,1432.0,123450.0,2.0,0.8630299351851852,0.9086865952777778,0.9086865952777778,0.9086865952777778,0.0,0.0,0.0480700025,0.007856242825,0.1600560475,-2.3885158,0.01047479875,-9.4855295,16.00263745283019,24.89595562264151,101132.95000000001,0.706234527735849,-0.07051886566037735,-0.10302926169811322,-0.6968789441509434,23.2665168,14.90611356,-15.0123028,0.0028428285600000033,-2.744982988,-0.006224765104,0.15280354047619046,0.3001558380952381,0.43442749523809526,4744.850097655994,5733.461425781384,4738.627929687727,5741.064746092555,"1,1,60",1
2004,118048000,122.65800000000142,-0.040659456,-0.04271081837254902,0.01984761111764706,0.4036211533333333,1408.78,1433.0,1338.0,1432.44,123450.0,2.0,0.8628828055555555,0.9085885258333334,0.9085885258333334,0.9085885258333334,0.0,0.0,0.037350785250000004,-0.00206399863,0.15679363,-2.41545035,0.041000864750000005,-9.50168875,15.997009352941175,24.895950588235294,101133.02647058824,0.709087560212766,-0.07013314212765957,-0.10338511680851065,-0.6939627676595744,23.268066,14.770652759999999,-15.01471388,0.02660207716,-2.74318231,-0.00512814376,0.15570463391304348,0.2974111139130435,0.4334823243478261,4742.746504934183,5725.656147203771,4736.754574423984,5726.715511924514,"1,1,60",1
2005,118098000,122.70800000000142,-0.041055596285714285,-0.04331141142857143,0.019614727714285712,0.40361050857142855,1408.28,1433.0,1338.0,1433.44,123450.0,2.0,0.8627334969230769,0.9084889990384616,0.9084889990384616,0.9084889990384616,0.0,0.0,0.029827325000000002,0.0175767475,0.1577923275,-2.423530725,0.0299276865,-9.42657,16.004851396226414,24.895947679245282,101132.91518867925,0.7119022843396227,-0.06979409471698113,-0.10357652339622642,-0.691079923018868,23.270916,14.63504076,-15.01698288,0.05051671016,-2.74069156,-0.0024327817599999997,0.156783718,0.297824452,0.431168596,4732.014229910336,5735.305594308135,4727.540178571609,5730.86488560202,"1,1,60",1
2006,118148000,122.75800000000143,-0.04097236074509804,-0.04266582313725491,0.02017121443137255,0.40367201764705885,1408.4444444444443,1433.2222222222222,1338.0,1434.0,123450.0,2.0,0.8625799584615385,0.9083866432692308,0.9083866432692308,0.9083866432692308,0.0,0.0,0.039681163875,0.002596629445,0.1561943875,-2.366369375,-0.031274094875,-9.479093,15.953281764705881,24.895946450980393,101133.51656862746,0.7146983495744681,-0.0694176459574468,-0.10377025191489361,-0.6881975693617022,23.274917067961166,14.499137893203883,-15.018474873786408,0.07388853182524271,-2.7389471980582525,0.0011295528349514563,0.16039736347826086,0.29840586521739126,0.4317312260869565,4733.674169922247,5729.0557373046395,4731.190869140713,5726.978759765572,"1,1,60",1
2007,118198000,122.80800000000143,-0.041183565625,-0.042530517625,0.020703633875,0.404164751875,1409.4545454545455,1433.7272727272727,1338.0,1434.0,123450.0,2.0,0.8624269388571428,0.908284635047619,0.908284635047619,0.908284635047619,0.0,0.0,0.0375506865,0.00133157175,0.1577257,-2.4699187,-0.0005983882503299999,-9.29219675,15.986514999999999,24.895945,101133.115,0.7174602538461539,-0.06912167192307692,-0.10410792413461538,-0.6852957661538461,23.279980660194173,14.362966533980583,-15.01924963106796,0.09675929687378641,-2.7378918097087377,0.005492169825242718,0.16179560190476192,0.29592906142857145,0.43063265285714286,4738.997969777691,5727.0108449836835,4730.437808388519,5733.658614308928,"1,1,60",1
2008,118248000,122.85800000000143,-0.041211493489795914,-0.04244024440816326,0.020433647142857142,0.40485302836734693,1410.23,1434.69,1338.46,1433.77,123450.0,2.0,0.862275396,0.908183616,0.908183616,0.908183616,0.0,0.0,0.0260989915,-2.6089999999995544e-08,0.158857555,-2.37026,0.025737828999999997,-9.34636475,16.015659433962263,24.895945,101132.76252830189,0.7202104183673469,-0.06891513763265307,-0.10435921653061225,-0.6823878693877551,23.286047909090907,14.2267475,-15.019566852272726,0.12006173886363637,-2.736666478409091,0.009617918204545455,0.162769214,0.29631907749999997,0.4307240485,4738.890429687544,5731.628662109418,4740.443066406262,5734.938183593959,"1,1,60",1
2009,118298000,122.90800000000142,-0.04063077688235294,-0.042236907294117644,0.020790052470588235,0.40549488294117647,1410.73,1436.19,1339.46,1433.27,123450.0,2.0,0.8621243564485981,0.9080829274766355,0.9080829274766355,0.9080829274766355,0.0,0.0,0.0236355195,0.0062582626999999995,0.1553288975,-2.417245975,0.038307391499999996,-9.45889225,16.02085294117647,24.89594531372549,101132.71925490195,0.7229351470588234,-0.06884074423529413,-0.1044959125490196,-0.6794868784313726,23.293293363636362,14.0904725,-15.01934696590909,0.14387093204545454,-2.7352416488636364,0.013465603431818182,0.16674840869565216,0.29450218260869565,0.43008785217391304,4751.1181640625,5735.91796875,4736.34033203125,5748.69580078125,"1,1,60",1
2010,118348000,122.95800000000142,-0.04032071782692308,-0.042494105692307695,0.020786966634615385,0.40564666365384616,1411.0,1436.7722772277227,1340.0,1433.2277227722773,123450.0,2.0,0.8619759592523364,0.9079839742056075,0.9079839742056075,0.9079839742056075,0.0,0.0,0.029117199666666666,0.008699989,0.15419702333333332,-2.4061730666666667,-0.016759244666666666,-9.593965666666666,16.03129807692308,24.895947134615383,101132.605,0.7256619229166666,-0.06865216166666667,-0.10459146291666667,-0.67657873,23.301918880733943,13.95424743119266,-15.019000678899083,0.1666946500917431,-2.733651108256881,0.014363189137614678,0.16814508666666667,0.2946051333333333,0.4310026766666667,4745.371861049152,5749.28748139884,4749.439360118501,5733.886369978017,"1,1,60",1
2011,118398000,123.00800000000143,-0.04121688071428572,-0.042841233,0.02064153457142857,0.40572801000000003,1411.0,1436.2772277227723,1340.0,1433.7227722772277,123450.0,2.0,0.8618275535238095,0.9078850158095239,0.9078850158095239,0.9078850158095239,0.0,0.0,0.047537493,0.01191749425,0.1587244,-2.405873625,-0.00927736875,-9.461585750000001,16.049321698113207,24.89594837735849,101132.36018867925,0.728388741509434,-0.06819859679245283,-0.10478954641509433,-0.673656921509434,23.31113585321101,13.818043761467889,-15.018600220183487,0.18909602165137615,-2.7319895486238535,0.01399644647706422,0.1695581315,0.293444309,0.43009279300000003,4750.488351004269,5744.3443080358875,4734.97258649592,5744.709263392513,"1,1,60",1
2012,118448000,123.05800000000143,-0.04094584479166667,-0.04215342704166666,0.020764055208333333,0.4060764875,1411.4444444444443,1436.2222222222222,1340.4444444444443,1434.2222222222222,123450.0,2.0,0.8616787297142857,0.9077858062857143,0.9077858062857143,0.9077858062857143,0.0,0.0,0.0400139415,0.00619191625,0.15419706500000002,-2.389114425,0.03860667162499999,-9.4675715,16.065607692307694,24.895952076923077,101132.17807692307,0.73109769,-0.06769506875,-0.10512308875,-0.6707154475,23.321267410526318,13.681968715789473,-15.018010336842107,0.21163434042105264,-2.730589757894737,0.015326381178947369,0.174093217,0.294264365,0.429929165,4748.913476562674,5748.473046875124,4746.584521484466,5733.375488281152,"1,1,60",1
2013,118498000,123.10800000000143,-0.04088245388235295,-0.041868530588235295,0.02064760923529412,0.40671340411764706,1412.4545454545455,1436.7272727272727,1341.4545454545455,1434.7272727272727,123450.0,2.0,0.8615299059047619,0.9076865967619048,0.9076865967619048,0.9076865967619048,0.0,0.0,0.05006745,0.011185475,0.14993596,-2.4049757,0.015562475,-9.387667,16.04755,24.895954,101132.38,0.73380004,-0.06727164615384616,-0.10545382,-0.6677479753846154,23.3322432,13.5460124,-15.017245599999999,0.234299072,-2.7294316,0.0182224796,0.174537654,0.29263366,0.42872540400000003,4759.741570724024,5744.347579152898,4738.493266858617,5750.354851974081,"1,1,60",1
2014,118548000,123.15800000000144,-0.040427148865384614,-0.042153801442307695,0.020584973846153844,0.4075292492307692,1413.0,1437.0,1342.0,1435.46,123450.0,2.0,0.8613808518518519,0.9075872307407408,0.9075872307407408,0.9075872307407408,0.0,0.0,0.03690400142857143,0.007913401628571428,0.15313172428571428,-2.4540570571428573,0.024968271142857143,-9.419302857142858,15.957918181818181,24.895957636363637,101133.47636363636,0.7364856519148936,-0.06685459021276596,-0.1057258774468085,-0.6647841685106383,23.3445072371134,13.41039812371134,-15.01674598969072,0.2568415775257732,-2.7267573587628866,0.01889914582474227,0.17748137913043477,0.29276857130434786,0.4266756082608696,4757.846731085435,5759.248972039895,4754.858038651554,5741.160284744963,"1,1,60",1
2015,118598000,123.20800000000143,-0.040858874625,-0.042421784375,0.0202915448125,0.40788207249999997,1413.0,1437.0,1342.0,1436.46,123450.0,2.0,0.8612317777777777,0.9074878511111112,0.9074878511111112,0.9074878511111112,0.0,0.0,0.0397344596,0.0069241112,0.155635104,-2.43226948,0.0251392832,-9.628282200000001,15.992804528301885,24.895961396226415,101133.03750943397,0.7391627663461539,-0.06649624798076922,-0.10597094557692308,-0.6618024142307692,23.357560845360823,13.274993484536083,-15.01640887628866,0.2793091703092784,-2.723153905154639,0.018215514896907217,0.17963972142857143,0.29265197428571427,0.4282467557142857,4762.958136307672,5758.4749434616415,4746.595574629219,5760.83434416148,"1,1,60",1
2016,118648000,123.25800000000143,-0.04057340134615385,-0.04188450555769231,0.020042447538461537,0.4077205198076923,1413.23,1437.0,1341.31,1437.23,123450.0,2.0,0.8610960932038835,0.9073973708737865,0.9073973708737865,0.9073973708737865,0.0,0.0,0.029128521125,-0.0055592827875,0.1554952825,-2.3772928125000004,-0.0553657585,-9.5097715625,16.035397411764706,24.895963647058824,101132.54470588236,0.7418466045833333,-0.0661767303125,-0.10629916966666667,-0.6587724145833334,23.372243656565654,13.13973006060606,-15.016422575757575,0.3016907006060606,-2.7211036464646465,0.016070606292929293,0.181260873,0.291054336,0.4274809705,4758.4842285156765,5750.718579101491,4764.457397461365,5741.2915283194025,"1,1,60",1
2017,118698000,123.30800000000143,-0.041907237,-0.042205432625,0.0204677275625,0.407455568125,1413.73,1437.0,1339.81,1437.73,123450.0,2.0,0.8609646368932038,0.9073097009708737,0.9073097009708737,0.9073097009708737,0.0,0.0,0.04793685,0.0034624431,0.16405077,-2.4241292,0.035913188,-9.366119,16.024345653846154,24.895966365384613,101132.68076923078,0.7445539742307693,-0.06590268134615385,-0.10663915444230769,-0.6556826975,23.38769315151515,13.00453309090909,-15.016601363636363,0.32403173090909093,-2.719784303030303,0.013238037606060606,0.18381438083333332,0.29209201791666667,0.42652542083333334,4753.642456054632,5733.640405273294,4754.835424803918,5750.846093750578,"1,1,60",1
2018,118748000,123.35800000000143,-0.04199098593877551,-0.043110043714285715,0.020797243795918366,0.40715228306122453,1413.7628865979382,1437.0,1339.0,1437.7628865979382,123450.0,2.0,0.8608056333333333,0.9072037,0.9072037,0.9072037,0.0,0.0,0.035353695000000004,0.01178435675,0.15472964,-2.41904165,0.023343640625000002,-9.6363625,15.974467452830188,24.895969207547168,101133.25509433962,0.7472621108163265,-0.0654532962244898,-0.10683727959183673,-0.6526081591836735,23.40456900917431,12.869759137614679,-15.016579220183486,0.346155261559633,-2.7169525321100916,0.011080492,0.18809725,0.29161745714285714,0.4262059657142857,4746.877348399846,5752.571637835309,4745.771647135503,5734.4986746644145,"1,1,60",1
2019,118798000,123.40800000000144,-0.0418044325,-0.043149583,0.0207781375,0.40692863,1413.2474226804125,1437.0,1339.0,1437.2474226804125,123450.0,2.0,0.8606348238095238,0.9070898428571429,0.9070898428571429,0.9070898428571429,0.0,0.0,0.044741314,0.01757682,0.15526226,-2.4540572,0.053869713,-9.512165,15.95184423076923,24.895972076923076,101133.53,0.74991842,-0.06492644461538462,-0.10688675384615384,-0.6495982038461539,23.422056165137615,12.73516647706422,-15.016470963302753,0.36818557807339447,-2.7134725779816513,0.009212242,0.187445686,0.289503092,0.425623672,4739.660449219072,5744.9563476559415,4733.365332030939,5743.415234375082,"1,1,60",1
2020,118848000,123.45800000000143,-0.0422263925,-0.042587198,0.020787161499999998,0.407221155,1413.504854368932,1437.2524271844661,1339.0,1437.504854368932,123450.0,2.0,0.8604761074766355,0.9069840476635515,0.9069840476635515,0.9069840476635515,0.0,0.0,0.04534655127272727,0.004018847709090909,0.15889383636363638,-2.4010581363636367,0.01893612369090909,-9.409321,16.00114173076923,24.895975615384614,101132.93576923078,0.75259215,-0.064368844,-0.10713188375,-0.6465142875,23.44060067368421,12.600834378947368,-15.016380136842105,0.39027144389473684,-2.7092311010526315,0.009971934884210526,0.18840027391304348,0.29004880217391305,0.4258901956521739,4738.900506882419,5742.134161086117,4743.618536086767,5738.827148437399,"1,1,60",1
2021,118898000,123.50800000000143,-0.04255259205882353,-0.04275658858823529,0.02074328517647059,0.40789506,1414.4757281553398,1437.7378640776699,1339.0,1438.4757281553398,123450.0,2.0,0.860325453271028,0.9068836271028038,0.9068836271028038,0.9068836271028038,0.0,0.0,0.053582847999999995,0.00367521076,0.156380798,-2.48661822,0.078051142,-9.3886244,16.011094705882353,24.895978882352942,101132.84470588235,0.7552405588235295,-0.06383514909803921,-0.1075258256862745,-0.6434056833333334,23.4601212,12.466742799999999,-15.0163054,0.41240858599999997,-2.70428668,0.0131574212,0.19179864458333334,0.28970160125,0.4241028333333333,4753.378238076066,5744.972810444513,4737.873560854721,5749.642912212587,"1,1,60",1
2022,118948000,123.55800000000144,-0.042443734711538464,-0.04275960388461539,0.020971581134615384,0.4085648442307692,1415.2277227722773,1438.0,1339.6831683168316,1438.7722772277227,123450.0,2.0,0.8601856712380952,0.9067904445714285,0.9067904445714285,0.9067904445714285,0.0,0.0,0.03994752225,0.004260941250000001,0.1583249025,-2.4091658249999996,0.0026936436500000008,-9.5358065,16.01982233962264,24.8959829245283,101132.73849056604,0.7578358902083333,-0.06337450958333334,-0.10790777175,-0.6403286910416667,23.481156072916665,12.332907239583333,-15.01636709375,0.434963655625,-2.7002514916666667,0.014664910864583333,0.19522163714285715,0.2885857142857143,0.4248076571428572,4752.810449218406,5751.201953125,4746.857763673125,5758.165917968361,"1,1,60",1
2023,118998000,123.60800000000144,-0.04158325,-0.04189152728571428,0.020792429285714287,0.40878410857142855,1415.7227722772277,1438.0,1341.1683168316831,1438.2772277227723,123450.0,2.0,0.8600586521904762,0.9067057588571429,0.9067057588571429,0.9067057588571429,0.0,0.0,0.024833993625,-0.006358218,0.15775901250000002,-2.3530516374999997,-0.0086788162625,-9.51770125,16.017998666666667,24.895986647058823,101132.75215686274,0.7603933768421053,-0.06327859947368421,-0.10820165905263159,-0.6372483057894737,23.50311909375,12.19922859375,-15.01651240625,0.45777487437500003,-2.696773575,0.01514395096875,0.1965823605,0.286372155,0.423518709,4758.895786830721,5748.79429408453,4754.6773158481255,5750.447893415287,"1,1,60",1
2024,119048000,123.65800000000144,-0.041388323000000005,-0.0421966835,0.0209929025,0.40879823499999995,1415.7777777777778,1438.0,1341.7777777777778,1438.4444444444443,123450.0,2.0,0.8599162676635514,0.9066108295327103,0.9066108295327103,0.9066108295327103,0.0,0.0,0.024634334,-0.0047939408,0.153131755,-2.4313123,-0.0017954879999999996,-9.421185000000001,15.971809905660377,24.89599003773585,101133.31245283019,0.762916025,-0.06327744541666667,-0.10843232591666666,-0.6341880979166666,23.5266233125,12.065868437499999,-15.016738499999999,0.47907213375,-2.69291879375,0.015299182375,0.19935551599999998,0.285672889,0.423773232,4752.496777343163,5745.991357422011,4760.273046875739,5739.712988280309,"1,1,60",1
2025,119098000,123.70800000000143,-0.041782654763636365,-0.042917952254545456,0.020788350945454545,0.4089386918181818,1415.2727272727273,1438.0,1341.2727272727273,1439.4545454545455,123450.0,2.0,0.859746566728972,0.9064976893457944,0.9064976893457944,0.9064976893457944,0.0,0.0,0.03169155,0.017310804,0.16298547,-2.3762453,-0.020350548,-9.524134,15.994800294117647,24.89599482352941,101133.0505882353,0.7654698425531915,-0.06303836170212766,-0.10851863404255319,-0.6311120723404255,23.550788044642857,11.932644776785715,-15.016999214285713,0.49972055339285715,-2.688902499107143,0.015315638625000001,0.20127425000000002,0.284605924,0.42359624,4742.409716796998,5749.243139648188,4750.411181640372,5755.160034180379,"1,1,60",1
2026,119148000,123.75800000000143,-0.04135652918367347,-0.042671100999999996,0.020487662551020407,0.40919888775510205,1415.46,1438.23,1341.23,1439.77,123450.0,2.0,0.8595858378095238,0.9063905367619047,0.9063905367619047,0.9063905367619047,0.0,0.0,0.03503543,0.003550679011111111,0.15354605999999998,-2.4447461777777777,0.0051876036,-9.541691555555555,16.022303301886794,24.895999735849056,101132.71664150944,0.7680574489795918,-0.06264836053061225,-0.10858720163265306,-0.6279874163265307,23.576047125,11.799319352272727,-15.016935613636363,0.5205958579545454,-2.685173855681818,0.015941986136363637,0.201568974,0.28436993699999996,0.420718495,4749.526562500191,5754.288964844092,4748.562451172465,5752.314355467418,"1,1,60",1
2027,119198000,123.80800000000144,-0.04112878270588235,-0.04200993229411765,0.020900131588235293,0.40950488823529413,1416.46,1438.73,1341.73,1439.27,123450.0,2.0,0.8594569187619048,0.906304612952381,0.906304612952381,0.906304612952381,0.0,0.0,0.032324076,-0.0031291049500000003,0.15519575125,-2.40916555,-0.01795634852566875,-9.466524625,16.00290107843137,24.89600356862745,101132.9265490196,0.7705619450980392,-0.06236231635294118,-0.10885910235294118,-0.6248928352941177,23.602590875,11.66587446590909,-15.016491295454546,0.5417375056818182,-2.681782889772727,0.017284292954545453,0.2057091895,0.283499018,0.422639526,4751.64946289094,5757.598559570023,4763.169213866936,5736.701562500569,"1,1,60",1
2028,119248000,123.85800000000144,-0.04251143669230769,-0.04221082146153846,0.021298762115384614,0.4098340634615385,1416.7722772277227,1439.0,1342.0,1439.2277227722773,123450.0,2.0,0.859323085,0.906215411111111,0.906215411111111,0.906215411111111,0.0,0.0,0.0666457225,0.006724511475,0.1531982975,-2.41604915,-0.00987591875,-9.44722225,16.02913051923077,24.89600746153846,101132.60346153846,0.7730557453846154,-0.06181180853846154,-0.1093168095,-0.6217795096153846,23.630660055045873,11.531845770642201,-15.015525706422018,0.5624065596330275,-2.6784085266055047,0.017161272798165136,0.20636192666666667,0.28260944,0.42105570952380955,4766.93423622574,5748.436651932196,4739.995476973185,5757.542094983984,"1,1,60",1
2029,119298000,123.90800000000144,-0.04222881785714286,-0.04254984657142857,0.021089939428571427,0.40987032285714287,1416.2772277227723,1439.0,1342.0,1439.7227722772277,123450.0,2.0,0.85915321,0.9061021703703703,0.9061021703703703,0.9061021703703703,0.0,0.0,0.05838971,0.0195076275,0.16138760500000002,-2.39719495,-0.019452724,-9.54269,16.00378905660377,24.89601096226415,101132.90207547169,0.7755877608163265,-0.06091081144897959,-0.10979648779591837,-0.6186229591836735,23.659382990825687,11.397566871559633,-15.01433671559633,0.5828730733944955,-2.6750412788990827,0.016410255366972475,0.209274475,0.2819095325,0.42067738,4754.740652901508,5752.0505022318575,4748.037109374846,5753.323800223269,"1,1,60",1
2030,119348000,123.95800000000145,-0.042331838791666666,-0.042565909,0.020761427541666665,0.40998948999999996,1416.4444444444443,1439.2222222222222,1342.0,1440.2222222222222,123450.0,2.0,0.858983335,0.9059889296296296,0.9059889296296296,0.9059889296296296,0.0,0.0,0.0502273212,0.014274369799999999,0.156007958,-2.42867818,0.016520159799999996,-9.576328,16.00896538181818,24.89601401818182,101132.86563636364,0.7781629375000001,-0.060090266375,-0.11007552375,-0.6154114875,23.689055434782606,11.263304130434783,-15.013199934782609,0.6042438910869565,-2.6713586782608694,0.01591952254347826,0.20985988,0.282971688,0.418188651,4754.702543713118,5750.550246465807,4739.484095981774,5759.174804687409,"1,1,60",1
2031,119398000,124.00800000000145,-0.04245318752941177,-0.04213693329411765,0.020900156176470588,0.4104088764705882,1417.4545454545455,1439.7272727272727,1342.0,1440.7272727272727,123450.0,2.0,0.8588309338461538,0.9058872923076923,0.9058872923076923,0.9058872923076923,0.0,0.0,0.03881546075,0.011052236,0.1585246825,-2.4118591250000003,0.02304436,-9.502288,16.019649951923075,24.89601751923077,101132.7226923077,0.7806979313725491,-0.05944556631372549,-0.11032318980392157,-0.6122103156862745,23.719604347826085,11.129056304347827,-15.012111347826087,0.6264494508695653,-2.6673849826086955,0.01566905243478261,0.21275081,0.28247495875,0.41899005791666666,4751.02071340476,5754.49375513979,4755.089766652628,5751.735942640186,"1,1,60",1
2032,119448000,124.05800000000144,-0.042183187510204084,-0.04241153330612245,0.02071662893877551,0.41095787102040815,1418.2277227722773,1439.7722772277227,1342.6831683168316,1440.7722772277227,123450.0,2.0,0.8586792607692307,0.9057861384615384,0.9057861384615384,0.9057861384615384,0.0,0.0,0.049215063999999996,0.0143811166,0.154996036,-2.47416818,-0.0280119934,-9.5356268,15.957370132075472,24.89602066037736,101133.4603773585,0.783230612244898,-0.058915695591836736,-0.11051442489795918,-0.6089838646938776,23.751781277777777,10.994912777777778,-15.010548444444444,0.6481449857407408,-2.66262755,0.015346100287037038,0.21540000333333334,0.28056992,0.41857579333333333,4761.096772693671,5756.49009486619,4742.88806733597,5770.799200149263,"1,1,60",1
2033,119498000,124.10800000000144,-0.041507525076923076,-0.04177008384615385,0.02045782323076923,0.41138319384615385,1418.7227722772277,1439.2772277227723,1344.1683168316831,1440.2772277227723,123450.0,2.0,0.8585290219230769,0.905686,0.905686,0.905686,0.0,0.0,0.031957895,0.00026650945,0.16005602,-2.4361002,0.028730586,-9.524135,15.982542307692308,24.896025153846157,101133.19076923077,0.785713966101695,-0.05853588294915254,-0.11072966305084746,-0.6057730808474576,23.784724333333333,10.860818333333333,-15.008762333333333,0.6696005088888889,-2.6575013,0.014989038944444444,0.217665512,0.281293326,0.418129824,4758.038183593598,5761.126855468485,4766.628222656556,5755.073046875124,"1,1,60",1
2034,119548000,124.15800000000144,-0.04162698766666667,-0.0415081865,0.020322698916666666,0.41153845666666666,1418.78,1439.66,1345.0,1440.44,123450.0,2.0,0.8583789786538462,0.905586,0.905586,0.905586,0.0,0.0,0.03941473711111111,0.006569293777777778,0.15538068,-2.4591113555555557,0.06743685037777777,-9.458960444444443,15.992298695652174,24.896027057971015,101133.06608695652,0.7881509426829267,-0.05834463497560975,-0.11099267268292683,-0.6025716585365853,23.818906249999998,10.727355249999999,-15.00672575,0.691450445,-2.651972025,0.014845331375,0.220528573,0.27883575299999996,0.418316,4764.442675781381,5754.2153320312855,4753.573339842958,5758.292724609597,"1,1,60",1
2035,119598000,124.20800000000145,-0.04125033,-0.04231989861538461,0.020501531384615385,0.41189008,1418.28,1441.16,1345.0,1441.44,123450.0,2.0,0.8582281084615384,0.9054854115384615,0.9054854115384615,0.9054854115384615,0.0,0.0,0.03522990571428571,0.011172590476190477,0.15792543571428572,-2.461524323809524,0.05888612333333333,-9.438857,16.01951608695652,24.896028507246374,101132.71826086957,0.790598275,-0.05789560935714286,-0.11115883714285714,-0.59936775,23.85423173076923,10.594474961538461,-15.004457961538462,0.7136644546153846,-2.6460707269230768,0.01489856575,0.22168125655172413,0.2772976989655172,0.4161489103448276,4756.840624999924,5765.880859375419,4765.691992187593,5760.326757812513,"1,1,60",1
2036,119648000,124.25800000000145,-0.042117638416666665,-0.04235564375,0.020916886875,0.4125189225,1418.6666666666667,1442.0,1345.0,1442.2222222222222,123450.0,2.0,0.8580770315384615,0.9053846759615385,0.9053846759615385,0.9053846759615385,0.0,0.0,0.0528639135,0.0073238165,0.15659383500000001,-2.4534583999999997,0.061650867,-9.493011,16.01965617647059,24.89602964705882,101132.74235294119,0.7930287295833334,-0.05735971241666667,-0.11134295604166666,-0.5961668458333333,23.890396589473685,10.461815263157895,-15.00175614736842,0.7354236042105263,-2.6401666884210524,0.014777377336842106,0.22372901,0.27765055,0.41624422,4767.22551269557,5763.957397460827,4755.435668945552,5767.93017578157,"1,1,60",1
2037,119698000,124.30800000000144,-0.04295079770588235,-0.04197923941176471,0.020993587352941177,0.41315153294117646,1420.1818181818182,1442.0,1345.0,1442.7272727272727,123450.0,2.0,0.8579443099999999,0.90529618,0.90529618,0.90529618,0.0,0.0,0.04120303057142857,0.004641288428571429,0.15457746285714286,-2.4687639285714287,-0.025651996142857143,-9.503441714285714,15.970496764705882,24.89603,101133.30941176471,0.7954528866666666,-0.056759894,-0.11170410133333333,-0.5929182333333334,23.92762974736842,10.329436315789474,-14.998501936842105,0.7566038410526316,-2.634259162105263,0.014434196284210526,0.22392292347826087,0.2763573895652174,0.41596518,4772.130517577978,5766.366162109271,4767.280126953416,5772.602099609714,"1,1,60",1
2038,119748000,124.35800000000145,-0.04391023467346939,-0.04203725579591836,0.020847434979591836,0.4132288181632653,1420.7788461538462,1442.4423076923076,1345.6634615384614,1442.5576923076924,123450.0,2.0,0.8578187266666666,0.9052124438888889,0.9052124438888889,0.9052124438888889,0.0,0.0,0.0326238275,0.00545928035,0.16178702,-2.4396915,-0.0017954844999999997,-9.55526,15.94426,24.89603,101133.6116981132,0.797842873076923,-0.05640765738461538,-0.11199688607692307,-0.5896758346153846,23.96563120792079,10.197745861386139,-14.9959650990099,0.7780134205940594,-2.6283623297029703,0.012067107321782178,0.2269085425,0.2756266275,0.415924425,4772.612397693357,5762.179222469861,4763.347493489565,5782.370558965915,"1,1,60",1
2039,119798000,124.40800000000145,-0.04233184390909091,-0.04173343938181818,0.020901071672727273,0.41347383000000004,1420.298076923077,1443.4038461538462,1347.1057692307693,1441.5961538461538,123450.0,2.0,0.8576667862616822,0.9051111476635514,0.9051111476635514,0.9051111476635514,0.0,0.0,0.01704424675,-0.00093226943,0.1593236,-2.3924059250000003,0.01316827675,-9.6273845,15.954372307692307,24.89602946153846,101133.50692307693,0.8002198647058824,-0.05634004768627451,-0.1121035105882353,-0.5864326078431372,24.00428714851485,10.0666419009901,-14.994039356435643,0.7996183661386138,-2.622474606930693,0.007975948658415843,0.23036367782608694,0.2729629095652174,0.41545043739130433,4772.163248697852,5777.415527344944,4783.797200521719,5759.400390624039,"1,1,60",1
2040,119848000,124.45800000000145,-0.04137308797916667,-0.04178838347916667,0.021236755625,0.41374200333333333,1420.1979166666667,1443.8020833333333,1347.6041666666667,1441.59375,123450.0,2.0,0.8574941367289719,0.9049960542056075,0.9049960542056075,0.9049960542056075,0.0,0.0,0.038682355625,0.006624922,0.156727025,-2.439990775,-0.022146200625,-9.5087235,15.977401176470588,24.896027980392155,101133.23156862745,0.802560725,-0.0562801941875,-0.1121522825,-0.5832215281249999,24.044190363636364,9.935893494949495,-14.992649626262626,0.8207785062626263,-2.6164739,0.0042737925965656565,0.2325860605,0.27351327249999996,0.416941603,4771.56982421875,5779.7421875,4779.451171875,5755.98583984375,"1,1,60",1
2041,119898000,124.50800000000145,-0.043551814375000004,-0.042348511625,0.021055726375,0.4136906925,1420.71875,1443.28125,1346.5625,1443.15625,123450.0,2.0,0.857330028,0.9048866600000001,0.9048866600000001,0.9048866600000001,0.0,0.0,0.05592643,0.017043915,0.15446337,-2.4827871,-0.03591286,-9.619903,15.982181153846154,24.896023634615386,101133.18980769231,0.8049455395833334,-0.05557363458333333,-0.11243950741666667,-0.5799379091666667,24.08524490909091,9.805473292929294,-14.991754676767677,0.8415280567676767,-2.6103688999999997,0.0009307158591919194,0.23402679913043478,0.2722661347826087,0.4146186826086956,4773.615517064249,5780.870425576372,4767.929610402987,5770.732010690344,"1,1,60",1
2042,119948000,124.55800000000144,-0.04436112547169811,-0.04221833716981132,0.02086208686792453,0.4138757054716981,1421.0,1443.23,1346.23,1443.31,123450.0,2.0,0.8571777137142857,0.9047851361904762,0.9047851361904762,0.9047851361904762,0.0,0.0,0.0643153925,0.00585926765,0.156460685,-2.43250895,0.029329136999999998,-9.570822,15.97039254716981,24.896018698113206,101133.33433962264,0.8073306320754717,-0.054620411226415096,-0.11286352811320755,-0.5766204556603773,24.127709640000003,9.67536343,-14.991154135,0.8629386615,-2.6039768359999997,-0.0025806186912000007,0.236854025,0.27192116,0.41337668499999997,4778.547705078061,5763.054687499736,4763.118017577288,5779.107080078604,"1,1,60",1
2043,119998000,124.60800000000145,-0.04377835595744681,-0.04168709127659574,0.021122814170212768,0.4136627172340426,1421.0,1443.73,1346.73,1441.81,123450.0,2.0,0.8570264839252337,0.9046843242990654,0.9046843242990654,0.9046843242990654,0.0,0.0,0.03944446377777778,0.003875839277777778,0.15322055555555555,-2.4072370666666667,-0.01263589777777778,-9.624157555555556,15.995352647058823,24.89601425490196,101133.00666666667,0.8096785235294117,-0.05393260460784314,-0.11328061431372549,-0.5733028531372549,24.17137564,9.54551793,-14.990804384999999,0.8849123865,-2.597340236,-0.006235283971200001,0.23856288,0.2699483,0.41435972,4773.70217413593,5760.441277755562,4759.659822163765,5770.202122736862,"1,1,60",1
2044,120048000,124.65800000000145,-0.04228858846938775,-0.04129739067346939,0.021795853142857143,0.41345693551020407,1420.77,1443.77,1346.77,1441.0,123450.0,2.0,0.8568775586915888,0.9045850252336448,0.9045850252336448,0.9045850252336448,0.0,0.0,0.024634175125,0.0062253216375,0.1547962525,-2.452411,0.0344168163125,-9.528325500000001,16.034974107142858,24.896007964285715,101132.52392857143,0.8119369019230769,-0.05370800903846154,-0.11343052567307693,-0.5700913609615385,24.21624125,9.41597726,-14.990899055,0.9068511438,-2.590334708,-0.0093208431,0.238877801,0.2696144965,0.412659038,4765.626976376753,5766.26253255187,4764.510416666066,5753.129580543142,"1,1,60",1
2045,120098000,124.70800000000145,-0.042400126647058826,-0.04159590476470588,0.02176140176470588,0.41320248,1420.27,1443.27,1346.27,1441.0,123450.0,2.0,0.8567286033333333,0.9044856083333332,0.9044856083333332,0.9044856083333332,0.0,0.0,0.038815519,0.0219043705,0.155794985,-2.42143585,-0.0433947475,-9.646838625,16.01938,24.896002000000003,101132.7125,0.81419824375,-0.053428323708333336,-0.1134405215625,-0.5668818,24.26212875,9.28669626,-14.991372305,0.9287601138,-2.583014908,-0.0119216081,0.2412674635,0.268555973,0.411966946,4755.8693359366225,5767.803906250487,4753.225390625701,5757.178417968036,"1,1,60",1
2046,120148000,124.75800000000146,-0.042591263924528305,-0.04178282103773585,0.021628184924528303,0.41308821773584903,1420.23,1442.77,1346.0,1441.23,123450.0,2.0,0.8565795107407408,0.9043856546296296,0.9043856546296296,0.9043856546296296,0.0,0.0,0.0472711965,0.014514551,0.15486276,-2.48159025,0.029329137649999996,-9.490018,16.00412125,24.895994428571427,101132.92678571428,0.8164929714285715,-0.05285778344897959,-0.11347869755102041,-0.5636173632653061,24.309393629213485,9.157720505617977,-14.99211604494382,0.9503811738202248,-2.5753505831460677,-0.013011892168539325,0.24405015826086957,0.26458040608695654,0.4122040795652174,4756.372070312674,5766.580357142501,4748.476399739071,5749.350330171479,"1,1,60",1
2047,120198000,124.80800000000146,-0.043904450255319145,-0.04189599202127659,0.021348503170212765,0.41316346510638297,1420.73,1442.27,1346.0,1441.73,123450.0,2.0,0.8564304228571429,0.9042857266666667,0.9042857266666667,0.9042857266666667,0.0,0.0,0.0571248505,0.009587293925,0.151533865,-2.4049761000000003,-0.02064982325,-9.524734,16.051181981132075,24.895987245283017,101132.37075471699,0.8187625019607843,-0.05214655343137255,-0.1137799605882353,-0.5603205235294118,24.357831831460675,9.0290047752809,-14.99309020224719,0.9717569771910113,-2.5673927741573035,-0.012815470258426966,0.24522944857142856,0.2670050819047619,0.4133911404761905,4764.378743489745,5753.482259114357,4739.370442708538,5756.573567708078,"1,1,60",1
2048,120248000,124.85800000000145,-0.0435489086122449,-0.04210936693877551,0.020911467938775512,0.41347116244897963,1421.0,1442.46,1346.0,1441.77,123450.0,2.0,0.8562815657142857,0.90418706,0.90418706,0.90418706,0.0,0.0,0.0359524765,0.00732363725,0.15326498,-2.4001877,0.0197523295,-9.390658,15.995543846153847,24.895979730769234,101133.05346153847,0.8210420183673469,-0.05152653,-0.11412235510204082,-0.556962975510204,24.407925324324324,8.900799450450451,-14.994347945945945,0.9928041820720721,-2.5584527972972975,-0.012856587936936937,0.2485570223809524,0.2644175742857143,0.41079582571428575,4755.277246093624,5753.349804687353,4750.157885742137,5754.8754150400055,"1,1,60",1
2049,120298000,124.90800000000145,-0.04281856647058824,-0.04235366588235294,0.021322994411764707,0.4135593611764706,1421.0,1443.46,1346.0,1441.27,123450.0,2.0,0.8561327085714285,0.9040883933333332,0.9040883933333332,0.9040883933333332,0.0,0.0,0.031957738,0.012782935,0.16058871,-2.4361002,0.049081303,-9.458294,15.986515,24.895973,101133.14,0.823313688235294,-0.051218544666666664,-0.11420296078431373,-0.5536113843137255,24.45854154054054,8.772755306306307,-14.995695243243242,1.0137476190090091,-2.549202662162162,-0.012972718117117117,0.24813111,0.2631991,0.41072652,4754.811857524575,5754.000282689593,4741.549393502762,5770.320132606945,"1,1,60",1
2050,120348000,124.95800000000145,-0.042033331183673465,-0.041740879183673474,0.02212006481632653,0.4134871908163265,1420.7722772277227,1443.7722772277227,1346.2277227722773,1440.7722772277227,123450.0,2.0,0.8559809246153847,0.9039872615384615,0.9039872615384615,0.9039872615384615,0.0,0.0,0.019174941375,-0.0032289448124999997,0.1501024225,-2.420089175,0.028730586875,-9.400385625,16.03714735294118,24.895966137254902,101132.56156862745,0.8255,-0.051128024,-0.11424056,-0.5503473,24.510137841584157,8.644981207920793,-14.997302237623762,1.0341596257425743,-2.5405772623762375,-0.01255002,0.2501716535,0.2616526755,0.41091542,4751.08586774579,5761.903971353796,4751.476655506087,5735.455496652016,"1,1,60",1
2051,120398000,125.00800000000146,-0.04192437507692307,-0.04127584461538462,0.021888207384615384,0.4133271438461538,1420.2772277227723,1443.2772277227723,1346.7227722772277,1440.2772277227723,123450.0,2.0,0.8558288861538462,0.9038859153846154,0.9038859153846154,0.9038859153846154,0.0,0.0,0.034088656,-0.0015977299,0.15526228,-2.421735,-0.001196935,-9.507375,16.03816,24.895958603773586,101132.55,0.8276554423076923,-0.0510245783076923,-0.11444765153846154,-0.5470653692307692,24.56256902970297,8.517437148514851,-14.999130455445544,1.0541189326732674,-2.5324840445544554,-0.01166832,0.251631032,0.26158298,0.411011888,4754.618872070658,5753.589086913727,4743.8197998043,5751.640625000251,"1,1,60",1
2052,120448000,125.05800000000146,-0.04228526811764705,-0.041436287137254904,0.021585801019607845,0.41305854568627454,1420.44,1442.78,1346.12,1441.1,123450.0,2.0,0.8556786659813084,0.9037857785046729,0.9037857785046729,0.9037857785046729,0.0,0.0,0.0494016085,0.00599215695,0.156061275,-2.39240635,-0.020949102,-9.493609500000002,16.061720363636365,24.895952981818184,101132.24890909091,0.82987307,-0.050543118941176475,-0.11473333988235294,-0.5436803647058823,24.61607184,8.390105799999999,-15.00096012,1.073962692,-2.5240188800000003,-0.01111933316,0.2546238547826087,0.2603791839130435,0.40939414347826086,4746.790917968557,5751.257812499519,4747.288769530846,5733.272949219477,"1,1,60",1
2053,120498000,125.10800000000145,-0.044893036428571426,-0.042444181,0.021512578571428572,0.41332702,1421.44,1442.28,1344.12,1443.6,123450.0,2.0,0.8555287921495327,0.9036858719626167,0.9036858719626167,0.9036858719626167,0.0,0.0,0.06143003066666667,0.019973683,0.15606134333333335,-2.440090966666667,-0.02035055066666667,-9.476250333333333,16.070032615384616,24.895946480769233,101132.1426923077,0.8321101139622642,-0.049734957018867924,-0.11503212498113208,-0.5402614203773585,24.67056384,8.2629708,-15.00279112,1.093699792,-2.51521038,-0.01087746616,0.2551855775,0.259028423,0.409222247,4749.617350260516,5746.444824218719,4725.420735676599,5755.61181640704,"1,1,60",1
2054,120548000,125.15800000000146,-0.04484530111764706,-0.04240323190196078,0.021548251019607844,0.4134262454901961,1422.4444444444443,1442.2222222222222,1343.0,1444.5555555555557,123450.0,2.0,0.8553773963461538,0.9035849475961538,0.9035849475961538,0.9035849475961538,0.0,0.0,0.040879796499999996,0.00985365315,0.161254335,-2.4402903,0.0185552282,-9.425373,16.01574828301887,24.89594058490566,101132.78196226415,0.8343564782978723,-0.04888560957446809,-0.11529895029787234,-0.5368077165957447,24.725927717171718,8.136402206060605,-15.004079696969697,1.1135986545454546,-2.5056399828282827,-0.009854910464646463,0.2598197226086957,0.2583863347826087,0.4087098913043478,4734.105365954107,5748.420461553992,4734.766061883482,5743.687140213558,"1,1,60",1
2055,120598000,125.20800000000146,-0.0442955145,-0.041779507687499995,0.02208881025,0.41342128437500003,1423.4545454545455,1442.7272727272727,1343.0,1443.5454545454545,123450.0,2.0,0.8552253482692308,0.9034835870192307,0.9034835870192307,0.9034835870192307,0.0,0.0,0.040953457222222225,-0.0012427994555555552,0.15958253333333333,-2.4410216666666664,-0.014365043777777788,-9.429563777777778,15.992590882352943,24.895936176470588,101133.04705882353,0.8365516509433962,-0.04842370369811321,-0.11559049445283018,-0.5333585603773584,24.782096404040402,8.010356448484849,-15.004867575757576,1.1336468363636363,-2.495366295959596,-0.00811171905050505,0.26246111125,0.25666982374999997,0.408757315,4744.027783203302,5741.503613281223,4734.764208984126,5743.965820312826,"1,1,60",1
2056,120648000,125.25800000000146,-0.04487235398076923,-0.04195021923076923,0.022475944615384616,0.41371796692307694,1424.0,1443.0,1343.23,1443.0,123450.0,2.0,0.8550762434259259,0.903384177962963,0.903384177962963,0.903384177962963,0.0,0.0,0.03515365,-0.00066594735,0.157259705,-2.460641,-0.0371099625,-9.5001935,15.984889807692308,24.89593230769231,101133.14076923077,0.8386937425531915,-0.04800556680851064,-0.11593443680851064,-0.5299476182978723,24.83910793,7.884852990000001,-15.00548974,1.153223068,-2.485426052,-0.006613202265,0.26216845,0.255170235,0.407082658,4742.236816405964,5746.336523437255,4739.650000000029,5738.833203125591,"1,1,60",1
2057,120698000,125.30800000000146,-0.0446585180625,-0.041905698875,0.022088006875,0.413832046875,1424.0,1443.0,1343.73,1443.0,123450.0,2.0,0.8549289425,0.903285965,0.903285965,0.903285965,0.0,0.0,0.043675613,0.003195656,0.15632766,-2.439692,-0.051475175,-9.551668,16.017786464285713,24.895928642857143,101132.75571428571,0.8408370423076923,-0.04762729203846154,-0.11621573326923076,-0.5265119384615384,24.89683743,7.759811490000001,-15.00597074,1.1723972679999999,-2.475769852,-0.005323112015,0.26495466,0.25499082,0.40623704,4748.5765573603885,5740.357935854983,4734.026084498209,5747.065198396588,"1,1,60",1
2058,120748000,125.35800000000145,-0.04424117485714286,-0.041700971938775505,0.022250202897959186,0.4142057873469388,1423.7788461538462,1442.7788461538462,1344.6634615384614,1443.6634615384614,123450.0,2.0,0.8547798675925926,0.9031865743518519,0.9031865743518519,0.9031865743518519,0.0,0.0,0.029694073,0.0051933406000000005,0.15632759499999999,-2.4295164,-0.0029925881500000003,-9.425973500000001,16.040462716981132,24.895926490566037,101132.50584905662,0.8429351576923076,-0.047284502230769236,-0.11649648711538461,-0.5231154019230769,24.95564516831683,7.63534868019802,-15.006596732673268,1.191187804950495,-2.4662715148514853,-0.0029960752445544556,0.267064035,0.251468989,0.40608266800000004,4741.388500976622,5754.105761719154,4740.539648437903,5741.0217285151775,"1,1,60",1
2059,120798000,125.40800000000146,-0.043749529090909095,-0.0414648694,0.021464939236363636,0.41472133236363634,1423.298076923077,1442.298076923077,1346.1057692307693,1445.1057692307693,123450.0,2.0,0.8546287101851852,0.9030858012037037,0.9030858012037037,0.9030858012037037,0.0,0.0,0.041278936,-0.005326022,0.15339811,-2.421735,-0.02992736,-9.382876,16.015624000000003,24.895925127272726,101132.80309090909,0.8450354504166666,-0.04703487725,-0.11670468854166667,-0.519691965,25.015371405940595,7.511378828712871,-15.007346237623763,1.2096515178217822,-2.4569076534653465,0.00021428633960396057,0.2679810404761905,0.25281544476190476,0.4063459923809524,4744.01806640625,5750.5869140625,4750.30908203125,5740.0888671875,"1,1,60",1
2060,120848000,125.45800000000146,-0.04415640991111111,-0.041818623066666664,0.021193476933333334,0.4150282831111111,1423.1958762886597,1442.1958762886597,1346.8041237113403,1446.0,123450.0,2.0,0.8544781942857143,0.9029854571428572,0.9029854571428572,0.9029854571428572,0.0,0.0,0.047604086375,0.0029295406624999997,0.16075505,-2.4705170125,-0.030974817,-9.541941875000001,15.999979905660378,24.895923283018867,101132.97226415094,0.84717996,-0.046552034,-0.11704271,-0.51615596,25.07659876,7.387855086,-15.008532540000001,1.229148256,-2.446795102,0.0016055818,0.26920868400000003,0.249791295,0.4054035505,4748.051196288816,5744.10327148491,4749.4119140626135,5753.347607421157,"1,1,60",1
2061,120898000,125.50800000000146,-0.04400596123076923,-0.04193733553846154,0.021540837384615385,0.4150551276923077,1423.7113402061855,1442.7113402061855,1346.2886597938145,1446.0,123450.0,2.0,0.8543291752380953,0.9028861142857143,0.9028861142857143,0.9028861142857143,0.0,0.0,0.037284146000000004,0.015046907,0.15739286,-2.47261205,0.016759579000000004,-9.3894615,16.034187307692306,24.895921384615384,101132.57615384615,0.8493201142857143,-0.046004375714285714,-0.117243055,-0.5126286357142856,25.13921176,7.264743136,-15.01012204,1.249598556,-2.435991452,0.0013177393,0.272732926,0.248921168,0.404969868,4741.507529810894,5754.724943462282,4740.930304275949,5749.76248972089,"1,1,60",1
2062,120948000,125.55800000000147,-0.0445989417254902,-0.04166458605882353,0.021323136823529414,0.41512248823529413,1424.22,1443.44,1346.22,1445.78,123450.0,2.0,0.8541804942592593,0.9027869974074074,0.9027869974074074,0.9027869974074074,0.0,0.0,0.044075345,0.0077231265,0.15552861,-2.4863784000000004,0.079008828,-9.483434500000001,16.03503,24.895919450980394,101132.56705882354,0.8514390511627907,-0.045444222558139534,-0.11739151953488372,-0.5091197093023255,25.20301715151515,7.1422794161616165,-15.011118737373737,1.269866095959596,-2.4248663545454545,0.002250121774747475,0.27340515699999995,0.246474731,0.405013726,4746.7938476556965,5748.989062499855,4738.872460938031,5753.01142578084,"1,1,60",1
2063,120998000,125.60800000000147,-0.04391974342857143,-0.04161281457142857,0.021745348285714287,0.4152889557142857,1424.72,1444.44,1346.72,1445.28,123450.0,2.0,0.8540331655555555,0.9026887844444444,0.9026887844444444,0.9026887844444444,0.0,0.0,0.043409653,-0.0037282917,0.15686019,-2.4588456,-0.014365046,-9.470264,15.989792641509434,24.895918,101133.07773584906,0.8535217199999999,-0.044986832684210526,-0.117623305,-0.5056052052631579,25.26792321212121,7.020414062626263,-15.011568232323233,1.2899649343434343,-2.4134445363636363,0.0043088657646464645,0.27524869913043476,0.2468186256521739,0.40462539000000003,4742.95371607727,5743.589406866734,4744.090537623319,5748.835063733799,"1,1,60",1
2064,121048000,125.65800000000146,-0.043670525083333335,-0.04151980520833334,0.02173082466666667,0.41552544874999997,1425.0,1445.2222222222222,1347.0,1445.0,123450.0,2.0,0.8538854821999999,0.902590335,0.902590335,0.902590335,0.0,0.0,0.03241451685714286,0.009092657514285715,0.15491991428571428,-2.416775942857143,0.02684942857142857,-9.463596571428571,16.027867115384616,24.895918,101132.64961538461,0.855576365,-0.04464375925,-0.11785032895833333,-0.5020999591666666,25.33400266,6.8992401,-15.01178661,1.310056219,-2.402471279,0.00613614983,0.27775392,0.24544529,0.40379207,4748.199340819999,5748.978271484529,4734.360473633619,5754.9290283192795,"1,1,60",1
2065,121098000,125.70800000000146,-0.043330133529411764,-0.04157242547058824,0.021910657294117647,0.41577098705882354,1425.0,1445.7272727272727,1347.0,1445.0,123450.0,2.0,0.8537292872,0.90248621,0.90248621,0.90248621,0.0,0.0,0.032823495,0.005259791925,0.1630520325,-2.3939025249999997,-0.034416482750000005,-9.40262875,16.029230294117646,24.895918,101132.62960784313,0.8575974274509804,-0.04435095182352941,-0.11797761431372548,-0.4986354980392157,25.40108166,6.7786551,-15.01180811,1.330141069,-2.391880129,0.00776626433,0.2787696043478261,0.24477624,0.4031885352173913,4740.723095703169,5749.1499511718275,4750.838427734383,5744.679003906776,"1,1,60",1
2066,121148000,125.75800000000146,-0.04373253317307692,-0.041674512692307694,0.022150334846153846,0.41609513115384616,1425.2277227722773,1445.7722772277227,1347.0,1445.0,123450.0,2.0,0.8535733972222223,0.9023822874074073,0.9023822874074073,0.9023822874074073,0.0,0.0,0.03944442088888889,0.009054868444444445,0.1602039211111111,-2.4235971555555555,-0.011305788444444444,-9.455236444444445,16.053219433962266,24.895918,101132.34264150943,0.85962893125,-0.0439447945625,-0.11809837375,-0.49513283124999996,25.468877742574257,6.658615900990099,-15.012226742574256,1.3498278168316833,-2.381548612871287,0.007854367851485149,0.279880714,0.24076998449999998,0.4035071545,4747.975292968365,5751.758300781187,4740.472460938393,5755.040136718043,"1,1,60",1
2067,121198000,125.80800000000147,-0.04394082828571429,-0.04154259114285714,0.021945346285714283,0.41612282857142857,1425.7227722772277,1445.2772277227723,1347.0,1445.0,123450.0,2.0,0.8534248277777778,0.9022832225925925,0.9022832225925925,0.9022832225925925,0.0,0.0,0.044208348,0.00958774,0.16112126,-2.457648,-0.068234585,-9.563639,16.02768653846154,24.895918,101132.60653846154,0.8616517964285715,-0.043381225732142856,-0.11827116991071428,-0.4916113796428571,25.537284673267326,6.539041643564357,-15.012983673267327,1.3691754405940595,-2.3714382663366336,0.006628906465346534,0.2833075342857143,0.2398744357142857,0.4014513523809524,4745.3521972658755,5751.6651367189015,4745.930371093073,5743.890283203095,"1,1,60",1
2068,121248000,125.85800000000147,-0.04419422008333333,-0.041828587083333334,0.022373045916666667,0.4160302325,1425.78,1445.0,1347.0,1445.22,123450.0,2.0,0.8532762583333333,0.9021841577777777,0.9021841577777777,0.9021841577777777,0.0,0.0,0.0560594555,0.0155794235,0.152066545,-2.4450785,-0.0095766415,-9.523537000000001,16.015605588235296,24.895918078431375,101132.79303921568,0.8636473170731708,-0.042701039829268296,-0.11843774990243902,-0.48811916585365855,25.60654912,6.4199602979999995,-15.014144159999999,1.388497338,-2.3607341820000003,0.006013013122,0.285004525,0.239156218,0.402910037,4751.8105957025045,5748.824755859415,4724.25419921895,5753.674316406154,"1,1,60",1
2069,121298000,125.90800000000146,-0.043849014461538466,-0.04182700476923077,0.022276455692307694,0.4160086538461538,1425.28,1445.0,1347.0,1445.72,123450.0,2.0,0.8531284737383178,0.9020856393457944,0.9020856393457944,0.9020856393457944,0.0,0.0,0.04094614125,0.0033956673250000002,0.1602557175,-2.442085825,0.04668710025,-9.47475425,16.036895961538463,24.89592003846154,101132.51538461538,0.8656257054545454,-0.042049489,-0.11854604472727273,-0.4846299527272727,25.67660512,6.301333948,-15.01567716,1.407795488,-2.349482032,0.005959797972,0.28576485695652176,0.23951574304347828,0.40255646,4742.283854166578,5751.751464843737,4737.317220052176,5742.92496744811,"1,1,60",1
2070,121348000,125.95800000000148,-0.04532862125,-0.04201436529166667,0.022201522333333334,0.41629026041666667,1424.78,1445.0,1347.0,1445.34,123450.0,2.0,0.8529807961682243,0.9019871954205608,0.9019871954205608,0.9019871954205608,0.0,0.0,0.038283182,0.002995951575,0.155195685,-2.389712775,-0.055964306,-9.3870685,15.973694038461538,24.89592196153846,101133.28461538462,0.86759604,-0.041613773224489795,-0.11868623040816327,-0.48109834142857144,25.747668360000002,6.182926362,-15.01721094,1.426793,-2.339144432,0.0059367931579999995,0.2871376175,0.2369653575,0.40325198500000003,4743.584147135647,5743.290945870417,4733.671758742262,5751.273949032864,"1,1,60",1
2071,121398000,126.00800000000147,-0.04464562984615385,-0.041792904,0.022388773,0.41600925,1424.28,1445.0,1347.0,1443.84,123450.0,2.0,0.8528292298076923,0.9018861591346155,0.9018861591346155,0.9018861591346155,0.0,0.0,0.031891242,0.010386249,0.16152074,-2.419939225,-0.061351254,-9.4936085,16.007823076923074,24.895923884615385,101132.86276923076,0.8695638923076923,-0.04122801846153846,-0.11881802692307693,-0.4775327130769231,25.81966136,6.064720712,-15.01874544,1.445513,-2.329651032,0.0059416748079999995,0.28896849047619044,0.23550885380952383,0.4010228619047619,4731.548665364169,5742.244628906234,4744.963053385769,5723.3777669263145,"1,1,60",1
2072,121448000,126.05800000000147,-0.0445085658627451,-0.04212664137254902,0.022601340784313726,0.41592829333333337,1424.22,1445.0,1347.0,1443.88,123450.0,2.0,0.8526762971153846,0.9017842120192308,0.9017842120192308,0.9017842120192308,0.0,0.0,0.047936728,0.021172339999999998,0.15925707,-2.4917653499999997,-0.039504168,-9.411608999999999,16.05162490566038,24.895925773584906,101132.36067924529,0.8715372393617021,-0.04068464942553192,-0.11885731234042553,-0.47395926468085103,25.89228016161616,5.94712597979798,-15.01968002020202,1.4627841434343434,-2.3187422686868686,0.007338972626262626,0.2918967608695652,0.23345367869565217,0.40166411304347827,4730.5192382816995,5747.693359375416,4726.624804686336,5736.688671875729,"1,1,60",1
2073,121498000,126.10800000000147,-0.04595343485714286,-0.04274030828571428,0.02242433442857143,0.4164240342857143,1424.72,1445.0,1347.0,1445.88,123450.0,2.0,0.8525271027777778,0.9016847569444445,0.9016847569444445,0.9016847569444445,0.0,0.0,0.06578023,0.013315459,0.15712647,-2.468422,0.016759578,-9.464281,15.997349615384616,24.895929384615386,101133.00230769231,0.8735198710714286,-0.03960650255357143,-0.11898374414285715,-0.4703532967857143,25.965476626262628,5.830095171717172,-15.020060828282828,1.4787178808080808,-2.3065270161616165,0.010021577676767677,0.29268277285714284,0.23297915238095238,0.40030776476190477,4732.250051397953,5748.805252877689,4722.81445312544,5742.020559211241,"1,1,60",1
2074,121548000,126.15800000000146,-0.046182518156862744,-0.04205718584313725,0.022370104333333335,0.4163243156862745,1425.2222222222222,1445.0,1347.4444444444443,1446.5555555555557,123450.0,2.0,0.8523798342592592,0.9015865856481482,0.9015865856481482,0.9015865856481482,0.0,0.0,0.0727042925,0.005259834,0.1518667675,-2.460042325,0.0314240675,-9.59925275,15.990381470588236,24.895932470588235,101133.09376470587,0.87547694,-0.03844519075,-0.11934547300000001,-0.46670789999999995,26.039736100000002,5.713901395,-15.02005348,1.496230477,-2.294584006,0.01134497651,0.29395064782608693,0.23186806260869566,0.3999356047826087,4743.571289062732,5743.919824218149,4713.42988281216,5745.529980468788,"1,1,60",1
2075,121598000,126.20800000000148,-0.045770622,-0.041097163,0.0225446364375,0.416328230625,1425.7272727272727,1445.0,1348.4545454545455,1445.5454545454545,123450.0,2.0,0.8522307404761905,0.9014871904761904,0.9014871904761904,0.9014871904761904,0.0,0.0,0.04554011125,-0.0006325821875,0.16078834875,-2.418443475,-0.0070328041,-9.416396875,16.006017307692307,24.895936153846154,101132.89992307693,0.8773470288461538,-0.03766618480769231,-0.11981639403846153,-0.4631236473076923,26.1149011,5.598420645,-15.01971548,1.515088027,-2.282872906,0.01151053301,0.29512849,0.22997606199999998,0.3999914395,4738.7041015621635,5732.274658202725,4725.329687500921,5738.25537109352,"1,1,60",1
2076,121648000,126.25800000000147,-0.04524206493877551,-0.04138552275510204,0.021945734489795917,0.4169144936734694,1426.2277227722773,1445.4554455445545,1349.0,1445.0,123450.0,2.0,0.8520798214285714,0.9013865714285714,0.9013865714285714,0.9013865714285714,0.0,0.0,0.02669826225,-0.00416139875,0.16315190875,-2.4917656625,0.03142406375,-9.477897625,16.0311175,24.895943000000003,101132.625,0.8792218612244899,-0.03739091632653061,-0.12013150102040816,-0.4594953830612245,26.1910561980198,5.483760298019802,-15.019053683168318,1.5340598722772276,-2.2700968089108913,0.01259141594059406,0.2982015465,0.2270638505,0.398068676,4737.31324404782,5736.868768601445,4734.841541108201,5742.648065476845,"1,1,60",1
2077,121698000,126.30800000000147,-0.04516069723076923,-0.041848435,0.02221504969230769,0.4174777992307692,1426.7227722772277,1446.4455445544554,1349.0,1445.0,123450.0,2.0,0.8519299292592593,0.901286637037037,0.901286637037037,0.901286637037037,0.0,0.0,0.03002727475,0.0016644852,0.16078831999999998,-2.425924975,-0.043993289500000005,-9.530419250000001,15.982440094339623,24.895948490566038,101133.19226415094,0.8810883538461538,-0.03723169492307692,-0.12025189923076923,-0.45588706384615385,26.268054712871287,5.369798812871287,-15.01811605940594,1.5531290801980198,-2.256413492079208,0.014452021386138613,0.30013745000000003,0.22709789333333333,0.39786580666666665,4734.71126302056,5745.773763021199,4743.300292969247,5746.150553384833,"1,1,60",1
2078,121748000,126.35800000000148,-0.04468628783333333,-0.041513908583333335,0.022297600916666667,0.41792857791666665,1427.44,1447.22,1349.22,1445.44,123450.0,2.0,0.8517815774074075,0.9011877296296296,0.9011877296296296,0.9011877296296296,0.0,0.0,0.031159152500000002,0.00745705925,0.1628523,-2.4133558,-0.0017954880000000013,-9.3744975,16.005295,24.895954,101132.88066666666,0.8829421372727273,-0.03702740227272727,-0.12029729386363637,-0.45229200772727274,26.34642732,5.256657541999999,-15.0164921,1.571702776,-2.2425434,0.01656661982,0.302098063,0.224772424,0.398610727,4736.835984003219,5751.724283853739,4739.966355096588,5746.641090030517,"1,1,60",1
2079,121798000,126.40800000000148,-0.04531568446153846,-0.04157037353846154,0.02221033523076923,0.4186351376923077,1428.44,1447.72,1349.72,1446.44,123450.0,2.0,0.8516324076923077,0.9010882761538461,0.9010882761538461,0.9010882761538461,0.0,0.0,0.047670715,-0.0018642653,0.15419699,-2.5270803,0.025139285,-9.40203,16.020000094339622,24.895960981132077,101132.72547169811,0.8847846215384615,-0.036627573076923076,-0.12047276615384615,-0.4486610369230769,26.426068320000002,5.144273392,-15.0142346,1.589819076,-2.2285009,0.01891567332,0.30338328,0.22375471,0.396960924,4748.601635742047,5752.269140625526,4743.3514160168825,5750.168896483784,"1,1,60",1
2080,121848000,126.45800000000148,-0.045477716,-0.04109048441666666,0.02221555420833333,0.41924904375,1429.22,1448.22,1350.44,1447.0,123450.0,2.0,0.8514806480769231,0.9009870934615385,0.9009870934615385,0.9009870934615385,0.0,0.0,0.038882241,-0.00173114755,0.162585985,-2.4923643999999996,-0.0233433035,-9.565435,16.030936346153844,24.89596803846154,101132.61961538461,0.8865931684615385,-0.03615324873076923,-0.12081941115384616,-0.44502132499999997,26.50667808,5.032608636,-15.01153016,1.608092078,-2.2149637099999997,0.01976170192,0.305700307,0.221011117,0.397782134,4753.693731399221,5757.293410527811,4753.5445265994595,5759.913643973425,"1,1,60",1
2081,121898000,126.50800000000147,-0.04524991692307693,-0.04065819369230769,0.022224123076923077,0.41966408615384615,1429.72,1448.72,1351.44,1447.0,123450.0,2.0,0.8513288740776699,0.9008859011650486,0.9008859011650486,0.9008859011650486,0.0,0.0,0.0447410785,-0.0005327293316800001,0.15712653,-2.3942022,-0.004189686600000001,-9.561245,16.012517615384613,24.895975307692307,101132.81923076922,0.8883903436363637,-0.03572041321818181,-0.121171722,-0.4413615649090909,26.58818208,4.921607936,-15.00841316,1.626509728,-2.20189296,0.01922032292,0.307163894,0.21993941,0.396452942,4759.539208984515,5752.597998047632,4749.620581055055,5759.323486327314,"1,1,60",1
2082,121948000,126.55800000000147,-0.04441439517647059,-0.04083195064705882,0.022278744725490195,0.4202672207843137,1430.44,1449.22,1352.44,1447.44,123450.0,2.0,0.8511770245631068,0.9007846584466019,0.9007846584466019,0.9007846584466019,0.0,0.0,0.0356197975,0.007656872,0.1560612375,-2.44358215,0.000897990500000001,-9.47984325,15.988908529411765,24.89598205882353,101133.09776470588,0.8901533,-0.035362376249999994,-0.1214009885,-0.4377623925,26.670363,4.811284875,-15.005167499999999,1.6450965499999999,-2.18845085,0.018789681500000002,0.307924696,0.21876942600000002,0.39737521,4758.211621093797,5768.688769530793,4760.060839843598,5755.744921875743,"1,1,60",1
2083,121998000,126.60800000000148,-0.04504777571428571,-0.04097901257142857,0.022066974,0.4211511114285714,1431.44,1449.72,1353.44,1448.44,123450.0,2.0,0.851025536146789,0.9006836574311927,0.9006836574311927,0.9006836574311927,0.0,0.0,0.0448076225,0.010120135749999998,0.1566605,-2.4534585,0.054168987,-9.606437,15.982351509433963,24.895987358490565,101133.18694339623,0.8919496833962265,-0.03491390471698113,-0.1215183402264151,-0.4340921196226415,26.75316876923077,4.701587326923077,-15.001803076923077,1.6638395307692309,-2.1746659461538465,0.018461259384615385,0.3095657276190476,0.2189231719047619,0.39555916190476187,4762.863378906459,5765.01479492199,4758.018945313106,5776.213964844076,"1,1,60",1
2084,122048000,126.65800000000148,-0.04485723007843137,-0.040475043450980394,0.022183102,0.42185445921568626,1432.0,1450.22,1354.0,1449.0,123450.0,2.0,0.8508772976146789,0.9005848317431192,0.9005848317431192,0.9005848317431192,0.0,0.0,0.03542015,0.0028407336,0.15597244666666668,-2.4891715333333333,-0.040302229,-9.584388333333333,15.984581764705881,24.895991725490198,101133.16627450981,0.8937255740425532,-0.03441958446808511,-0.12168676068085107,-0.4304175514893617,26.837130208333335,4.5925799354166665,-14.998491062500001,1.6827689104166668,-2.1610202875,0.016136430875,0.311391175,0.214973145,0.396018995,4773.98535156261,5776.158614308932,4775.028063322249,5769.169073807743,"1,1,60",1
2085,122098000,126.70800000000148,-0.044877341714285715,-0.04047364342857143,0.022155859714285714,0.4219647971428571,1432.0,1450.72,1354.0,1449.0,123450.0,2.0,0.8507290590825688,0.9004860060550458,0.9004860060550458,0.9004860060550458,0.0,0.0,0.0460727905,0.0122505855,0.15739281500000002,-2.4289180999999997,0.06464362,-9.631874499999999,15.993158867924528,24.895995584905663,101133.0712264151,0.8954674660377359,-0.033976497716981136,-0.12186662688679245,-0.4267647532075472,26.9225625,4.484450925,-14.99524575,1.701935525,-2.14755185,0.0112707215,0.3129595576190476,0.21421500333333332,0.39611573523809523,4773.866772461085,5765.956298827787,4758.9528320308045,5778.663427734409,"1,1,60",1
2086,122148000,126.75800000000149,-0.04468377917647059,-0.04071882494117647,0.02231823988235294,0.42226182901960785,1432.0,1451.2135922330096,1354.0,1449.4271844660195,123450.0,2.0,0.8505787442990654,0.9003857990654206,0.9003857990654206,0.9003857990654206,0.0,0.0,0.031653772571428575,0.010462427714285714,0.16051249142857144,-2.4880886285714285,0.039846522571428566,-9.526358428571427,15.998071923076925,24.895998692307693,101132.99942307692,0.8972228020833333,-0.03342496954166667,-0.121911823125,-0.42309374833333335,27.00915346,4.37694098,-14.992853140000001,1.7208683919999999,-2.133613092,0.007418035656000001,0.3148332313043478,0.21241541913043477,0.3960401386956522,4769.573242187375,5776.570605468448,4776.519628905937,5771.632324219549,"1,1,60",1
2087,122198000,126.80800000000148,-0.04519827928846154,-0.04117683923076923,0.02225834473076923,0.42252425211538464,1432.0,1451.6990291262136,1354.0,1450.3980582524273,123450.0,2.0,0.8504282489719627,0.9002854719626169,0.9002854719626169,0.9002854719626169,0.0,0.0,0.04420851,0.017310597,0.15472965,-2.433706,-0.02992736,-9.526528,16.030214307692308,24.896,101132.60846153846,0.8989836874468085,-0.03290138540425532,-0.12188193808510638,-0.4193892068085106,27.096813960000002,4.27000248,-14.991247640000001,1.739585492,-2.119240192,0.0045004484560000006,0.31659716130434784,0.21107093086956522,0.39566774782608694,4772.402368164055,5770.510473632481,4756.659545897958,5778.249804687773,"1,1,60",1
2088,122248000,126.85800000000148,-0.04477440648888889,-0.04055420177777778,0.02228356468888889,0.4226185702222222,1432.2043010752689,1451.5913978494623,1353.3870967741937,1451.2043010752689,123450.0,2.0,0.8502951737142858,0.9001967657142858,0.9001967657142858,0.9001967657142858,0.0,0.0,0.029960640499999996,0.00639182285,0.15539543,-2.4432833,0.050278401,-9.595362999999999,16.028408115384615,24.896,101132.62461538462,0.9007003201886793,-0.03238258775471698,-0.12189508660377359,-0.41572545245283016,27.185771860000003,4.16352223,-14.98997104,1.758862658,-2.105608032,0.0006385760439999999,0.3190531271428571,0.20652261857142856,0.3965335657142857,4770.3921875000815,5782.424951171255,4776.728222656216,5769.169360351712,"1,1,60",1
2089,122298000,126.90800000000148,-0.046895597,-0.040685032499999996,0.022378865499999998,0.42219552,1432.741935483871,1450.516129032258,1351.774193548387,1451.741935483871,123450.0,2.0,0.8501670118095238,0.9001113371428572,0.9001113371428572,0.9001113371428572,0.0,0.0,0.041545354,0.011717884,0.16112123,-2.3750486,-0.02274475,-9.592369,16.02010230769231,24.89599953846154,101132.7376923077,0.9023981869230769,-0.03193510653846154,-0.12195387307692307,-0.41204495230769234,27.27592736,4.057464980000001,-14.98899804,1.778656808,-2.092659632,-0.004094944256,0.31877501199999997,0.206228404,0.396145864,4773.795043945454,5765.113159179144,4763.744360350932,5777.449853516092,"1,1,60",1
2090,122348000,126.95800000000148,-0.04655467596363636,-0.041625884818181816,0.022580266218181818,0.421991332,1432.7475728155339,1449.7475728155339,1351.2524271844661,1452.0,123450.0,2.0,0.8500974463551403,0.9000649663551402,0.9000649663551402,0.9000649663551402,0.0,0.0,0.03430632636363636,0.015373448727272726,0.15816761636363635,-2.4902961818181817,-0.009032501818181823,-9.562769090909091,16.036318823529413,24.895997215686275,101132.54960784313,0.9040993838297873,-0.031357282382978725,-0.12193730978723404,-0.4083496055319149,27.366727373737376,3.951906077777778,-14.988289383838383,1.797326309090909,-2.079325705050505,-0.007718807353535353,0.3197948765217391,0.2069558352173913,0.39424900434782606,4763.985171668686,5768.953227796221,4763.768683182315,5761.45153166166,"1,1,60",1
2091,122398000,127.00800000000149,-0.045924994625,-0.04170009375,0.022343967875,0.42188958,1432.2621359223301,1449.2621359223301,1351.7378640776699,1452.0,123450.0,2.0,0.8500554557009347,0.9000369757009345,0.9000369757009345,0.9000369757009345,0.0,0.0,0.043276329,0.0245678045,0.1588575675,-2.44896915,-0.04369401475,-9.560945375,16.025519615384617,24.895993307692308,101132.66634615386,0.9057866538461539,-0.03088116221153846,-0.12177344653846153,-0.40467802288461535,27.458122323232324,3.846807188888889,-14.987824737373737,1.8149576727272727,-2.065635907070707,-0.010318371494949494,0.322261395,0.2022421685,0.394131108,4762.697265625119,5774.705029296746,4749.007763671448,5774.293115234697,"1,1,60",1
2092,122448000,127.05800000000148,-0.04570758663461538,-0.04082077626923077,0.02207909607692308,0.42203365192307696,1432.23,1449.46,1352.0,1452.0,123450.0,2.0,0.85003614,0.9000241,0.9000241,0.9000241,0.0,0.0,0.032157815,-0.0023969691424999997,0.15586149500000002,-2.451064075,-0.010773745000000001,-9.400832999999999,16.008229375,24.895989625000002,101132.86,0.9074494375000001,-0.03041920625,-0.1217351428125,-0.40098321375,27.55041559,3.742703595,-14.98770955,1.831774628,-2.051229339,-0.01170636564,0.322694741,0.201464168,0.394418951,4764.3395507809655,5764.982910156374,4767.86103515709,5762.549804687447,"1,1,60",1
2093,122498000,127.10800000000148,-0.0452842304375,-0.040816133625,0.0223270350625,0.422349850625,1432.73,1450.46,1352.0,1452.0,123450.0,2.0,0.85003614,0.9000241,0.9000241,0.9000241,0.0,0.0,0.034727447,0.0079895676,0.15488949000000002,-2.45908452,-0.0165198244,-9.620620800000001,15.995453557692308,24.895986865384618,101133.00634615385,0.9090723298076924,-0.030143328153846155,-0.12183591240384616,-0.39727963173076924,27.64347409,3.639447845,-14.98789205,1.847897828,-2.036212189,-0.012062281639999999,0.322173804,0.19943924100000002,0.395913502,4769.056512129928,5774.393837376631,4766.788034538833,5767.474609376006,"1,1,60",1
2094,122548000,127.1580000000015,-0.04609108067307692,-0.04139011326923077,0.022697182557692305,0.422130535,1433.0,1450.5445544554455,1351.7722772277227,1452.0,123450.0,2.0,0.85003614,0.9000241,0.9000241,0.9000241,0.0,0.0,0.037750363875,0.0154794415,0.16075507625000002,-2.4410382999999998,-0.03755887937500001,-9.623046500000001,15.972881442307692,24.895980134615385,101133.32365384615,0.9106797125,-0.0296429554375,-0.121847135,-0.39361629375,27.73733611,3.536859265,-14.98863804,1.864499225,-2.021024561,-0.014527020489999999,0.324247999,0.196651014,0.393517225,4763.549023437741,5776.2475585935845,4762.526660156431,5767.140527342841,"1,1,60",1
2095,122598000,127.20800000000149,-0.04620904428571428,-0.04109116414285714,0.022657484428571427,0.42170136,1433.0,1449.5544554455446,1351.2772277227723,1452.0,123450.0,2.0,0.85003614,0.9000241,0.9000241,0.9000241,0.0,0.0,0.044075362,0.01351561225,0.15612782,-2.498648875,0.0341175435,-9.475352999999998,16.02109548076923,24.89597528846154,101132.69865384616,0.912271234489796,-0.029023791959183674,-0.12195208040816327,-0.3899267653061224,27.83188261,3.4348390149999997,-14.98986404,1.881507975,-2.005691711,-0.01878816399,0.32848618700000004,0.19575684499999998,0.3957635,4769.363330078404,5767.624658202725,4751.747802733798,5761.343847656685,"1,1,60",1
2096,122648000,127.25800000000149,-0.04619771675,-0.04114516970833333,0.02270144316666667,0.42132629875,1432.7864077669904,1449.2135922330096,1351.0,1451.7864077669904,123450.0,2.0,0.85003614,0.9000241,0.9000241,0.9000241,0.0,0.0,0.0440754175,0.00712385775,0.1572596625,-2.3891142249999997,-0.04818315175,-9.52772775,15.998613653846155,24.89596776923077,101133.01701923076,0.9138565464705882,-0.028375827529411764,-0.12207185176470588,-0.3862067588235294,27.927343386138613,3.333560918811881,-14.99119602970297,1.8979604782178219,-1.9905872267326732,-0.021292405495049505,0.3277961715,0.194919433,0.39544955249999997,4760.692187499471,5759.035742188188,4749.9867187503,5762.230371092681,"1,1,60",1
2097,122698000,127.30800000000148,-0.04516990232727273,-0.04110820170909091,0.022817774090909092,0.4211332052727273,1432.3009708737864,1449.6990291262136,1351.0,1451.3009708737864,123450.0,2.0,0.85003614,0.9000241,0.9000241,0.9000241,0.0,0.0,0.0370713536,0.0081493894,0.15638080000000001,-2.43155162,0.06177057,-9.4618844,15.96800075471698,24.895961056603774,101133.35981132076,0.9154335988679245,-0.027905673320754717,-0.1221367475471698,-0.3824672011320755,28.02358299009901,3.2329150277227723,-14.992618306930693,1.9139391415841585,-1.9756772762376238,-0.02230002678217822,0.33026296285714285,0.19321360857142855,0.3937132961904762,4754.861889648185,5762.907324218192,4749.952587890481,5754.463964844692,"1,1,60",1
2098,122748000,127.35800000000148,-0.04552629739583334,-0.04101442027083333,0.022792664833333334,0.42082120979166665,1431.7956989247311,1449.5913978494623,1351.0,1450.7956989247311,123450.0,2.0,0.85003614,0.9000241,0.9000241,0.9000241,0.0,0.0,0.04612122518181818,0.006464036190909091,0.16257387727272726,-2.425870481818182,-0.02981853209090909,-9.510966818181819,16.01330411764706,24.895955058823528,101132.79305882353,0.9170067612765957,-0.02741232140425532,-0.12219038034042552,-0.3786999170212766,28.1206795,3.133115198,-14.994527940000001,1.929449252,-1.9604154679999999,-0.02326554326,0.331098995,0.1926147375,0.39197284499999996,4755.902929686998,5755.490820312845,4745.72255859426,5758.067187498654,"1,1,60",1
2099,122798000,127.4080000000015,-0.045150860933333335,-0.0406864484,0.0226714222,0.420404612,1431.258064516129,1448.516129032258,1351.0,1450.258064516129,123450.0,2.0,0.85003614,0.9000241,0.9000241,0.9000241,0.0,0.0,0.0453800726,0.01209102,0.15696676599999998,-2.4456774,0.023942179600000002,-9.4429726,16.009547075471698,24.89594858490566,101132.85649056605,0.9185640688679245,-0.026825035660377358,-0.12230128615094339,-0.374911650754717,28.218567,3.034096348,-14.99688744,1.9445268519999999,-1.944828868,-0.02419219376,0.3318232071428571,0.1881024285714286,0.39321179142857143,4747.1096679685725,5755.847265624452,4740.701977538577,5744.819458008706,"1,1,60",1
2100,122848000,127.45800000000149,-0.04558912,-0.040926847,0.022699701500000002,0.42014475500000004,1431.0,1448.0,1350.75,1449.5,123450.0,2.0,0.85003614,0.9000241,0.9000241,0.9000241,0.0,0.0,0.0511327575,0.00985378225,0.158191765,-2.3986912,0.009576971774999995,-9.428665375000001,16.005295,24.895941472727273,101132.88705454546,0.9201132270833333,-0.0261306815,-0.122363735,-0.37112374875,28.3173918,2.936062222,-14.99919026,1.960713586,-1.9287240360000002,-0.02455020008,0.33390403,0.187379888,0.3930654,4753.83056640625,5750.69287109375,4728.79931640625,5761.67041015625,"1,1,60",1
2101,122898000,127.50800000000149,-0.0453724016923077,-0.040513576153846154,0.022941414307692306,0.41989875153846157,1431.0,1448.0,1350.2692307692307,1448.5384615384614,123450.0,2.0,0.85003614,0.9000241,0.9000241,0.9000241,0.0,0.0,0.03728429,0.005060004,0.15739283,-2.3965964,0.06703782,-9.568429,16.005295,24.895935264150943,101132.89679245283,0.9216230307692308,-0.02555795246153846,-0.12247011738461538,-0.3673624492307692,28.4170818,2.8389370720000002,-15.00144076,1.977924136,-1.912140836,-0.02438330408,0.3356466,0.18542229799999999,0.39314383999999997,4749.3767089846415,5752.076196288921,4733.989160156,5738.359692382777,"1,1,60",1
2102,122948000,127.5580000000015,-0.04552403584313726,-0.04083839582352941,0.022393201941176468,0.41954159,1430.7777777777778,1448.2222222222222,1350.2222222222222,1447.7777777777778,123450.0,2.0,0.85003614,0.9000241,0.9000241,0.9000241,0.0,0.0,0.0419447535,0.013981372,0.161920255,-2.44388135,-0.0161606942,-9.5636395,16.027388529411763,24.895929470588236,101132.63352941177,0.9231284981395349,-0.02503300237209302,-0.1225254188372093,-0.36358198372093026,28.51754917475728,2.7425605728155342,-15.003635466019418,1.9937000834951457,-1.8954839,-0.023293387825242717,0.336342695,0.18382078999999998,0.39254180699999996,4748.91825143875,5745.644685444027,4727.408845600312,5757.305175781124,"1,1,60",1
2103,122998000,127.6080000000015,-0.0445776725625,-0.040963377375,0.0225960013125,0.41936864625000003,1430.2727272727273,1448.7272727272727,1350.7272727272727,1447.2727272727273,123450.0,2.0,0.85003614,0.9000241,0.9000241,0.9000241,0.0,0.0,0.0221575504,0.007670060760000001,0.16250606,-2.43897324,0.00526740776,-9.4140014,16.011247107142857,24.895924410714287,101132.81492857143,0.92464049375,-0.024702148375,-0.12251696625,-0.35974230125,28.618734126213592,2.64687513592233,-15.005778669902913,2.008151782524272,-1.8787589,-0.021351452873786408,0.33825435047619046,0.18104704047619047,0.39107270857142856,4734.83798828126,5747.8256835939865,4739.63823242224,5735.95971679629,"1,1,60",1
2104,123048000,127.6580000000015,-0.04429736995918367,-0.040631907142857145,0.023320864530612245,0.41955314816326533,1430.0,1448.7604166666667,1350.7604166666667,1447.2395833333333,123450.0,2.0,0.85003614,0.9000241,0.9000241,0.9000241,0.0,0.0,0.036884645,0.0043944589,0.16098813,-2.40198315,0.01256972495,-9.4606885,15.992007264150944,24.895920264150945,101133.0537735849,0.9261059365384616,-0.02453547525,-0.12258408980769231,-0.35594284596153847,28.7206749375,2.5522098541666667,-15.007772864583334,2.0230558239583334,-1.8620632489583333,-0.019956497958333333,0.337403838,0.179766154,0.392030406,4743.57765997033,5747.66248139907,4734.765113467121,5743.97858537901,"1,1,60",1
2105,123098000,127.70800000000149,-0.04451925493617021,-0.04072457829787234,0.022968850978723403,0.41934532723404255,1430.0,1448.2395833333333,1350.2395833333333,1447.7604166666667,123450.0,2.0,0.85003614,0.9000241,0.9000241,0.9000241,0.0,0.0,0.04464126725,0.0079895506875,0.16288561125,-2.4769517375000003,-0.007930627375,-9.57156925,16.012518076923076,24.895916461538462,101132.8273076923,0.9275664367346939,-0.024093959510204082,-0.1226734624489796,-0.35211920530612245,28.8235030625,2.4587421458333334,-15.009592135416666,2.0384908760416667,-1.8454020510416667,-0.019203650041666666,0.3385353015,0.1775105875,0.39224181199999997,4737.785205077991,5747.799658203092,4737.856054687295,5733.056396484354,"1,1,60",1
2106,123148000,127.75800000000149,-0.046258767803571424,-0.0412460725,0.022694798285714284,0.41949476732142854,1429.7428571428572,1448.0,1350.0,1447.7428571428572,123450.0,2.0,0.85003614,0.9000241,0.9000241,0.9000241,0.0,0.0,0.051931485,0.013449009750000001,0.15805868,-2.4229321500000003,-0.0257375065,-9.48283475,16.03220096153846,24.895912615384617,101132.59980769231,0.9290453416666666,-0.023451668874999998,-0.12274048541666667,-0.3482185158333333,28.926598564356436,2.366202882178218,-15.011671,2.0529748584158414,-1.829309489108911,-0.0190926842970297,0.3425666526086956,0.1744145847826087,0.3913215747826087,4743.292749023452,5742.240747070202,4721.951806640648,5747.417578125535,"1,1,60",1
2107,123198000,127.8080000000015,-0.046051402857142855,-0.04127970028571429,0.02272746842857143,0.41927386857142857,1429.2666666666667,1448.0,1350.0,1447.2666666666667,123450.0,2.0,0.85003614,0.9000241,0.9000241,0.9000241,0.0,0.0,0.035153978,0.0018641257,0.15659384,-2.4624364,-0.051475182,-9.470264,16.027325384615384,24.895909384615386,101132.66,0.9305014461538461,-0.02282630084615385,-0.12278890230769231,-0.3443326923076923,29.02992183168317,2.2744545158415845,-15.013971,2.0666486702970297,-1.8137013207920791,-0.01952850706930693,0.342265384,0.173973666,0.39284356,4732.107202147984,5745.92023925806,4732.301220703524,5728.176147460291,"1,1,60",1
2108,123248000,127.8580000000015,-0.04567951583333333,-0.041248618,0.022696397291666667,0.41913952958333334,1429.22,1448.0,1349.78,1446.78,123450.0,2.0,0.85003614,0.9000241,0.9000241,0.9000241,0.0,0.0,0.055560155,0.0092547083625,0.15799205,-2.47021755,-0.05192408425,-9.3583373125,16.003308923076922,24.895908,101132.94153846154,0.9319251583333333,-0.022338951083333333,-0.12289228854166666,-0.3404564770833333,29.133987,2.1835668454545454,-15.015666434343434,2.080417908080808,-1.7967145414141414,-0.01877185505050505,0.34291979869565214,0.17091155086956522,0.38951754782608694,4737.661876860183,5738.64806547636,4721.519694010149,5739.529971168682,"1,1,60",1
2109,123298000,127.9080000000015,-0.04647613446153846,-0.04121976230769231,0.023190987384615384,0.4191259653846154,1429.72,1448.0,1349.28,1446.28,123450.0,2.0,0.85003614,0.9000241,0.9000241,0.9000241,0.0,0.0,0.044208366,0.009054502,0.16591498,-2.4061732,0.044292897,-9.5169525,16.050588705882355,24.895908,101132.36941176471,0.9333381333333334,-0.021565799666666666,-0.12307734666666667,-0.336546,29.238737,2.0934736636363636,-15.016803808080807,2.0942752313131314,-1.778455197979798,-0.016914457070707073,0.3439478652173913,0.16835456695652173,0.39099783304347824,4730.311883223374,5741.839124177165,4729.01117907111,5726.90149568264,"1,1,60",1
2110,123348000,127.9580000000015,-0.04652451078431372,-0.041024114,0.023069580529411764,0.41904611098039213,1430.0,1448.22,1349.22,1446.22,123450.0,2.0,0.85003614,0.9000241,0.9000241,0.9000241,0.0,0.0,0.059388413125,0.00439442432125,0.16138759249999998,-2.4227829,-0.00029911179115249976,-9.361777625,16.014685,24.89590842307692,101132.79846153846,0.9347431670588235,-0.02080950217647059,-0.12333361564705882,-0.33257569411764704,29.343962039603962,2.004238982178218,-15.017393831683169,2.108103310891089,-1.7600381247524752,-0.014656027267326734,0.34689205549999996,0.1685402605,0.39100337900000004,4742.315722656768,5733.952734374979,4720.313378906051,5734.441894532301,"1,1,60",1
2111,123398000,128.00800000000152,-0.04663127485714286,-0.041399388571428566,0.022932936142857144,0.41946592285714285,1430.0,1448.72,1349.72,1446.72,123450.0,2.0,0.85003614,0.9000241,0.9000241,0.9000241,0.0,0.0,0.046338976,0.00672441765,0.166580745,-2.411260775,0.0062849438,-9.398440375,16.010698679245284,24.89591033962264,101132.8724528302,0.9361364812244899,-0.020029582265306125,-0.1235509410612245,-0.3286010346938776,29.449591742574256,1.9157356158415841,-15.017517594059406,2.1219064792079205,-1.741486689108911,-0.012055977762376237,0.345566674,0.16510018450000002,0.390043715,4741.13916015625,5739.98876953125,4723.5400390625,5745.33544921875,"1,1,60",1
2112,123448000,128.0580000000015,-0.04604271784313726,-0.04127836462745098,0.023185676686274508,0.41969251333333335,1430.2135922330096,1449.0,1350.4271844660195,1447.2135922330096,123450.0,2.0,0.85003614,0.9000241,0.9000241,0.9000241,0.0,0.0,0.04087959575,0.00838901175,0.1625193975,-2.45944365,-0.008978091025,-9.47176375,15.995543846153847,24.89591223076923,101133.02923076923,0.9375115352941177,-0.01943957605882353,-0.12366244235294117,-0.3246499411764706,29.55605412,1.828683682,-15.01733806,2.135256536,-1.722874874,-0.009605355616,0.34812987,0.16478757500000002,0.3889944,4743.66177528813,5747.968724300883,4728.286364103356,5741.552785773659,"1,1,60",1
2113,123498000,128.1080000000015,-0.04636823821153846,-0.04105575321153846,0.022805369788461538,0.4202055048076923,1430.6990291262136,1449.0,1351.3980582524273,1447.6990291262136,123450.0,2.0,0.85003614,0.9000241,0.9000241,0.9000241,0.0,0.0,0.047137916,0.004793882,0.1587244,-2.391808,-0.0754172,-9.552864,16.02768653846154,24.89591430769231,101132.65,0.9388610663461538,-0.018918485961538462,-0.12382625173076924,-0.32069434230769234,29.66328512,1.7429715319999999,-15.01687856,2.148188336,-1.704207324,-0.007292666416,0.35065137047619044,0.1633167361904762,0.3888987114285714,4748.820166015666,5748.448852538894,4741.015942383631,5750.542944335961,"1,1,60",1
2114,123548000,128.1580000000015,-0.046099042916666666,-0.040282612604166664,0.0223678243125,0.420394520625,1430.8041237113403,1449.0,1352.1958762886597,1448.0,123450.0,2.0,0.85003614,0.9000241,0.9000241,0.9000241,0.0,0.0,0.035331274,-0.006066119133333334,0.16348853444444444,-2.458446566666667,0.0006652235555555594,-9.568959000000001,16.016733763636363,24.895918145454548,101132.74672727274,0.940178865625,-0.0185418559375,-0.124119930625,-0.316718728125,29.77148176,1.65818987,-15.01629738,2.16212423,-1.685776556,-0.006262555344,0.35152949826086954,0.15970268260869566,0.3870329391304348,4755.371679687699,5743.542382812322,4745.37167968734,5751.235742187893,"1,1,60",1
2115,123598000,128.2080000000015,-0.04588567914285714,-0.04035059057142857,0.021995943142857143,0.4205031257142857,1430.2886597938145,1449.0,1352.7113402061855,1448.0,123450.0,2.0,0.85003614,0.9000241,0.9000241,0.9000241,0.0,0.0,0.025413959714285714,-0.0007231874000000003,0.1622626257142857,-2.3878742714285717,0.04651607857142857,-9.447690857142858,16.067952854545453,24.89592178181818,101132.16490909092,0.9414800873469388,-0.01836548520408163,-0.12432668638775511,-0.3127574424489796,29.88056976,1.57426712,-15.01560388,2.17698698,-1.667564356,-0.006416362544,0.3518660675,0.15821716400000002,0.3880037315,4752.193359374324,5747.295410156784,4746.455891927998,5747.18180338455,"1,1,60",1
2116,123648000,128.25800000000152,-0.044916958470588235,-0.04054441356862745,0.022680071098039215,0.4205283149019608,1430.0,1449.2222222222222,1352.7777777777778,1448.0,123450.0,2.0,0.85003614,0.9000241,0.9000241,0.9000241,0.0,0.0,0.0179763305,0.0053265205,0.16684705,-2.4444799,-0.0005983849999999999,-9.483434500000001,16.01273624528302,24.89592554716981,101132.81283018868,0.9427698964705882,-0.01838071194117647,-0.12430740029411765,-0.3088540588235294,29.990658040404043,1.4914359353535354,-15.015158595959596,2.1913202636363636,-1.6495623242424244,-0.0070651017373737374,0.354321873,0.155453069,0.389941879,4746.431152344036,5749.652050781339,4755.518847655389,5742.6022460940485,"1,1,60",1
2117,123698000,128.3080000000015,-0.0451585133125,-0.0408306949375,0.023066948062500002,0.42052564187499997,1430.0,1449.7272727272727,1352.2727272727273,1448.0,123450.0,2.0,0.85003614,0.9000241,0.9000241,0.9000241,0.0,0.0,0.034088675,0.012250223,0.16058864,-2.4109616,-0.023941852,-9.617508,15.95365,24.895929384615386,101133.5176923077,0.9440571673076923,-0.01820982153846154,-0.12420215682692308,-0.3049496692307692,30.101669656565658,1.4096123494949495,-15.014942434343435,2.2051648090909093,-1.631754293939394,-0.008170701232323233,0.356146682,0.152293068,0.38859846800000003,4752.149182771456,5751.948601974203,4744.765290913289,5750.454384250729,"1,1,60",1
2118,123748000,128.3580000000015,-0.044887509270833334,-0.0408086778125,0.022665033083333334,0.4207289708333333,1430.4554455445545,1449.7722772277227,1352.0,1448.0,123450.0,2.0,0.85003614,0.9000241,0.9000241,0.9000241,0.0,0.0,0.0291615135,0.0124504355,0.1631851925,-2.43071365,0.03471608675,-9.449316249999999,15.9935575,24.89593242307692,101133.01615384615,0.945338740625,-0.017827258125000002,-0.12408959312500001,-0.301023609375,30.213676138613863,1.328157204950495,-15.014708,2.218771893069307,-1.6142025554455446,-0.00883707596039604,0.35571297714285716,0.15069836714285714,0.38935270857142856,4745.988409745437,5756.4190738073585,4753.807257401138,5745.741159540048,"1,1,60",1
2119,123798000,128.40800000000152,-0.04562334849056603,-0.04045920018867925,0.022632014490566038,0.42082521886792457,1431.4455445544554,1449.2772277227723,1352.0,1448.0,123450.0,2.0,0.85003614,0.9000241,0.9000241,0.9000241,0.0,0.0,0.055593527000000004,0.0141813715,0.1681120625,-2.42951665,0.04638782625,-9.5402965,16.03843617647059,24.895936137254903,101132.51235294118,0.9466066436538462,-0.017294975634615385,-0.12410914634615385,-0.29703431903846156,30.3265300990099,1.2470159178217821,-15.014458000000001,2.232176695049505,-1.5968691396039605,-0.009129296257425742,0.35869955600000003,0.1505376995,0.389324605,4756.263997395898,5753.8990885415615,4751.017903646283,5755.222656249597,"1,1,60",1
2120,123848000,128.4580000000015,-0.045898776541666665,-0.04059742616666667,0.022430955625000002,0.42052286791666665,1431.7777777777778,1449.2222222222222,1352.0,1447.7777777777778,123450.0,2.0,0.85003614,0.9000241,0.9000241,0.9000241,0.0,0.0,0.045806292,0.00998669625,0.16491628749999998,-2.421735375,0.005686397000000003,-9.517251,16.023366320754718,24.89593920754717,101132.67596226415,0.9478672640816327,-0.016543996040816324,-0.12417882693877551,-0.29300131795918366,30.440148343434345,1.1668934494949494,-15.014525252525253,2.2453648282828285,-1.5794862878787879,-0.010135491606060606,0.356841118,0.1464803775,0.3863675325,4751.944287109238,5747.1497558589435,4751.983276366511,5748.719799805377,"1,1,60",1
2121,123898000,128.50800000000152,-0.04553974194117647,-0.04076813423529412,0.022477957705882352,0.42038316058823527,1431.2727272727273,1449.7272727272727,1352.0,1447.2727272727273,123450.0,2.0,0.85003614,0.9000241,0.9000241,0.9000241,0.0,0.0,0.047404163,0.021837616,0.16671397,-2.4540572,-0.008379543,-9.411608,16.002392636363638,24.895941963636364,101132.92709090908,0.9491227,-0.015817893076923075,-0.12416066615384615,-0.2889568446153846,30.554472080808083,1.0877114292929293,-15.014885353535353,2.2583529595959595,-1.5620578030303032,-0.011800740848484849,0.35798618,0.14476895,0.38619685,4754.8037109375,5743.736328125,4737.572265625,5757.4462890625,"1,1,60",1
2122,123948000,128.5580000000015,-0.0446075,-0.040884604150943395,0.022696671358490565,0.4205553941509434,1431.0,1449.7722772277227,1352.2277227722773,1447.2277227722773,123450.0,2.0,0.85003614,0.9000241,0.9000241,0.9000241,0.0,0.0,0.03541993457142857,0.015788710285714287,0.1624148057142857,-2.4355873142857143,0.015220447714285712,-9.478986428571428,15.973513461538461,24.895945384615384,101133.28423076923,0.9503471208333333,-0.015238445541666668,-0.12407420625,-0.28497454958333335,30.669654217821783,1.0098194693069307,-15.014926158415841,2.271385326732673,-1.5434678742574257,-0.011979463262376238,0.358542809,0.14197010100000002,0.389780375,4743.646557617444,5753.417651367145,4750.367773437165,5745.254394531675,"1,1,60",1
2123,123998000,128.6080000000015,-0.045081845833333335,-0.041036709166666664,0.022513254416666666,0.42068960916666664,1431.0,1449.2772277227723,1352.7227722772277,1447.7227722772277,123450.0,2.0,0.85003614,0.9000241,0.9000241,0.9000241,0.0,0.0,0.0535296855,0.01344928175,0.1585246125,-2.4013847999999998,0.027533487000000002,-9.496301,15.98403462264151,24.895948641509435,101133.16358490566,0.9515589433333334,-0.014693146666666667,-0.12396664666666667,-0.28097791333333333,30.785567584158414,0.9330264495049505,-15.014694970297029,2.2844553762376236,-1.5238885673267326,-0.010891885044554454,0.36094874173913044,0.13976213304347826,0.38850052782608696,4754.9842122401415,5754.219889322967,4738.423502604073,5764.533528645933,"1,1,60",1
2124,124048000,128.65800000000152,-0.04505049125,-0.04017023275,0.022617307125,0.4207145625,1431.22,1449.0,1352.34,1448.0,123450.0,2.0,0.85003614,0.9000241,0.9000241,0.9000241,0.0,0.0,0.039909381,0.0017120727412885716,0.1623387157142857,-2.3965962571428574,-0.001025918428571429,-9.58553042857143,16.014685,24.895952,101132.79,0.9527268437499999,-0.01411823575,-0.12403356374999999,-0.2769915725,30.901984545454546,0.8568534585858586,-15.014193737373736,2.297550296969697,-1.5052670393939394,-0.011339856681818182,0.36225628200000004,0.138717323,0.387814063,4755.796619233713,5750.426037016199,4757.042201450701,5746.525460379645,"1,1,60",1
2125,124098000,128.7080000000015,-0.046295156153846155,-0.040696051846153845,0.02299819846153846,0.4205076553846154,1431.72,1449.0,1350.84,1448.0,123450.0,2.0,0.85003614,0.9000241,0.9000241,0.9000241,0.0,0.0,0.045806605,0.0063914885,0.16564856,-2.433706,-0.022744749,-9.665392,16.019741153846155,24.895954923076925,101132.72538461538,0.9538695076923077,-0.013667053923076922,-0.12411768153846153,-0.27301412153846155,31.018866363636363,0.781252802020202,-15.013443232323231,2.3106681757575758,-1.4875296151515152,-0.013205258954545454,0.361321622,0.137044842,0.387409502,4756.559493215668,5747.8302580180925,4745.225431742851,5754.5436112254765,"1,1,60",1
2126,124148000,128.75800000000152,-0.04596871045098039,-0.04089238892156863,0.023161891843137255,0.420597011372549,1432.22,1448.78,1350.22,1448.66,123450.0,2.0,0.85003614,0.9000241,0.9000241,0.9000241,0.0,0.0,0.026232048333333334,0.014159084833333333,0.162452845,-2.412158616666667,-0.039105127833333336,-9.529721666666667,15.998482647058824,24.895957725490195,101132.99274509803,0.9550086058823529,-0.013233863,-0.12405410647058823,-0.26905378588235296,31.13580585148515,0.7065833316831683,-15.012343603960396,2.322483607920792,-1.4694416445544556,-0.013127219247524753,0.3626018313043478,0.13447594782608696,0.3896243217391304,4749.6148745887995,5759.735968338529,4755.651547080874,5742.214175576165,"1,1,60",1
2127,124198000,128.80800000000153,-0.046457056,-0.040802868,0.02257896342857143,0.4211412742857143,1432.72,1448.28,1350.72,1450.16,123450.0,2.0,0.85003614,0.9000241,0.9000241,0.9000241,0.0,0.0,0.046205826000000005,0.015446333500000001,0.165914945,-2.3918078,0.034117542,-9.528922999999999,15.971544150943396,24.89596079245283,101133.30556603773,0.9561477153061225,-0.01275289330612245,-0.12399266489795918,-0.2650297612244898,31.252794465346533,0.632707094059406,-15.010946574257424,2.3331895485148513,-1.4510550603960397,-0.01139365489108911,0.36325488857142857,0.13262599142857143,0.3882722657142857,4754.773828125338,5757.09521484338,4752.596728515568,5765.454394531886,"1,1,60",1
2128,124248000,128.8580000000015,-0.04722948933333333,-0.04056304241666667,0.022409811416666668,0.4214076541666667,1433.0,1448.44,1351.0,1451.0,123450.0,2.0,0.85003614,0.9000241,0.9000241,0.9000241,0.0,0.0,0.042943504,0.003262069475,0.16112124249999998,-2.4298157999999996,0.0413001504,-9.652224,15.979291923076921,24.895963384615385,101133.18842307692,0.9572697173076923,-0.012043265923076923,-0.12408295946153847,-0.2609381784615385,31.37021566,0.5601106272,-15.009743259999999,2.34411041,-1.43208807,-0.011282285840000001,0.36470202956521736,0.13143382782608698,0.387798297826087,4760.278111049336,5759.251767112846,4765.659156435834,5754.281180245632,"1,1,60",1
2129,124298000,128.90800000000152,-0.04679448123076923,-0.04066460523076924,0.02260470846153846,0.4215096153846154,1433.0,1449.44,1351.0,1451.0,123450.0,2.0,0.85003614,0.9000241,0.9000241,0.9000241,0.0,0.0,0.05193134,0.007723311,0.15978979,-2.4935615,0.03591319,-9.399636,16.00557117647059,24.895966,101132.89058823528,0.9583454862745098,-0.011332107960784314,-0.12427616176470588,-0.2568989235294118,31.48803616,0.4886954872,-15.008718759999999,2.35522966,-1.41258532,-0.01266832784,0.36683739800000004,0.129271146,0.388130464,4767.113964844279,5752.949365234955,4754.9443359366815,5761.5884765626715,"1,1,60",1
2130,124348000,128.9580000000015,-0.04618442207843137,-0.04047334166666667,0.02280065568627451,0.42182066764705883,1433.22,1449.78,1351.22,1450.78,123450.0,2.0,0.85003614,0.9000241,0.9000241,0.9000241,0.0,0.0,0.04038018625,0.0004992372500000001,0.16221982375,-2.436998025,-0.034566121124999995,-9.542390625,16.014865865384614,24.89596628846154,101132.79076923076,0.9593974875,-0.010698292875000001,-0.1244351475,-0.25289261875,31.6060514,0.4182975036,-15.00749094,2.3659875099999996,-1.393422364,-0.01389251438,0.366459594,0.1269118035,0.3871163535,4767.660644531164,5762.631933594042,4763.630664063108,5758.941503905906,"1,1,60",1
2131,124398000,129.00800000000152,-0.04549324014285714,-0.039628939142857145,0.022666384,0.4219913571428572,1433.72,1449.28,1351.72,1450.28,123450.0,2.0,0.85003614,0.9000241,0.9000241,0.9000241,0.0,0.0,0.038349316,0.0018644687,0.16245286,-2.4061728,-0.029927356,-9.55047,16.058114500000002,24.895967,101132.291,0.9604172655769231,-0.010312422326923077,-0.12465550711538462,-0.24889608846153846,31.7242464,0.3488384336,-15.00607544,2.37641176,-1.374573064,-0.01496729588,0.3677127,0.122938454,0.38759953,4771.148950195573,5761.053613280918,4770.02841796838,5758.950024414385,"1,1,60",1
2132,124448000,129.05800000000153,-0.04594950414893617,-0.03989673255319149,0.0227979234893617,0.4221804344680851,1434.0,1449.0,1351.78,1450.0,123450.0,2.0,0.85003614,0.9000241,0.9000241,0.9000241,0.0,0.0,0.046705214999999994,0.0086551610625,0.1659149425,-2.444180625,0.037409568125,-9.473556625,16.045601132075472,24.895967,101132.44222641509,0.9614329728571428,-0.009815011979591837,-0.12484448040816327,-0.2448685581632653,31.842883399999998,0.28008601240000003,-15.005367399999999,2.387632494,-1.3556599599999999,-0.01680559208,0.370240404,0.1220951975,0.3867665255,4772.861230468711,5763.208203125497,4774.149414062833,5759.004003906098,"1,1,60",1
2133,124498000,129.1080000000015,-0.04614079632075472,-0.0401867683018868,0.023031629169811323,0.422067180754717,1434.0,1449.0,1351.28,1450.0,123450.0,2.0,0.85003614,0.9000241,0.9000241,0.9000241,0.0,0.0,0.054062188,0.01012012,0.16165386,-2.3786395,0.013168278,-9.624693,16.03238153846154,24.895966846153847,101132.61615384616,0.9624567561538462,-0.009157451153846155,-0.12484929076923076,-0.2408353176923077,31.961928399999998,0.2119858824,-15.0053124,2.399588444,-1.33668796,-0.01934867108,0.369315734,0.118140998,0.386138304,4771.978442382553,5761.251074218051,4760.435961913023,5762.738891602017,"1,1,60",1
2134,124548000,129.15800000000152,-0.04622705688235294,-0.04006333137254902,0.022938565960784314,0.42141480156862743,1433.7708333333333,1449.0,1351.2291666666667,1450.0,123450.0,2.0,0.85003614,0.9000241,0.9000241,0.9000241,0.0,0.0,0.041145791,0.01770999275,0.158724415,-2.3867199500000003,-0.037708509075,-9.611524,16.00170470588235,24.895965764705885,101132.96470588235,0.963473346511628,-0.008428824441860465,-0.1247436765116279,-0.23682121837209302,32.0812568,0.1444100944,-15.00547996,2.410732674,-1.3183194459999998,-0.02167510768,0.370078605,0.1181661305,0.38560828750000004,4766.949861224899,5758.857396176161,4756.957339639129,5760.202302630912,"1,1,60",1
2135,124598000,129.20800000000153,-0.045461642133333334,-0.04001491213333333,0.022659927466666667,0.42134608,1433.25,1449.0,1351.75,1450.0,123450.0,2.0,0.85003614,0.9000241,0.9000241,0.9000241,0.0,0.0,0.035386828749999995,0.010319691374999999,0.160688505,-2.4181442,-0.010025557000000001,-9.419537875,16.01707679245283,24.895963811320755,101132.76226415095,0.9644670603773585,-0.007935202090566038,-0.12462146943396227,-0.23282026490566038,32.2008468,0.07731831440000002,-15.00585296,2.4211276240000004,-1.3005079959999999,-0.02380156668,0.3706424035,0.1155831965,0.3877263,4763.645019531495,5762.3818359377065,4765.988118489462,5748.047851562572,"1,1,60",1
2136,124648000,129.25800000000152,-0.045579526499999995,-0.0407655445,0.022515863,0.4214369,1432.7475728155339,1448.7475728155339,1352.2524271844661,1450.0,123450.0,2.0,0.85003614,0.9000241,0.9000241,0.9000241,0.0,0.0,0.0575242435,0.015446246,0.157925485,-2.41575,0.0472856525,-9.4654775,16.082581923076923,24.895961846153845,101131.95076923077,0.9654461269230769,-0.007289766330769231,-0.1245225953846154,-0.22880219999999998,32.32139365048543,0.011351047728155345,-15.006453805825242,2.4311768757281556,-1.2822680475728154,-0.025042047524271843,0.37186999000000004,0.1141091715,0.38814250299999997,4767.588452147663,5757.13959960968,4748.863696289894,5764.958715819657,"1,1,60",1
2137,124698000,129.30800000000153,-0.04521281205882353,-0.040536115000000005,0.022200318,0.42130181411764706,1432.2621359223301,1448.2621359223301,1352.7378640776699,1450.0,123450.0,2.0,0.85003614,0.9000241,0.9000241,0.9000241,0.0,0.0,0.04767067,0.006391772,0.15499598,-2.3714569,-0.04070126,-9.545682,16.01938,24.895958,101132.72,0.966412759574468,-0.006513276744680851,-0.1244486195744681,-0.22475085021276597,32.44282374757281,-0.0535782066407767,-15.007264970873786,2.4409070213592234,-1.2636325621359223,-0.025464702378640777,0.37111761000000004,0.1107268,0.387152268,4763.345336914228,5757.0062255854855,4759.929907226735,5750.458935546844,"1,1,60",1
2138,124748000,129.3580000000015,-0.045028638865384614,-0.04002878134615385,0.022567353788461537,0.4210434903846154,1431.77,1448.0,1352.54,1449.77,123450.0,2.0,0.85003614,0.9000241,0.9000241,0.9000241,0.0,0.0,0.047936978000000005,0.0043941352,0.16178704,-2.3959976000000003,0.028730591,-9.600749,16.032922307692306,24.895956076923078,101132.56615384616,0.9673406692307692,-0.005856733057692308,-0.12450583,-0.22070736538461538,32.564964260416666,-0.11722990147916666,-15.008353229166666,2.450843884375,-1.2441500614583334,-0.026658970979166665,0.371386358,0.11043562999999999,0.38620941799999997,4766.122507195523,5752.119577508609,4751.196828741786,5759.981034127848,"1,1,60",1
2139,124798000,129.40800000000152,-0.044552445125,-0.0401445940625,0.0230032353125,0.4206940775,1431.27,1448.0,1351.54,1449.27,123450.0,2.0,0.85003614,0.9000241,0.9000241,0.9000241,0.0,0.0,0.0367517545,0.00426095335,0.16385099749999998,-2.45375755,0.006584222475,-9.55017175,16.037883764705885,24.895952235294118,101132.5505882353,0.9682560962264151,-0.005223006650943396,-0.1245140679245283,-0.21666763207547168,32.68793873958333,-0.17938185252083333,-15.009766770833334,2.461023415625,-1.2236732385416667,-0.028759047020833334,0.3727340665,0.10617066024999999,0.38750310050000003,4754.402099609277,5755.689355468482,4759.2134765624505,5738.621777343246,"1,1,60",1
2140,124848000,129.45800000000153,-0.04574101636734694,-0.04030961551020408,0.02251488651020408,0.42024784285714284,1431.0,1447.7722772277227,1351.2277227722773,1449.0,123450.0,2.0,0.85003614,0.9000241,0.9000241,0.9000241,0.0,0.0,0.056725387,0.010253251500000001,0.16365122,-2.41515125,-0.020350550000000002,-9.494806,15.979871132075472,24.89594845283019,101133.22396226415,0.9691655416666667,-0.0045236940625,-0.12453030375,-0.21257087083333334,32.81195111,-0.2403771635,-15.01144111,2.470864485,-1.202396904,-0.02937692105,0.37354310999999996,0.105033088,0.38732688000000004,4755.863720703401,5742.287622070314,4741.616992187113,5754.549414062561,"1,1,60",1
2141,124898000,129.50800000000152,-0.045635288307692305,-0.04015734153846154,0.02221693776923077,0.4201044676923077,1431.0,1447.2772277227723,1351.7227722772277,1449.0,123450.0,2.0,0.85003614,0.9000241,0.9000241,0.9000241,0.0,0.0,0.041678426000000005,0.003461919925,0.15712653999999998,-2.4202387,-0.04459184125,-9.44003825,16.012156923076926,24.895945461538464,101132.81076923077,0.9700542692307692,-0.0037326436153846156,-0.12456621461538461,-0.20847125846153847,32.93684761,-0.3003871885,-15.01333761,2.480417235,-1.1804395040000002,-0.02873217855,0.3748406933333333,0.10292935533333333,0.38800279,4757.149218750097,5743.757812500267,4743.442431640737,5738.997558593221,"1,1,60",1
2142,124948000,129.55800000000153,-0.04639055808333333,-0.040522917624999995,0.022274735208333334,0.42021306,1430.78,1447.0,1352.0,1448.56,123450.0,2.0,0.85003614,0.9000241,0.9000241,0.9000241,0.0,0.0,0.039215025,0.01225067425,0.16271915750000002,-2.4393925999999997,0.014066101000000004,-9.548976,16.01179576923077,24.895943384615386,101132.83307692308,0.9709080929166667,-0.003290277183333333,-0.1246089645,-0.20444057458333334,33.06215287128713,-0.35939916237623765,-15.015472851485148,2.490096415841584,-1.1590548376237624,-0.028244407594059405,0.37543977900000003,0.100861793,0.386998795,4750.037451171703,5742.350952148335,4740.909594726361,5755.760375976805,"1,1,60",1
2143,124998000,129.60800000000154,-0.04600706461538461,-0.040292499153846154,0.022555979076923076,0.41986636538461536,1430.28,1447.0,1352.0,1447.56,123450.0,2.0,0.85003614,0.9000241,0.9000241,0.9000241,0.0,0.0,0.020506507,-0.001598083,0.1635181,-2.36188,0.016759578,-9.500195,16.031659230769232,24.89593992307692,101132.59538461539,0.9717568029090909,-0.003016408087272727,-0.12458771938181819,-0.20038290581818183,33.18780633663366,-0.41756094455445547,-15.017811465346535,2.499883297029703,-1.1381580554455446,-0.02789035313861386,0.375601258,0.099507282,0.3866316,4743.733227539181,5737.442529296617,4751.200659179749,5728.742333983609,"1,1,60",1
2144,125048000,129.65800000000152,-0.04617580323529412,-0.04041341374509804,0.022483248823529412,0.4197294294117647,1430.0,1447.2222222222222,1351.7777777777778,1447.2222222222222,123450.0,2.0,0.85003614,0.9000241,0.9000241,0.9000241,0.0,0.0,0.032556933499999996,0.009387651625,0.16138762,-2.4711159499999997,0.005087842500000002,-9.38856525,15.989184705882353,24.89593750980392,101133.10388235294,0.9725749193877551,-0.002833453655102041,-0.12463020979591836,-0.19635290510204081,33.31377551515152,-0.4745794282828283,-15.019369434343435,2.5085404585858586,-1.1168707555555555,-0.02620315388888889,0.375078552173913,0.09389450939130435,0.3862771165217392,4745.334179687622,5736.2188476562005,4745.02402343683,5739.945117188573,"1,1,60",1
2145,125098000,129.70800000000153,-0.046644290625,-0.0408914321875,0.0223820476875,0.4199037775,1430.0,1447.7272727272727,1351.2727272727273,1447.7272727272727,123450.0,2.0,0.85003614,0.9000241,0.9000241,0.9000241,0.0,0.0,0.034354858,0.013049477,0.16751285,-2.4624364,0.003591467,-9.453507,16.012756035714286,24.895937,101132.82598214285,0.973403705,-0.002347639325,-0.12450385850000001,-0.1922899275,33.440036121212124,-0.5305425595959596,-15.02020680808081,2.516154802020202,-1.0952229777777778,-0.023285359444444445,0.376394182,0.092475882,0.38680527200000003,4736.108655427546,5744.217824835363,4746.332545230869,5737.784359580273,"1,1,60",1
2146,125148000,129.75800000000152,-0.04605089418367347,-0.04012044828571429,0.022163588979591836,0.41973296775510205,1430.0,1448.0,1351.23,1447.77,123450.0,2.0,0.85003614,0.9000241,0.9000241,0.9000241,0.0,0.0,0.044541348,0.008521986,0.159190475,-2.39091005,0.012569724249999997,-9.49570475,16.011495528301886,24.895937,101132.83501886793,0.9742001579166666,-0.001819384,-0.12450901616666667,-0.18821525333333333,33.566926040000006,-0.585269641,-15.02036979,2.524592487,-1.0738989449999998,-0.021339422139999998,0.3760879939130435,0.09219808739130435,0.3862186756521739,4747.1334635419,5738.178431919191,4741.1111653645485,5744.041108631266,"1,1,60",1
2147,125198000,129.80800000000153,-0.045802161470588236,-0.03983586270588235,0.022247913411764707,0.4197566482352941,1430.0,1448.0,1351.73,1447.27,123450.0,2.0,0.85003614,0.9000241,0.9000241,0.9000241,0.0,0.0,0.04021382,0.007722767,0.1587244,-2.3942022,-0.007182439,-9.545682,16.001060294117647,24.895937,101132.96,0.9749685019607843,-0.0012231318862745099,-0.12460844803921568,-0.18413000901960783,33.694352040000005,-0.638943791,-15.01995829,2.533731537,-1.0528506949999998,-0.02022136314,0.37671643,0.08927406,0.38749307,4747.4482421875,5736.65673828125,4739.013671875,5740.73974609375,"1,1,60",1
2148,125248000,129.85800000000154,-0.04555787406122449,-0.03987172771428572,0.022699644571428573,0.41980624326530613,1430.2211538461538,1448.0,1352.0,1447.4423076923076,123450.0,2.0,0.85003614,0.9000241,0.9000241,0.9000241,0.0,0.0,0.03881546125,0.00932101075,0.159123905,-2.4265239,0.0125697265,-9.599553125,16.005295,24.895937,101132.91196226416,0.9757191204081633,-0.0007017693846938775,-0.12468885224489797,-0.1800584008163265,33.82175357425743,-0.6911058760396039,-15.019375227722772,2.5425635405940596,-1.0313518831683168,-0.018631235386138614,0.3785131233333333,0.08667690333333333,0.38667898,4749.33384486644,5738.953194754057,4745.990513392357,5735.091262091262,"1,1,60",1
2149,125298000,129.90800000000152,-0.046537084236363636,-0.04020728181818182,0.02247518410909091,0.42021889745454544,1430.701923076923,1448.0,1352.0,1448.4038461538462,123450.0,2.0,0.85003614,0.9000241,0.9000241,0.9000241,0.0,0.0,0.054328665,0.012783128,0.16325176,-2.4109616,0.0071827723,-9.5732155,15.980710272727272,24.895937872727274,101133.20672727273,0.9764600058823529,-2.1306577450980386e-05,-0.12467242078431373,-0.17600784705882352,33.949134267326734,-0.7419799057425743,-15.018646019801979,2.551133986138614,-1.0094692594059407,-0.01663897499009901,0.379417004,0.082899967,0.38599576,4754.0445800781945,5745.257055664383,4749.385717774115,5740.240893554439,"1,1,60",1
2150,125348000,129.95800000000153,-0.046358102500000005,-0.04027987335416667,0.022049637166666667,0.4207168633333333,1431.0,1448.1958762886597,1352.3917525773195,1448.8041237113403,123450.0,2.0,0.85003614,0.9000241,0.9000241,0.9000241,0.0,0.0,0.048602715750000004,0.0076565505750000006,0.1601891325,-2.3594863,0.0338182668,-9.537902749999999,15.978118173076924,24.895939365384613,101133.22826923076,0.9772011125,0.0006836949375,-0.1245946075,-0.1719017625,34.07657414,-0.7913429092,-15.017904699999999,2.5589681140000002,-0.9869313258,-0.01515231652,0.38058656,0.0814768635,0.3868827835,4759.570312500189,5743.9591796871655,4750.124121093651,5753.5351562505175,"1,1,60",1
2151,125398000,130.00800000000154,-0.045747513,-0.040133031857142856,0.02228886257142857,0.42100730571428574,1431.0,1448.7113402061855,1353.4226804123712,1448.2886597938145,123450.0,2.0,0.85003614,0.9000241,0.9000241,0.9000241,0.0,0.0,0.035952386,0.007190427,0.15739292,-2.4540572,0.0371103,-9.494207,16.039311924528302,24.89594,101132.4845283019,0.9779104901886793,0.0011756044169811321,-0.12458157905660378,-0.16782456754716982,34.204068639999996,-0.8393111192,-15.0171522,2.566122564,-0.9637884908,-0.014132367520000001,0.37968215523809523,0.08038494619047619,0.3874701676190476,4762.2422851558385,5749.587109375946,4755.099707032366,5754.417431639778,"1,1,60",1
2152,125448000,130.05800000000153,-0.04454779679166666,-0.04014269716666667,0.022392640375,0.4214231941666667,1431.22,1448.78,1354.22,1448.22,123450.0,2.0,0.85003614,0.9000241,0.9000241,0.9000241,0.0,0.0,0.028628995,0.0023970129,0.16684705500000002,-2.4384949000000002,-0.0640447385,-9.4529075,16.02877073076923,24.895940807692305,101132.63038461539,0.97859615375,0.0013597230791666667,-0.12458446354166666,-0.16377804541666668,34.33211486,-0.8861552088,-15.01659756,2.573428646,-0.9415751922,-0.01425798736,0.3790218265217391,0.07802164408695653,0.38735395826086955,4758.250170898479,5755.8174560550215,4772.4229980466625,5755.202954101918,"1,1,60",1
2153,125498000,130.10800000000154,-0.044918824307692305,-0.039701115,0.022131899461538464,0.4215990830769231,1431.72,1448.28,1354.72,1448.72,123450.0,2.0,0.85003614,0.9000241,0.9000241,0.9000241,0.0,0.0,0.042078007,-0.0029296945,0.16245282,-2.3570917,-0.014365046,-9.461887,15.957983846153846,24.895943,101133.47538461539,0.9792647766666667,0.0016371702666666667,-0.12464852666666668,-0.15967825666666666,34.46067036,-0.9319616488,-15.01622556,2.580874696,-0.9202199272,-0.015441055359999999,0.380584978,0.0756896404,0.38747508999999997,4766.755346679648,5754.875146484401,4762.9254150393845,5758.172045897855,"1,1,60",1
2154,125548000,130.15800000000152,-0.0451097938627451,-0.03888780811764706,0.021977136333333334,0.42133410862745097,1431.56,1448.44,1354.78,1448.56,123450.0,2.0,0.85003614,0.9000241,0.9000241,0.9000241,0.0,0.0,0.0431432595,-0.001930692875,0.15885756,-2.40437755,-0.023044025499999995,-9.56693125,16.017538823529414,24.895943,101132.7756862745,0.9798970805882353,0.002157899517647059,-0.12482008764705882,-0.15560531352941176,34.5898366,-0.9769359016,-15.01603322,2.589014036,-0.899102414,-0.01739174372,0.381914799,0.072958914,0.38389827,4767.6225328947985,5747.821546051875,4770.342722039287,5745.99521998404,"1,1,60",1
2155,125598000,130.20800000000153,-0.04496789114285714,-0.039581594428571426,0.022425465999999998,0.4209307857142857,1430.56,1449.44,1354.28,1447.56,123450.0,2.0,0.85003614,0.9000241,0.9000241,0.9000241,0.0,0.0,0.044940810500000004,0.010053422999999999,0.1621199475,-2.4220344750000002,0.035015371249999996,-9.490616,16.008364807692306,24.895943,101132.86423076922,0.9805318326923077,0.0027095416403846153,-0.12486263682692307,-0.1515097228846154,34.7195666,-1.0211419816,-15.01600672,2.597793336,-0.878204364,-0.02005100472,0.3833224142857143,0.07125685333333333,0.3855330085714286,4761.146972655671,5740.194010416943,4760.927408854262,5747.477050780605,"1,1,60",1
2156,125648000,130.25800000000154,-0.04409966874509804,-0.040370590803921566,0.022728090470588234,0.4207606117647059,1430.44,1449.34,1353.78,1447.44,123450.0,2.0,0.85003614,0.9000241,0.9000241,0.9000241,0.0,0.0,0.03497625,0.025329771333333334,0.1589314977777778,-2.4371644,-0.04429256888888889,-9.444726555555556,15.999359811320753,24.895943,101132.99320754717,0.9811931954545454,0.003252632059090909,-0.12456922397727273,-0.14740720977272725,34.850126780000004,-1.064069522,-15.01577196,2.6058605480000003,-0.8565318000000001,-0.02161896278,0.3819931019047619,0.06964053523809524,0.38634630761904765,4748.618359375324,5760.268945312904,4759.396191405548,5739.737500000465,"1,1,60",1
2157,125698000,130.30800000000153,-0.04562789385714286,-0.04017257942857143,0.022528801428571426,0.42074976571428574,1431.44,1447.84,1353.28,1448.44,123450.0,2.0,0.85003614,0.9000241,0.9000241,0.9000241,0.0,0.0,0.06524731,0.020506179,0.16271922,-2.4025815,0.025139285,-9.404427,15.993419411764707,24.895943,101133.05490196079,0.9818367115789474,0.0040578195157894735,-0.12426044357894737,-0.14329626210526314,34.981453280000004,-1.105816872,-15.01534496,2.613270448,-0.8341443000000001,-0.02217956428,0.38271208,0.066162876,0.386112382,4762.611010742486,5744.388964843048,4740.918579101096,5758.278222656984,"1,1,60",1
2158,125748000,130.35800000000154,-0.04588919870833333,-0.039900604875,0.0222190575,0.42077260083333334,1432.2222222222222,1447.6666666666667,1353.0,1448.5555555555557,123450.0,2.0,0.85003614,0.9000241,0.9000241,0.9000241,0.0,0.0,0.045113906,0.009107622320000001,0.15893749000000001,-2.4526201800000003,-0.0471656084,-9.4075372,16.02097452830189,24.895943,101132.7379245283,0.9824415966666667,0.004981051916666666,-0.12416880075,-0.13914971916666666,35.113282323232326,-1.1460399777777777,-15.014681191919193,2.6198484525252526,-0.8112935404040404,-0.021450062595959597,0.3814671395,0.0645610189,0.3875900645,4759.393670944807,5739.724516369615,4750.713030133685,5748.906622024002,"1,1,60",1
2159,125798000,130.40800000000155,-0.04497545964705882,-0.040127295470588235,0.02312743494117647,0.42113919882352946,1432.7272727272727,1449.1818181818182,1353.0,1447.5454545454545,123450.0,2.0,0.85003614,0.9000241,0.9000241,0.9000241,0.0,0.0,0.031304301454545456,0.007141994545454546,0.16359073545454547,-2.3820132909090908,0.025356942,-9.551450181818181,16.04755,24.895943,101132.37,0.9830112,0.005445044923076923,-0.12409143615384616,-0.13511767076923079,35.24557525252525,-1.1848560888888888,-15.01379886868687,2.6256585535353536,-0.7880151565656566,-0.019529696434343435,0.3834665356521739,0.06271874782608695,0.38740490086956525,4762.049609375384,5745.994628906243,4750.946142578098,5761.3779785157585,"1,1,60",1
2160,125848000,130.45800000000153,-0.04436226991836734,-0.03935146473469388,0.023013320979591835,0.42157151387755104,1433.0,1449.77,1353.23,1447.46,123450.0,2.0,0.85003614,0.9000241,0.9000241,0.9000241,0.0,0.0,0.01970729190909091,0.0031960941545454546,0.15923284181818181,-2.383319109090909,0.009685798545454542,-9.426300454545453,15.996917647058824,24.895943,101133.00725490197,0.9835518999999999,0.005649482458333333,-0.12411706291666667,-0.13109347958333334,35.3781096,-1.2221095149999999,-15.01286056,2.632041837,-0.7648823669,-0.01871455214,0.3821596855,0.05934961015,0.3873937,4763.766392299491,5759.17652529763,4773.454403831799,5743.717843192077,"1,1,60",1
2161,125898000,130.50800000000154,-0.04525320011764706,-0.03922207411764706,0.022397553647058824,0.4218375058823529,1433.0,1449.27,1353.73,1448.46,123450.0,2.0,0.85003614,0.9000241,0.9000241,0.9000241,0.0,0.0,0.04447486,0.005592533,0.15872438,-2.3906105,0.0095769735,-9.514558,16.074037811320753,24.895943,101132.11396226415,0.9840717933333333,0.005917444650980392,-0.12416212205882353,-0.1270730168627451,35.5108496,-1.258031765,-15.01187456,2.638913387,-0.7418736019000001,-0.018840893140000002,0.38395110695652174,0.056695438913043475,0.38599686608695655,4773.257581209028,5754.006656043971,4760.770353617863,5757.1386718758085,"1,1,60",1
2162,125948000,130.55800000000153,-0.04572161705769231,-0.03931778982692308,0.022283435749999997,0.42189547538461536,1433.23,1449.0,1353.77,1449.46,123450.0,2.0,0.85003614,0.9000241,0.9000241,0.9000241,0.0,0.0,0.02836266875,0.00512640605,0.1542636225,-2.3597852749999997,0.05386970475,-9.48762275,16.01265980392157,24.895940294117647,101132.79764705883,0.9845846872727273,0.006432372313636364,-0.12415154659090909,-0.12302544034090909,35.64363928,-1.292574126,-15.01093284,2.645670187,-0.7185266511,-0.0189008811,0.384939215,0.0547768555,0.38484918,4774.6648437499725,5754.769824218492,4770.212988281232,5752.0495117189785,"1,1,60",1
2163,125998000,130.60800000000154,-0.046715711374999996,-0.0397579671875,0.0224246695,0.422031960625,1433.73,1449.0,1353.27,1450.46,123450.0,2.0,0.85003614,0.9000241,0.9000241,0.9000241,0.0,0.0,0.0358195285,0.01225044325,0.1580586175,-2.4420857,-0.041000544,-9.51635525,16.04998778846154,24.895939134615382,101132.37807692308,0.9850850250000001,0.0067272007500000005,-0.12406362125,-0.11901978225,35.776471279999996,-1.325941026,-15.01002884,2.652329237,-0.6948916161,-0.0189043461,0.3846542175,0.0529570895,0.388571255,4774.8509277342055,5756.805126953502,4761.33457031228,5769.05151367275,"1,1,60",1
2164,126048000,130.65800000000155,-0.046641361836734695,-0.03955296583673469,0.02252587687755102,0.4222067546938776,1433.77,1449.0,1352.77,1450.77,123450.0,2.0,0.85003614,0.9000241,0.9000241,0.9000241,0.0,0.0,0.013182732249999999,0.00559253585,0.1535312375,-2.4492688,-0.007182442249999997,-9.5052815,16.053058423076923,24.895937346153847,101132.34134615386,0.9855750698113208,0.006927772471698113,-0.12393231264150943,-0.11502669430188679,35.90971287,-1.358253225,-15.00996346,2.658671307,-0.6717885972000001,-0.02026751868,0.385030105,0.049317441000000004,0.38701718,4775.3388671875,5767.93603515625,4774.3544921875,5751.662109375,"1,1,60",1
2165,126098000,130.70800000000153,-0.046265373411764704,-0.03970454529411765,0.02270211405882353,0.42195100705882355,1433.27,1449.0,1352.27,1450.27,123450.0,2.0,0.85003614,0.9000241,0.9000241,0.9000241,0.0,0.0,0.02929485,0.0037284976249999996,0.15526231000000001,-2.4175454,0.00239437,-9.5157565,16.02318937735849,24.895933905660378,101132.7058490566,0.986030729787234,0.006996822319148936,-0.12389524727659575,-0.11109340574468085,36.04330337,-1.389666975,-15.01061246,2.6647433570000003,-0.6491387772,-0.02278896068,0.3848128904347826,0.04731552556521739,0.3877730708695652,4777.389699835554,5752.175781249459,4769.029065583498,5754.7263826071985,"1,1,60",1
2166,126148000,130.75800000000154,-0.045845380285714284,-0.040115469755102044,0.022858531795918367,0.42144715020408163,1433.0,1449.2277227722773,1351.7722772277227,1450.0,123450.0,2.0,0.85003614,0.9000241,0.9000241,0.9000241,0.0,0.0,0.0198404835,0.005725845,0.158458115,-2.4061726,0.0365117445,-9.5953625,16.03217617647059,24.895931509803923,101132.61627450981,0.9864826530612245,0.007236798540816327,-0.12379148273469388,-0.10710767734693878,36.17700486138614,-1.4199215495049504,-15.011613534653465,2.670576058415842,-0.6272925083168317,-0.024610387623762376,0.38467351666666666,0.045573605625,0.3865977541666667,4768.116699218557,5755.774716331957,4774.222237723011,5745.099748883531,"1,1,60",1
2167,126198000,130.80800000000156,-0.045565299538461536,-0.040066407692307696,0.023158556923076924,0.42138213230769234,1433.0,1449.7227722772277,1351.2772277227723,1450.0,123450.0,2.0,0.85003614,0.9000241,0.9000241,0.9000241,0.0,0.0,0.038615834,0.010918839,0.15659392,-2.397793,0.0442929,-9.552864,16.011938867924528,24.895927509433964,101132.84320754716,0.9869249876923077,0.00752026786923077,-0.12363553000000001,-0.10311636846153846,36.310800900990095,-1.4491886782178218,-15.012914524752475,2.67620487029703,-0.6061307459405941,-0.025835505445544554,0.38572852799999996,0.0421287822,0.387789772,4767.583105468988,5755.118383788649,4761.752661132597,5748.668432618021,"1,1,60",1
2168,126248000,130.85800000000154,-0.045797873859649126,-0.039961372631578944,0.023286360000000002,0.4211326126315789,1433.0,1449.12,1350.78,1450.0,123450.0,2.0,0.85003614,0.9000241,0.9000241,0.9000241,0.0,0.0,0.036818132249999996,0.015779176,0.15353128249999998,-2.397793075,-0.060752708,-9.680655250000001,16.03816,24.895923333333332,101132.53,0.98734732,0.008048490799999999,-0.12339781200000001,-0.099258044,36.44080742,-1.476720864,-15.0121389,2.680114296,-0.585174806,-0.02758861212,0.38549878565217394,0.03938917782608696,0.38752919826086957,4762.862402343561,5759.829589843901,4761.223769531092,5733.272714843181,"1,1,60",1
2169,126298000,130.90800000000155,-0.04584989069767442,-0.0394215073255814,0.02296871465116279,0.4203041158139535,1433.0,1447.12,1350.28,1450.0,123450.0,2.0,0.85003614,0.9000241,0.9000241,0.9000241,0.0,0.0,0.05996109625,0.021969594624999998,0.166296725,-2.4444092125,0.038112273125,-9.604982375,16.00724386792453,24.895918264150943,101132.89528301886,0.9877271185245902,0.009190786770491803,-0.12347747219672131,-0.09515969786885246,36.56731592,-1.502651564,-15.0094464,2.682436596,-0.564408856,-0.02982909312,0.38513449650000003,0.03894252845,0.387788032,4758.943987165243,5746.569196427499,4747.30524553467,5740.372000558991,"1,1,60",1
2170,126348000,130.95800000000153,-0.04775719717647059,-0.039477289666666665,0.022781820901960785,0.42070215098039215,1433.2222222222222,1446.888888888889,1350.2222222222222,1450.0,123450.0,2.0,0.85003614,0.9000241,0.9000241,0.9000241,0.0,0.0,0.05738286025,0.00868608675,0.15992432,-2.33312175,-0.045353634,-9.53446275,16.010265588235292,24.895913647058823,101132.84411764705,0.9881138219148936,0.010578173021276597,-0.12361721370212767,-0.09074168191489362,36.6980759223301,-1.528365822330097,-15.009287398058252,2.686110659223301,-0.5430999116504854,-0.030718007825242716,0.38473956,0.0357740159,0.38780654999999997,4768.872147410166,5737.057103207856,4754.146767065558,5751.94783100269,"1,1,60",1
2171,126398000,131.00800000000154,-0.046407910625,-0.0394326011875,0.023521970187499998,0.42156391937500004,1433.7272727272727,1448.909090909091,1350.7272727272727,1450.0,123450.0,2.0,0.85003614,0.9000241,0.9000241,0.9000241,0.0,0.0,0.043333057,0.016769916,0.16184573,-2.43724,-0.058377616,-9.5337715,16.025609461538462,24.89590976923077,101132.66038461539,0.9884983105263158,0.011329506631578948,-0.12345785263157895,-0.0865778532631579,36.83276038834951,-1.5538802883495146,-15.011467009708738,2.6910325038834952,-0.5212897417475728,-0.03035932287378641,0.385363696,0.0332522734,0.387535666,4771.075812088761,5746.464098478493,4763.0834446958215,5754.614566201213,"1,1,60",1
2172,126448000,131.05800000000156,-0.04575617795918367,-0.03937635675510204,0.023302604734693876,0.4208217851020408,1433.3168316831684,1449.5445544554455,1350.7722772277227,1449.5445544554455,123450.0,2.0,0.85003614,0.9000241,0.9000241,0.9000241,0.0,0.0,0.028590565499999998,0.00883409315,0.15901913499999998,-2.41601275,0.0429507435,-9.64789,16.016988207547172,24.89590545283019,101132.78584905661,0.9888661318181818,0.0116808485,-0.12328085681818181,-0.08250163386363636,36.96689089108911,-1.5783929287128713,-15.013534396039603,2.6950714613861386,-0.49862307534653466,-0.03116605489108911,0.384990986,0.0325342596,0.388499084,4768.710449218484,5746.480224608961,4758.409814453381,5748.148730467509,"1,1,60",1
2173,126498000,131.10800000000154,-0.045210880307692304,-0.039319388846153845,0.023146196923076925,0.41984650076923075,1431.8316831683169,1448.5544554455446,1350.2772277227723,1448.5544554455446,123450.0,2.0,0.85003614,0.9000241,0.9000241,0.9000241,0.0,0.0,0.01590634852727273,0.013356101727272727,0.15740640272727274,-2.415648027272727,0.03773344363636364,-9.526810363636363,16.006017307692307,24.895901153846154,101132.91584615385,0.9892063249999999,0.011704811535714286,-0.12315901071428571,-0.07849378107142857,37.10037108910891,-1.6017295128712872,-15.01547003960396,2.698073986138614,-0.47495095653465347,-0.03334088508910891,0.38651046086956525,0.028533420695652175,0.3866852808695652,4753.395647321158,5745.225725446364,4753.508858816777,5730.60484096023,"1,1,60",1
2174,126548000,131.15800000000155,-0.045551780916666666,-0.040213592458333336,0.022979116375,0.41969053375,1431.0,1447.56,1350.44,1448.0,123450.0,2.0,0.85003614,0.9000241,0.9000241,0.9000241,0.0,0.0,0.0298672565,0.016082397499999998,0.15914277,-2.3927438,0.02240706,-9.415481499999999,16.003850384615387,24.895896461538463,101132.91192307693,0.9895402659090908,0.011777701522727273,-0.12295520818181818,-0.07450312931818182,37.23519672,-1.6244121759999999,-15.01731806,2.700454802,-0.4518489122,-0.03341867498,0.384171635,0.0245441485,0.38883075,4754.6908203124785,5742.689453124956,4735.576269531146,5740.44765625023,"1,1,60",1
2175,126598000,131.20800000000156,-0.04551978892307692,-0.03960440853846154,0.022300263846153846,0.4196425846153846,1431.0,1446.56,1351.44,1448.0,123450.0,2.0,0.85003614,0.9000241,0.9000241,0.9000241,0.0,0.0,0.021625089333333333,-0.0053972165666666665,0.15718128444444443,-2.3762727333333333,0.05645982555555555,-9.393257777777778,16.000238846153845,24.89589223076923,101132.94692307692,0.9898357285714285,0.011965481571428571,-0.12292616142857143,-0.0704739225,37.37173472,-1.646262576,-15.01905456,2.702044352,-0.4294724172,-0.03082750448,0.3860387733333333,0.023809943833333333,0.389959585,4746.068457031466,5732.510351562187,4748.159375000001,5730.799218750221,"1,1,60",1
2176,126648000,131.25800000000154,-0.045139133921568625,-0.03898197005882353,0.02221441168627451,0.41957757764705883,1431.0,1446.0,1352.0,1447.576923076923,123450.0,2.0,0.85003614,0.9000241,0.9000241,0.9000241,0.0,0.0,0.033947694363636365,-0.007965996545454546,0.15981840545454545,-2.403508790909091,-0.03633346872727272,-9.581803818181818,15.985410294117646,24.895889588235292,101133.12764705882,0.990084031627907,0.012100547953488371,-0.12313523767441861,-0.06650386,37.508064000000005,-1.66712635,-15.020439,2.704034575,-0.408142735,-0.0292105465,0.38540785499999997,0.020792933,0.3880702975,4762.1752464662995,5730.648693266528,4745.583031063736,5742.040643601479,"1,1,60",1
2177,126698000,131.30800000000156,-0.04413980633962264,-0.03874713332075472,0.022695480320754715,0.41932030264150943,1431.0,1446.0,1352.0,1446.6153846153845,123450.0,2.0,0.85003614,0.9000241,0.9000241,0.9000241,0.0,0.0,0.022291029,-0.0070176413,0.16199246,-2.3781588,-0.04213444,-9.578953,15.997588113207547,24.895886358490564,101132.97849056603,0.9902992071698113,0.012268930320754717,-0.12337942679245283,-0.06269290716981132,37.64412763636364,-1.6867344181818182,-15.021375363636364,2.706534745454545,-0.38814536,-0.028833495363636365,0.38608045,0.01985930957142857,0.3886370857142857,4749.244089226979,5730.39645867605,4759.477590460327,5712.8929893092745,"1,1,60",1
2178,126748000,131.35800000000154,-0.04503127702127659,-0.03905002765957447,0.022781770829787235,0.41926337659574464,1431.1875,1446.1875,1351.8125,1446.1875,123450.0,2.0,0.85003614,0.9000241,0.9000241,0.9000241,0.0,0.0,0.042191835750000004,0.016378288249999998,0.1632316025,-2.3644117500000004,0.01505506375,-9.529396499999999,15.993787647058824,24.895885,101133.02705882353,0.9905379906382978,0.012520976574468086,-0.1234284685106383,-0.05864567063829787,37.78052955555556,-1.704832311111111,-15.021607,2.709619694444444,-0.36747342499999996,-0.026647583611111112,0.3845600025,0.01644163425,0.3890601075,4748.480810546805,5723.689990233917,4746.202343749514,5738.082763673167,"1,1,60",1
2179,126798000,131.40800000000155,-0.04522284371428571,-0.03955592085714286,0.023002683285714285,0.41935426285714283,1431.7083333333333,1446.7083333333333,1351.2916666666667,1446.7083333333333,123450.0,2.0,0.85003614,0.9000241,0.9000241,0.9000241,0.0,0.0,0.047225438875,0.021239218375,0.15587877749999998,-2.40207235,0.016737042750000004,-9.441118,16.013678928571426,24.895884767857144,101132.78910714286,0.99081007,0.013201037105263158,-0.12312281315789474,-0.05436929473684211,37.91709066666667,-1.7222195333333332,-15.021507,2.7129798333333333,-0.34648405,-0.023610443333333335,0.38535333619047624,0.013031182333333334,0.38939672476190473,4744.970772879849,5731.062848772756,4746.789411272132,5728.641322544739,"1,1,60",1
2180,126848000,131.45800000000156,-0.04535911995833333,-0.039631984333333335,0.022736580541666666,0.42007920666666665,1432.4444444444443,1447.2222222222222,1351.4444444444443,1447.2222222222222,123450.0,2.0,0.85003614,0.9000241,0.9000241,0.9000241,0.0,0.0,0.054491155,0.0255308245,0.16386830000000002,-2.34413195,-0.013496654019999998,-9.555579,16.04949886792453,24.89588413207547,101132.37981132074,0.9910721759090909,0.013982593636363637,-0.12275136772727273,-0.05009544040909091,38.05355726086957,-1.7383683108695651,-15.020856760869565,2.71541297173913,-0.3251765706521739,-0.020561552782608697,0.38491153666666666,0.011178069666666667,0.38954082333333334,4752.383928571523,5737.562220982389,4742.036667596526,5753.857933408821,"1,1,60",1
2181,126898000,131.50800000000154,-0.04497605805882353,-0.039175170705882355,0.02276058894117647,0.42070295764705884,1433.4545454545455,1447.7272727272727,1352.4545454545455,1447.7272727272727,123450.0,2.0,0.85003614,0.9000241,0.9000241,0.9000241,0.0,0.0,0.03732568,-0.00226003375,0.15465621000000002,-2.3620959,0.022793998500000003,-9.51,16.001965818181816,24.895885,101132.95109090909,0.9912795266666666,0.0146500481372549,-0.12260186274509804,-0.045990119549019604,38.18993660869565,-1.7533739086956521,-15.019698608695652,2.716990417391304,-0.3035754565217391,-0.01750181582608696,0.385251936,0.0079624548,0.388371912,4762.940172697759,5747.174676192737,4761.76996813341,5735.197137129782,"1,1,60",1
2182,126948000,131.55800000000156,-0.0468884916122449,-0.038664556551020406,0.023204299428571426,0.4212496418367347,1434.0,1448.23,1353.46,1448.0,123450.0,2.0,0.85003614,0.9000241,0.9000241,0.9000241,0.0,0.0,0.04403451,-0.00205329284,0.15877575,-2.4085190499999998,0.004558110500000004,-9.4495055,16.019038545454546,24.895885,101132.71472727273,0.9914256377551021,0.01522087943877551,-0.12279628836734693,-0.04196098408163265,38.32345089320388,-1.766430767961165,-15.019093961165048,2.718090332038835,-0.28241548252427184,-0.016266564796116507,0.38513990958333333,0.009112241083333333,0.3902363420833333,4772.121791294938,5741.390671502835,4763.433942522274,5745.978259859178,"1,1,60",1
2183,126998000,131.60800000000157,-0.046490525235294115,-0.038413419117647056,0.022906371529411763,0.4216318394117647,1434.0,1448.73,1354.46,1448.0,123450.0,2.0,0.85003614,0.9000241,0.9000241,0.9000241,0.0,0.0,0.04590187275,0.00163231605,0.1596495275,-2.378517175,0.013715414624999998,-9.567302999999999,16.006107596153846,24.895885,101132.8701923077,0.9915578284313725,0.01582412926470588,-0.12297576843137255,-0.037886943529411764,38.45561691262136,-1.7785705737864077,-15.018749786407767,2.718965526213592,-0.26146310388349514,-0.01588989537864078,0.38626567083333335,0.0042756516041666665,0.3897017575,4778.042891652991,5753.986456620565,4777.958059210828,5746.420384456956,"1,1,60",1
2184,127048000,131.65800000000155,-0.04605172273469388,-0.03863824448979592,0.022668628795918366,0.42156494673469386,1433.5445544554455,1448.7722772277227,1354.7722772277227,1447.7722772277227,123450.0,2.0,0.85003614,0.9000241,0.9000241,0.9000241,0.0,0.0,0.04797210066666667,0.004179537733333333,0.16053565333333333,-2.3387408333333335,0.019243271200000002,-9.589392666666667,15.971987075471697,24.895885,101133.2879245283,0.991689018367347,0.016435554489795917,-0.12303315602040817,-0.03378903142857143,38.59317051546392,-1.7900058092783504,-15.018930597938144,2.721184497938144,-0.23915678092783504,-0.017498028979381446,0.3856929866666667,0.0016077296738095238,0.3886296761904762,4777.004092261791,5744.193545386382,4770.925757997835,5751.311035156703,"1,1,60",1
2185,127098000,131.70800000000156,-0.04604197538461539,-0.03877955076923077,0.022600151461538463,0.42106509769230765,1432.5544554455446,1448.2772277227723,1354.2772277227723,1447.2772277227723,123450.0,2.0,0.85003614,0.9000241,0.9000241,0.9000241,0.0,0.0,0.04146381,0.009439759,0.16285115,-2.34659,0.07510101,-9.60091,16.00348923076923,24.895885,101132.92538461539,0.9918158,0.017031061923076924,-0.12299179923076924,-0.02966520538461538,38.73402618556701,-1.801009211340206,-15.019433175257731,2.724227075257732,-0.2160206211340206,-0.020322654752577322,0.38579395,-0.0007443551,0.38950092,4773.001855468468,5740.068261718682,4766.630859375663,5743.101757811619,"1,1,60",1
2186,127148000,131.75800000000154,-0.045664317541666666,-0.038743241916666664,0.022569178999999998,0.42074499833333334,1431.7684210526315,1448.2315789473685,1354.0,1447.2315789473685,123450.0,2.0,0.85003614,0.9000241,0.9000241,0.9000241,0.0,0.0,0.040992009499999996,0.00976971875,0.1636891325,-2.3400521000000003,-0.0008403094999999972,-9.624941750000001,16.032742692307693,24.89588419230769,101132.58346153847,0.9919454090909091,0.01751000722727273,-0.12281132363636364,-0.025536094954545452,38.86999883495146,-1.8101033951456311,-15.019839922330096,2.7265167970873785,-0.19456062145631067,-0.020998682844660194,0.38491179,-0.00203493675,0.39053965,4767.691308593871,5740.388085937338,4766.0901855466545,5741.811376953385,"1,1,60",1
2187,127198000,131.80800000000156,-0.04536068570212766,-0.03926022268085106,0.022546342340425532,0.4206510829787234,1431.2421052631578,1448.7578947368422,1354.0,1447.7578947368422,123450.0,2.0,0.85003614,0.9000241,0.9000241,0.9000241,0.0,0.0,0.0348604665,0.0187926155,0.15885724499999998,-2.4123516499999997,0.0440221285,-9.537464,15.99482153846154,24.895884,101133.0123076923,0.99207256,0.0179462276,-0.122494662,-0.021431109,39.003673592233014,-1.8182991233009709,-15.020201572815534,2.728452233980583,-0.17388940300970873,-0.020663606145631067,0.38578809199999997,-0.00302594558,0.390825908,4761.842675780467,5745.662597656747,4764.378027344436,5735.638085937537,"1,1,60",1
2188,127248000,131.85800000000157,-0.045353689821428574,-0.03937527326785714,0.022343950749999997,0.4207482946428571,1431.81,1448.46,1354.27,1448.0,123450.0,2.0,0.85003614,0.9000241,0.9000241,0.9000241,0.0,0.0,0.045293992000000005,0.0230871755,0.15840492,-2.3462856,-0.036546382,-9.55302,16.03079529411765,24.895882509803922,101132.56392156862,0.9921849965957447,0.018413187276595744,-0.12215410212765958,-0.01749522889361702,39.13694311538462,-1.8251332317307691,-15.019968192307692,2.730702914423077,-0.15278677764423076,-0.018379390894230768,0.3859923651612903,-0.007159460141935484,0.3903060141935484,4761.898822985544,5749.143811677431,4755.211965459871,5742.150827508858,"1,1,60",1
2189,127298000,131.90800000000155,-0.0463257875,-0.03862299425,0.022337166999999998,0.4212016375,1433.31,1447.46,1354.77,1448.0,123450.0,2.0,0.85003614,0.9000241,0.9000241,0.9000241,0.0,0.0,0.053271458,0.012084729,0.1634836,-2.308519,-0.01028202,-9.451049,15.997917142857142,24.895882,101132.97446428571,0.99225781625,0.019100037958333333,-0.12193346,-0.0136976768125,39.26996426923077,-1.8311327990384616,-15.019370115384616,2.733146808653846,-0.13141974158653846,-0.014900542336538463,0.38238263,-0.008052284,0.3907069,4774.143760279828,5739.177297491557,4758.674984582056,5749.697831002881,"1,1,60",1
2190,127348000,131.95800000000156,-0.04628032734693877,-0.038374156448979596,0.02188280532653061,0.421654,1433.4653465346535,1448.069306930693,1355.2673267326732,1448.0,123450.0,2.0,0.85003614,0.9000241,0.9000241,0.9000241,0.0,0.0,0.03869484425,0.00748854355,0.16695546,-2.39860585,0.009654624750000007,-9.627206000000001,15.97243,24.895880830188677,101133.29584905661,0.9923080373584906,0.019797490660377358,-0.1218326258490566,-0.009144434786792452,39.41459680412371,-1.8365168329896908,-15.017874015463917,2.7354630360824745,-0.10827484458762887,-0.012814399762886598,0.3837828,-0.0101827963,0.392654418,4777.181396484304,5735.065136718495,4774.250146484398,5757.040063477053,"1,1,60",1
2191,127398000,132.00800000000157,-0.0447939315,-0.0390048435,0.022032832,0.42207076499999996,1432.4752475247524,1450.049504950495,1355.7623762376238,1448.0,123450.0,2.0,0.85003614,0.9000241,0.9000241,0.9000241,0.0,0.0,0.0193393395,0.013696742875000001,0.15693623,-2.4446829375,0.021246703125,-9.455125625,15.99771076923077,24.89587892307692,101132.9876923077,0.9923647866666666,0.020068222666666666,-0.12159380333333333,-0.004583932133333333,39.569120515463915,-1.8413765237113402,-15.01561293298969,2.7376705103092784,-0.08361547345360826,-0.011914636360824743,0.3828828169565217,-0.015072706347826087,0.3907652269565217,4777.721888950084,5749.463657925333,4778.4036458342725,5750.8422851559635,"1,1,60",1
2192,127448000,132.05800000000156,-0.0443627885,-0.038861762625,0.0224278775,0.42244832958333334,1432.728971962617,1451.0,1356.2429906542056,1448.2429906542056,123450.0,2.0,0.85003614,0.9000241,0.9000241,0.9000241,0.0,0.0,0.018908841500000002,0.015947044,0.154536225,-2.40416885,0.092014663,-9.493756,15.986514750000001,24.895877,101133.1375,0.9924126223076923,0.020049005692307692,-0.12128896461538462,-0.0005397699692307695,39.71391663461538,-1.844681851923077,-15.013669028846154,2.739553076923077,-0.06089720384615385,-0.012270312057692308,0.38272665499999997,-0.0156892357,0.391716784,4771.601220703677,5763.338256835614,4787.438037109181,5751.793701172016,"1,1,60",1
2193,127498000,132.10800000000157,-0.04504211669491525,-0.03845055579661017,0.02256408811864407,0.4228924420338983,1434.1308411214952,1451.0,1356.7102803738317,1448.7102803738317,123450.0,2.0,0.85003614,0.9000241,0.9000241,0.9000241,0.0,0.0,0.0466314075,0.0110296085,0.16357860000000002,-2.34786405,0.0049080944999999945,-9.6058135,15.990526809090909,24.895874254545454,101133.11645454545,0.9924240076923078,0.02037988476923077,-0.12109092846153846,0.003514894261538461,39.85222769230769,-1.8469509384615383,-15.011936576923077,2.7412190384615385,-0.03947300192307692,-0.013462947153846154,0.383766238,-0.0180965446,0.39171544,4784.0417865956115,5751.070543792406,4781.246556333328,5766.774696750671,"1,1,60",1
2194,127548000,132.15800000000155,-0.04490061091666667,-0.038217236291666665,0.022566790229166668,0.4231100133333333,1435.0,1451.0,1356.8041237113403,1448.6082474226805,123450.0,2.0,0.85003614,0.9000241,0.9000241,0.9000241,0.0,0.0,0.046678128,0.0094957565,0.15618647,-2.3513769,0.01144467455,-9.614926,16.03472903846154,24.895869807692307,101132.57923076923,0.992405244680851,0.021015293829787233,-0.12095078648936171,0.00760851055319149,39.9905252,-1.847913272,-15.01102752,2.743204976,-0.018112936240000002,-0.015881688640000002,0.3821828685714286,-0.020269214142857143,0.39180576095238095,4790.4210012339,5759.200246710246,4792.7272049747,5756.763286389471,"1,1,60",1
2195,127598000,132.20800000000156,-0.04520212828571429,-0.03802246942857143,0.022891054142857144,0.42267433428571427,1435.0,1451.0,1356.2886597938145,1447.5773195876288,123450.0,2.0,0.85003614,0.9000241,0.9000241,0.9000241,0.0,0.0,0.052617207181818185,0.007704183545454546,0.15891121636363637,-2.3745772727272727,0.007892816909090914,-9.596449818181819,16.025758113207548,24.8958640754717,101132.65566037736,0.9923643528571429,0.021802565714285713,-0.12082207673469388,0.011662828928571428,40.1288102,-1.847669372,-15.01087852,2.745486276,0.0031879267599999976,-0.01943222064,0.3834637104761905,-0.020424041333333334,0.39349581523809524,4797.936474609128,5749.69494628969,4779.765771484528,5757.024121092948,"1,1,60",1
2196,127648000,132.25800000000157,-0.044614919791666666,-0.03855482208333333,0.023121760875,0.42270201749999997,1435.0,1450.7708333333333,1355.0833333333333,1448.1458333333333,123450.0,2.0,0.85003614,0.9000241,0.9000241,0.9000241,0.0,0.0,0.042433919,0.013511268433333334,0.16304054555555555,-2.373928611111111,0.029895378888888893,-9.50384911111111,16.021957647058827,24.89585862745098,101132.68803921569,0.9923201394117647,0.022562987647058823,-0.12058458235294117,0.015712160970588234,40.26717658,-1.846463836,-15.01154306,2.746093254,0.02474463158,-0.02121163212,0.38118247666666666,-0.02406210066666667,0.39253997,4785.234594726102,5757.30524902343,4792.883105468407,5745.320800781915,"1,1,60",1
2197,127698000,132.30800000000156,-0.047303798499999994,-0.039895725,0.0228939775,0.42276114,1435.0,1450.25,1353.0,1450.75,123450.0,2.0,0.85003614,0.9000241,0.9000241,0.9000241,0.0,0.0,0.05346208,0.02888912,0.16112168,-2.3797412,-0.006096187,-9.495726,16.027680089285717,24.89585267857143,101132.63696428572,0.9922810469387755,0.023350082897959184,-0.12014813448979592,0.01983887973469388,40.40561808,-1.844370636,-15.01295856,2.745154704,0.04653749808,-0.02135616312,0.3814315761904762,-0.026900419523809522,0.39384715,4787.7308105470165,5762.43161621084,4770.592407225984,5769.532861328864,"1,1,60",1
2198,127748000,132.35800000000157,-0.047484829,-0.0389760015,0.022551903499999998,0.42249011000000003,1435.0,1449.25,1352.5,1451.25,123450.0,2.0,0.85003614,0.9000241,0.9000241,0.9000241,0.0,0.0,0.041020171125000005,0.00432938325,0.1555768975,-2.3610566875,0.012671176249999997,-9.581888,16.022834811320756,24.895843811320756,101132.68113207548,0.9922079942307692,0.02417829369230769,-0.11984125115384615,0.02393276673076923,40.54394492,-1.841372168,-15.014836990000001,2.7444908960000003,0.06909961436,-0.02229830106,0.37994060217391307,-0.027651186869565216,0.3926435547826087,4790.537744140969,5756.517822265001,4778.794970703888,5755.2885742179,"1,1,60",1
2199,127798000,132.40800000000158,-0.04680560430769231,-0.03764242853846154,0.022260562923076925,0.42212833846153847,1435.0,1447.8076923076924,1353.4615384615386,1449.8076923076924,123450.0,2.0,0.85003614,0.9000241,0.9000241,0.9000241,0.0,0.0,0.031692205,-0.006783124,0.158371435,-2.3224002500000003,0.01122232,-9.548747500000001,16.02151409090909,24.895835272727272,101132.73563636365,0.9920739333333333,0.02468165,-0.11997651,0.027971144666666666,40.682165919999996,-1.837538068,-15.01714274,2.744080696,0.09237180736,-0.02397669156,0.380614024,-0.030122438600000002,0.392947004,4791.796118164026,5739.519238281007,4781.481127929338,5750.580737305147,"1,1,60",1
2200,127848000,132.45800000000156,-0.04649940576470588,-0.03832198521568627,0.022537578098039215,0.42157965823529414,1434.78,1447.0,1353.56,1449.0,123450.0,2.0,0.85003614,0.9000241,0.9000241,0.9000241,0.0,0.0,0.025152917818181818,0.010227362,0.15785630909090909,-2.3637029454545453,0.00599092890909091,-9.602418090909092,16.106877727272728,24.89582618181818,101131.6810909091,0.9919414764705882,0.024965742470588234,-0.12000004882352941,0.032014044352941175,40.8200809,-1.8326408280000002,-15.01973267,2.742491968,0.11475370680000001,-0.024781943560000002,0.3812448247826087,-0.03392549713043478,0.39616699652173915,4771.466015624183,5742.019824218803,4779.539306640516,5736.819238281408,"1,1,60",1
2201,127898000,132.50800000000157,-0.046384405428571425,-0.03903234885714286,0.022787887285714285,0.42110627714285714,1434.28,1447.0,1352.56,1449.0,123450.0,2.0,0.85003614,0.9000241,0.9000241,0.9000241,0.0,0.0,0.038288932,0.01816603,0.1591228,-2.3818917,0.056577552,-9.499586,16.06083773584906,24.895817679245283,101132.27018867925,0.9918230673469388,0.025230476163265306,-0.11977687632653061,0.03606021306122449,40.9577134,-1.826762228,-15.02258492,2.739815368,0.1363137968,-0.02478122156,0.380910644,-0.035986395000000004,0.39526361200000004,4768.684130859737,5747.838476561994,4764.73544921836,5747.922631836365,"1,1,60",1
2202,127948000,132.55800000000156,-0.04670796604166667,-0.03841246875,0.022570498458333334,0.4207596666666667,1433.5728155339805,1446.5728155339805,1352.0,1448.7864077669904,123450.0,2.0,0.85003614,0.9000241,0.9000241,0.9000241,0.0,0.0,0.034907878,-0.0022193101,0.15726953333333332,-2.3775126666666666,0.03498953933333333,-9.572210666666667,15.986334423076922,24.895806384615383,101133.16038461539,0.9916705428571428,0.025658675892857145,-0.1196621675,0.040096561071428574,41.094829020000006,-1.81981339,-15.02558732,2.737469488,0.1579151436,-0.0249459828,0.380324066,-0.0380208914,0.393540415,4766.14339192715,5734.285644531057,4769.439778645894,5731.2390950513,"1,1,60",1
2203,127998000,132.60800000000157,-0.046238888345454546,-0.038197578836363634,0.022126069636363637,0.4200585530909091,1432.6019417475727,1445.6019417475727,1352.0,1448.3009708737864,123450.0,2.0,0.85003614,0.9000241,0.9000241,0.9000241,0.0,0.0,0.044333626,0.012185493,0.1613962,-2.3594608,0.025628647,-9.439001,16.000961153846156,24.895797384615385,101132.94,0.9914830162790698,0.026126412069767443,-0.11970590255813954,0.044124733441860464,41.23146752,-1.8118766400000001,-15.02872832,2.735428888,0.17955457360000002,-0.0252634978,0.378434276,-0.0390429976,0.39421610599999996,4764.733090049552,5722.335500616247,4757.673776726696,5727.466180099435,"1,1,60",1
2204,128048000,132.65800000000158,-0.045652855022222216,-0.038539618399999996,0.021929935622222223,0.41970616,1432.0,1445.4130434782608,1351.5869565217392,1448.0,123450.0,2.0,0.85003614,0.9000241,0.9000241,0.9000241,0.0,0.0,0.03551774077777778,0.018792590222222225,0.15644253,-2.3259319888888887,-0.02379657922222222,-9.494357944444443,16.058385423076924,24.89578953846154,101132.2701923077,0.9913039301886792,0.02656807362264151,-0.11951798386792453,0.04818782203773585,41.36757151515152,-1.8028356424242424,-15.031422545454546,2.733103098989899,0.2007040896969697,-0.024324309707070706,0.37932940190476194,-0.04224957980952381,0.3945414466666667,4754.59682617111,5728.575683594159,4756.464819336334,5720.236206053549,"1,1,60",1
2205,128098000,132.70800000000156,-0.04555738382978723,-0.03901128170212766,0.02246525385106383,0.41949138382978723,1432.0,1446.5,1350.5,1448.0,123450.0,2.0,0.85003614,0.9000241,0.9000241,0.9000241,0.0,0.0,0.0437544985,0.0163189145,0.15877447,-2.31090975,-0.00559009885,-9.529910000000001,16.040294363636363,24.895781454545457,101132.48863636363,0.9911303894117647,0.026965399647058824,-0.11917541539215686,0.052220732156862744,41.50318212121212,-1.7927753393939394,-15.033704363636364,2.7305140585858583,0.2214013775757576,-0.02222508798989899,0.3758989,-0.044637155,0.39454672,4749.379882812934,5726.165917968643,4750.733203124358,5727.906640625715,"1,1,60",1
2206,128148000,132.75800000000157,-0.045137947018867926,-0.038463159962264154,0.022573025566037738,0.4193857790566038,1432.2596153846155,1447.0,1350.2596153846155,1447.7403846153845,123450.0,2.0,0.85003614,0.9000241,0.9000241,0.9000241,0.0,0.0,0.04847798625,0.005645517125,0.15396444250000002,-2.3279566750000003,-0.00331896316875,-9.485102125000001,16.000865754716983,24.89577503773585,101132.94528301887,0.9909280130612245,0.02759376893877551,-0.11886918734693877,0.0562780406122449,41.63824268,-1.781755296,-15.03550055,2.726671727,0.2416117621,-0.01869217638,0.3762138095,-0.04796129415,0.3944742265,4754.1684570304515,5730.825358073107,4746.521158855,5721.412597654182,"1,1,60",1
2207,128198000,132.80800000000158,-0.044857425529411764,-0.03820144764705882,0.022905369470588237,0.4194857217647059,1432.7403846153845,1447.0,1350.7403846153845,1447.2596153846155,123450.0,2.0,0.85003614,0.9000241,0.9000241,0.9000241,0.0,0.0,0.05142331,0.0041966415,0.15799733,-2.360363,-0.026196748,-9.409458,16.036595000000002,24.895769235294118,101132.51392156864,0.9906747489361702,0.028291677617021276,-0.11883401778723404,0.06031802404255319,41.77283468,-1.769917696,-15.03688305,2.721761777,0.2614073771,-0.013937973380000001,0.37501544200000003,-0.047864989999999996,0.395281908,4754.288625617169,5730.725585937554,4755.885228206866,5713.900930305278,"1,1,60",1
2208,128248000,132.85800000000157,-0.04658312226530612,-0.038606597959183676,0.023050614040816327,0.4199211114285714,1433.0,1446.7788461538462,1351.2211538461538,1447.4423076923076,123450.0,2.0,0.85003614,0.9000241,0.9000241,0.9000241,0.0,0.0,0.075732075,-0.0007410409025000002,0.1563745775,-2.316965875,0.012856641999999995,-9.61595575,16.071822264150946,24.895763490566036,101132.10735849057,0.99039119,0.029360674471698114,-0.11878465320754716,0.0644102858490566,41.90710887128713,-1.7569025623762378,-15.037854227722772,2.717279576237624,0.2818613904950495,-0.009848560038613861,0.377028631,-0.0499105315,0.393906495,4766.94880371093,5729.573095702926,4751.023071289333,5727.657080077628,"1,1,60",1
2209,128298000,132.90800000000158,-0.04689110630909091,-0.03825769672727273,0.022356982254545455,0.42026401745454545,1433.0,1446.298076923077,1351.701923076923,1448.4038461538462,123450.0,2.0,0.85003614,0.9000241,0.9000241,0.9000241,0.0,0.0,0.070338,-0.002804329,0.15776539,-2.3250017,0.0064555537,-9.419586,16.095945153846156,24.895759384615385,101131.80938461538,0.9900749938297873,0.030575042617021275,-0.11882066978723405,0.06851855425531915,42.04111233663367,-1.7428843445544555,-15.03847501980198,2.7131617544554456,0.3028762617821782,-0.006325448999009902,0.375720012,-0.052923642,0.395303304,4776.502672697248,5726.498663651047,4755.327945106866,5735.015136719406,"1,1,60",1
2210,128348000,132.95800000000156,-0.046289471812500003,-0.03803430895833333,0.022085486625,0.42068106604166666,1433.2043010752689,1446.0,1352.2043010752689,1448.5913978494623,123450.0,2.0,0.85003614,0.9000241,0.9000241,0.9000241,0.0,0.0,0.04568755025,3.2497425000000725e-05,0.16420844499999998,-2.3775091,-0.0287533695,-9.521515,16.062233072727274,24.89575610909091,101132.21378181818,0.9897413139583333,0.03143787833333333,-0.11892928012500001,0.07263481375,42.17496476,-1.727512498,-15.039041840000001,2.709743032,0.3242598644,-0.004729492898000001,0.37303484666666664,-0.055851726761904766,0.3965655380952381,4771.855102538172,5726.24641113327,4764.218603516795,5742.840478514912,"1,1,60",1
2211,128398000,133.00800000000157,-0.0451606056,-0.03744455333333333,0.022393159266666667,0.420539146,1433.741935483871,1446.0,1352.741935483871,1447.516129032258,123450.0,2.0,0.85003614,0.9000241,0.9000241,0.9000241,0.0,0.0,0.031017661,-0.0054794326,0.16231029,-2.4317071,0.04059675,-9.630153,16.005295,24.89575241509434,101132.91241509434,0.9894037622641509,0.03184765037735849,-0.11905031618867924,0.07673664764150943,42.30867776,-1.710891148,-15.03955884,2.7069696320000003,0.3459838344,-0.004912449048000001,0.37497237,-0.0573105192,0.39597828,4771.093383789066,5727.670190429645,4778.640136718178,5726.704443359792,"1,1,60",1
2212,128448000,133.05800000000158,-0.044873963125,-0.03821940020833333,0.022740543875,0.42008109375,1433.5,1446.25,1352.5,1447.25,123450.0,2.0,0.85003614,0.9000241,0.9000241,0.9000241,0.0,0.0,0.04006855,0.0080386523,0.1521006775,-2.3651385,-0.039946745374999995,-9.6061495,16.01342096153846,24.895748615384615,101132.79784615384,0.9890806192307693,0.032174723846153844,-0.11898989576923077,0.08075745326923077,42.442296545454546,-1.693049415909091,-15.039956204545454,2.7032973363636366,0.3682316845454546,-0.005355550997727273,0.375363607,-0.0596997582,0.396077791,4767.654833983981,5729.844653321059,4760.388378906049,5730.709545897518,"1,1,60",1
2213,128498000,133.10800000000157,-0.0451920165,-0.038969912499999995,0.022831912500000003,0.41988421,1432.5384615384614,1446.7307692307693,1351.5384615384614,1447.7307692307693,123450.0,2.0,0.85003614,0.9000241,0.9000241,0.9000241,0.0,0.0,0.037739933,0.013869119,0.1649488,-2.3090038,0.05078739,-9.584551,16.030135527272726,24.895745418181818,101132.58134545454,0.9887743833333333,0.03258564333333334,-0.11865664,0.08473881666666667,42.57582836363636,-1.6740811772727273,-15.040243136363637,2.698795290909091,0.39096311636363634,-0.006038787531818182,0.373693436,-0.0625124796,0.397039576,4758.792944335951,5732.954296874931,4760.909106444584,5725.11596679738,"1,1,60",1
2214,128548000,133.15800000000158,-0.045498781125,-0.038478264916666664,0.022799192875,0.42012119833333333,1432.4583333333333,1447.2291666666667,1351.2291666666667,1447.7708333333333,123450.0,2.0,0.85003614,0.9000241,0.9000241,0.9000241,0.0,0.0,0.04723373425,0.0150010365,0.163703875,-2.3715164499999997,0.016973148475,-9.54847425,16.039311018867924,24.89574358490566,101132.50690566038,0.9884386415384615,0.033118616538461536,-0.11836581253846154,0.08875640730769231,42.70938485714286,-1.6528552142857142,-15.0398845,2.6947524625,0.41469771857142856,-0.00381056189,0.37216758,-0.0646714384,0.395654958,4764.96435546875,5728.6943359375,4746.04931640625,5739.41796875,"1,1,60",1
2215,128598000,133.2080000000016,-0.0448729935,-0.037954131,0.0230305085,0.4205277,1433.5,1447.75,1351.75,1447.25,123450.0,2.0,0.85003614,0.9000241,0.9000241,0.9000241,0.0,0.0,0.042038195,-0.0008084212999999998,0.159900385,-2.321141,0.0187263825,-9.539611,16.05441276923077,24.89574169230769,101132.35276923077,0.9880626,0.033717658666666664,-0.11823747600000001,0.09280083,42.842949142857144,-1.6309162857142858,-15.039322,2.69085465,0.4387491114285714,-0.0006629271400000001,0.371256292,-0.066037212,0.39672125199999997,4772.371704101782,5732.289819336303,4771.812060546521,5720.881762695624,"1,1,60",1
2216,128648000,133.25800000000157,-0.045517422,-0.0383693835,0.022548778000000002,0.42071780999999997,1433.75,1447.75,1352.25,1447.5,123450.0,2.0,0.85003614,0.9000241,0.9000241,0.9000241,0.0,0.0,0.052047393428571426,0.024739361,0.16084903714285714,-2.2692892857142857,-0.040421937000000005,-9.63042657142857,16.010892884615384,24.89574,101132.87038461538,0.9876765224999999,0.0343067925,-0.11804095875,0.0968541725,42.97627798,-1.6073140220000002,-15.03887364,2.6870924080000003,0.4624800242,0.0013051787816000002,0.37234681826086957,-0.06712808891304348,0.3971533091304348,4778.04331054701,5732.546826171626,4753.526269530551,5743.117431641181,"1,1,60",1
2217,128698000,133.30800000000158,-0.04569053384615385,-0.03863781530769231,0.021832566076923077,0.42088727846153845,1433.2692307692307,1447.2692307692307,1352.7307692307693,1448.4615384615386,123450.0,2.0,0.85003614,0.9000241,0.9000241,0.9000241,0.0,0.0,0.032388348,0.017339565,0.16287404,-2.3229003,-0.0040695206,-9.403242,15.987959692307694,24.895739923076924,101133.10461538461,0.9872978446153846,0.03480878538461538,-0.11760990923076922,0.10097046576923077,43.10938948,-1.5821763720000002,-15.03853064,2.683455308,0.48591510920000003,0.0021844888616,0.37095684,-0.070091162,0.39796896800000003,4766.71665039083,5731.625292969026,4769.8477294919885,5742.507910156522,"1,1,60",1
2218,128748000,133.35800000000157,-0.046845413333333336,-0.03872856975,0.022387440541666664,0.42118119125,1432.7708333333333,1447.0,1353.4583333333333,1448.7708333333333,123450.0,2.0,0.85003614,0.9000241,0.9000241,0.9000241,0.0,0.0,0.030002957,0.0144276615,0.15400177999999998,-2.35919525,0.0222004412,-9.6536525,16.060899450980394,24.895738921568626,101132.2094117647,0.9869067,0.035017280000000005,-0.11730386375,0.105002109375,43.24225112,-1.555634852,-15.03863172,2.679442014,0.509718687,0.0018274227096,0.370478177,-0.0722356172,0.398859588,4775.66579589926,5739.393530273466,4762.054833983937,5752.960937499995,"1,1,60",1
2219,128798000,133.40800000000158,-0.045931940000000004,-0.0382612425,0.022297816999999998,0.42107733999999997,1432.25,1447.0,1354.5,1448.25,123450.0,2.0,0.85003614,0.9000241,0.9000241,0.9000241,0.0,0.0,0.005602082625,-0.002669729125,0.1549212875,-2.356911,-0.017392696675,-9.531685,16.042765433962263,24.895737,101132.44150943396,0.9864884392857143,0.03502327357142857,-0.11722146285714286,0.10894394642857143,43.374882119999995,-1.527797452,-15.039142720000001,2.675081464,0.5338624120000001,0.0003290861895999999,0.36914938571428574,-0.07429395904761905,0.3995948833333334,4771.803027343224,5742.690356444933,4779.697338867486,5725.605493164445,"1,1,60",1
2220,128848000,133.4580000000016,-0.045420392000000004,-0.038350253,0.0219503655,0.42088668,1432.0,1447.0,1354.75,1447.75,123450.0,2.0,0.85003614,0.9000241,0.9000241,0.9000241,0.0,0.0,0.0274600695,0.01066960735,0.15610074000000002,-2.322913925,0.010183499750000005,-9.5525185,16.038337132075473,24.895737,101132.51698113208,0.9860467229166667,0.034935993916666665,-0.11723920583333333,0.11288654645833333,43.507387484848486,-1.4990162131313132,-15.040063737373737,2.6708404585858587,0.5572435397979798,-0.0008474733456565657,0.36773739,-0.07746298,0.397631985,4770.965063476996,5733.136621093508,4774.281982421264,5737.9131347659995,"1,1,60",1
2221,128898000,133.50800000000157,-0.045899089076923076,-0.03835285953846154,0.022196525153846153,0.4206527453846154,1432.0,1447.0,1354.2692307692307,1447.2692307692307,123450.0,2.0,0.85003614,0.9000241,0.9000241,0.9000241,0.0,0.0,0.03344178545454546,0.012150922836363636,0.15810934272727273,-2.3057865181818182,0.03441052082727273,-9.505048272727272,16.024903529411766,24.895735117647057,101132.65176470588,0.9855924233333334,0.03520161833333334,-0.11705666466666667,0.116887865,43.63977687878788,-1.4693637383838385,-15.041363232323233,2.6667098020202022,0.5799207317171717,-0.001727007971919192,0.3675221865217391,-0.07884381891304348,0.3982324034782609,4763.0361328125,5734.92822265625,4775.5009765625,5720.857421875,"1,1,60",1
2222,128948000,133.55800000000158,-0.04651903958333333,-0.038358362958333336,0.022421052416666667,0.4204249829166667,1432.0,1447.0,1353.7777777777778,1446.7777777777778,123450.0,2.0,0.85003614,0.9000241,0.9000241,0.9000241,0.0,0.0,0.056989375,0.0261849085,0.1572210525,-2.3034516,0.0219988075,-9.4766545,16.040728075471698,24.895733226415093,101132.48264150944,0.98512776,0.03577912657692308,-0.11669129723076924,0.12092087442307692,43.77167146153846,-1.4387934057692309,-15.042577846153847,2.6613115125,0.6021718534615385,-0.002397165043269231,0.36707351260869564,-0.08101594478260869,0.3990110765217391,4767.505371093861,5733.488898025978,4753.655119242591,5739.249100535559,"1,1,60",1
2223,128998000,133.6080000000016,-0.04678030352941176,-0.03844255882352941,0.02255552494117647,0.42010970882352944,1432.0,1447.0,1353.2727272727273,1446.2727272727273,123450.0,2.0,0.85003614,0.9000241,0.9000241,0.9000241,0.0,0.0,0.044484781,0.006886743,0.155744615,-2.3767462999999998,-0.032068024900000006,-9.4533935,16.022991384615384,24.895733,101132.69692307693,0.9846373265957447,0.0365199690212766,-0.11631856608510638,0.12498990106382979,43.90314453846154,-1.4074411942307692,-15.043720153846154,2.6548333875,0.6240600265384615,-0.002888963456730769,0.365047636,-0.08286724999999999,0.399254858,4763.003597862028,5723.469726562971,4753.361662212356,5724.423494037218,"1,1,60",1
2224,129048000,133.65800000000158,-0.04618978175,-0.0387156215,0.022514246538461537,0.42014921250000004,1432.2395833333333,1447.2395833333333,1353.2395833333333,1445.7604166666667,123450.0,2.0,0.85003614,0.9000241,0.9000241,0.9000241,0.0,0.0,0.03432979475,0.022315637,0.15379462,-2.326141125,-0.004073549999999995,-9.45357925,16.000047647058825,24.895733,101132.96729411765,0.9841380098076923,0.03695124351923077,-0.11607054765384615,0.1289600901923077,44.03427613541667,-1.3751746479166667,-15.044283572916667,2.6480516625,0.6455184752083333,-0.001438348415625,0.36688335904761904,-0.08543893571428571,0.40030693142857143,4759.6312962581715,5734.787186472672,4745.128777754159,5735.210474918388,"1,1,60",1
2225,129098000,133.7080000000016,-0.04599132852272727,-0.038383828363636366,0.022716362363636364,0.4205829522727273,1432.7604166666667,1447.7604166666667,1353.7604166666667,1445.2395833333333,123450.0,2.0,0.85003614,0.9000241,0.9000241,0.9000241,0.0,0.0,0.030570816666666667,-0.006520202722222222,0.15992450666666666,-2.3124343333333335,-0.05831865888888889,-9.380439666666668,16.032224037735848,24.895733,101132.5936226415,0.983617773076923,0.03726029730769231,-0.11591237653846154,0.1329224223076923,44.16500686458333,-1.3418347520833334,-15.044167427083334,2.6409135375000004,0.6664724647916667,0.002292491115625,0.36353080958333334,-0.08685337666666666,0.4006691795833333,4760.780838816223,5732.472887541373,4766.549907484218,5729.9405324828085,"1,1,60",1
2226,129148000,133.75800000000157,-0.04582648975,-0.037777379035714286,0.022564300107142856,0.4208535205357143,1433.0,1448.0,1354.2673267326732,1445.2673267326732,123450.0,2.0,0.85003614,0.9000241,0.9000241,0.9000241,0.0,0.0,0.034942237,-0.0012673601,0.15661144666666668,-2.334511366666667,0.018597148666666667,-9.481906,16.04628569230769,24.895733,101132.43346153846,0.98304213125,0.037592248125,-0.116085211875,0.136879989375,44.29579932673268,-1.3075910752475248,-15.043528821782179,2.6341654455445545,0.6872004940594059,0.004332060764356436,0.36357090333333336,-0.08937918,0.40138015,4775.456868490025,5738.048828124821,4767.580729166404,5732.274739584176,"1,1,60",1
2227,129198000,133.80800000000158,-0.04594104666666667,-0.03784152293333333,0.0223589516,0.421079348,1433.0,1448.0,1354.7623762376238,1445.7623762376238,123450.0,2.0,0.85003614,0.9000241,0.9000241,0.9000241,0.0,0.0,0.035807014,-0.0064125913,0.15254702,-2.2994142,0.01704504,-9.56655,16.024797307692307,24.895734384615384,101132.70384615385,0.9824511040816326,0.0380930206122449,-0.11619511326530613,0.14083344530612243,44.426644376237626,-1.272577510891089,-15.042445158415843,2.627749603960396,0.7077360386138614,0.004930919031683169,0.36327023380952383,-0.09243528847619048,0.39997404380952384,4779.820141601238,5736.271875000114,4769.32041015699,5733.395190429169,"1,1,60",1
2228,129248000,133.8580000000016,-0.04531683983333334,-0.03798051041666667,0.022622126833333332,0.4210457966666667,1433.25,1448.5,1355.25,1446.0,123450.0,2.0,0.85003614,0.9000241,0.9000241,0.9000241,0.0,0.0,0.0286558765,0.00216426735,0.15710760000000001,-2.381931,-0.0243610685,-9.5323205,16.039244115384616,24.895735,101132.50307692308,0.9818501576923077,0.03848856076923077,-0.116283824,0.14478595615384615,44.55741322,-1.236613264,-15.041445560000001,2.621839848,0.728606401,0.00536884054,0.36228622,-0.09345678760000001,0.39824651800000005,4772.5673095701,5732.731567382653,4779.32204589808,5735.135205078856,"1,1,60",1
2229,129298000,133.90800000000158,-0.044621613000000004,-0.037836382,0.022916679000000002,0.42142951,1433.7307692307693,1449.4615384615386,1355.7307692307693,1446.0,123450.0,2.0,0.85003614,0.9000241,0.9000241,0.9000241,0.0,0.0,0.043001384,0.013605105,0.16282614,-2.3982697,-0.05638044,-9.535795,16.052246,24.895735,101132.3423076923,0.9812516333333333,0.038829422333333335,-0.116173384,0.14878863,44.68811172,-1.199771464,-15.04052356,2.6163972479999997,0.749785826,0.00565820504,0.36094124,-0.097052708,0.400459356,4776.203198242224,5735.831811524625,4770.6158935560525,5746.814770506448,"1,1,60",1
2230,129348000,133.9580000000016,-0.044540737000000004,-0.037960898,0.023205932,0.42183072,1434.0,1449.7708333333333,1355.7708333333333,1446.4583333333333,123450.0,2.0,0.85003614,0.9000241,0.9000241,0.9000241,0.0,0.0,0.034030700500000004,0.0195774905,0.1566776525,-2.35341565,0.005777792999999989,-9.40085375,16.05766330769231,24.895735,101132.30153846154,0.980661773076923,0.03922157926923077,-0.11588158192307692,0.1527471123076923,44.81833936,-1.161783844,-15.040114540000001,2.610572344,0.770433083,0.005340600164,0.36168578399999995,-0.098369106,0.40032223299999997,4775.53173828125,5751.3359375,4787.35400390625,5726.97412109375,"1,1,60",1
2231,129398000,134.0080000000016,-0.045369966153846156,-0.03834930361538462,0.022844117615384615,0.4218370676923077,1434.0,1449.25,1355.25,1447.5,123450.0,2.0,0.85003614,0.9000241,0.9000241,0.9000241,0.0,0.0,0.06251584,0.00912019,0.15577985,-2.3314636,-0.064970225,-9.747509,16.066692153846155,24.895735,101132.16907692308,0.9800537538461538,0.03983732661538462,-0.11551115615384615,0.1567192976923077,44.94813236,-1.122738544,-15.04017904,2.6043945440000003,0.790589108,0.004462715864,0.359400868,-0.102010812,0.401648848,4791.46237664411,5746.101022820885,4769.160593134101,5750.67560135636,"1,1,60",1
2232,129448000,134.05800000000158,-0.046287287499999996,-0.037978744,0.022899141499999998,0.42153959,1433.75,1448.75,1355.0,1447.75,123450.0,2.0,0.85003614,0.9000241,0.9000241,0.9000241,0.0,0.0,0.0513250475,0.012212274,0.16000667,-2.2890559250000004,0.0006492347499999999,-9.6438345,16.073373,24.895733999999997,101132.073,0.9794076625,0.040678174250000004,-0.11521800625,0.16070951333333333,45.0775923,-1.082521216,-15.04056997,2.597866342,0.811356094,0.0029963236021399997,0.35835495523809524,-0.1014750280952381,0.40254586666666664,4779.869555663944,5741.042626952717,4775.006762694888,5743.544726562659,"1,1,60",1
2233,129498000,134.1080000000016,-0.04624747269230769,-0.037774152692307696,0.022881634153846152,0.42114476923076927,1433.2692307692307,1448.2692307692307,1355.0,1447.2692307692307,123450.0,2.0,0.85003614,0.9000241,0.9000241,0.9000241,0.0,0.0,0.046472758,0.0018557825,0.15824562,-2.2810435,-0.005947819,-9.518492,16.077887384615384,24.895733,101132.04615384615,0.97874419,0.041355013333333336,-0.11496240333333334,0.16471095333333333,45.206744799999996,-1.041222016,-15.04126222,2.5910146920000003,0.832687044,0.00098669322164,0.3566346247826087,-0.10317533182608696,0.40154042782608695,4783.332728794139,5729.749674479467,4766.100004650595,5751.688174292981,"1,1,60",1
2234,129548000,134.15800000000158,-0.044692457625,-0.03791332925,0.022449225833333333,0.4210604966666667,1433.2291666666667,1447.7708333333333,1354.0833333333333,1447.4583333333333,123450.0,2.0,0.85003614,0.9000241,0.9000241,0.9000241,0.0,0.0,0.01530282275,0.005588081925,0.1578468475,-2.33564815,-0.007215474249999999,-9.55757,16.07445653846154,24.895732153846154,101132.08923076923,0.9780649303846154,0.04161625423076923,-0.11483016984615385,0.16872225038461539,45.335817739999996,-0.998889394,-15.0420066,2.583909126,0.8536318056,-0.00074762250314,0.356438476,-0.106232624,0.403482023,4768.881713866792,5738.308105468681,4781.173999023772,5733.431860351706,"1,1,60",1
2235,129598000,134.2080000000016,-0.046481456500000004,-0.038646099999999996,0.022542943,0.42088447500000004,1433.75,1447.25,1352.0,1448.5,123450.0,2.0,0.85003614,0.9000241,0.9000241,0.9000241,0.0,0.0,0.030045366666666667,0.008457182333333334,0.16054716666666666,-2.3693037777777777,-0.022715825000000002,-9.575063,16.046466538461537,24.895730615384615,101132.42,0.9773777866666666,0.04170978,-0.11472609933333333,0.17270647,45.464817239999995,-0.955602844,-15.0427991,2.576569176,0.8742200856,-0.00222780162264,0.355155819047619,-0.1096158638095238,0.40286372666666664,4768.913720703357,5735.970800780736,4769.943505858271,5740.197534180372,"1,1,60",1
2236,129648000,134.2580000000016,-0.046713495,-0.0385663,0.022586341,0.42054098500000003,1433.75,1447.0,1351.5,1449.0,123450.0,2.0,0.85003614,0.9000241,0.9000241,0.9000241,0.0,0.0,0.039328771,0.0131299385,0.15974655,-2.38792475,-0.02338500325,-9.4639275,16.03093726923077,24.895728961538463,101132.61923076924,0.9766707565384616,0.042133751653846155,-0.11449385153846155,0.17670909346153846,45.5935986,-0.911082594,-15.043808570000001,2.569231202,0.8945884914000001,-0.001842478262,0.35486545,-0.11074375,0.402570525,4762.560880962188,5731.564967105303,4767.828381990077,5726.822445517774,"1,1,60",1
2237,129698000,134.30800000000158,-0.04609482153846154,-0.03837015846153846,0.02239719123076923,0.42067916846153847,1433.2692307692307,1447.0,1352.4615384615386,1449.0,123450.0,2.0,0.85003614,0.9000241,0.9000241,0.9000241,0.0,0.0,0.046631199666666664,0.012162297666666667,0.15922358333333334,-2.3853548333333334,0.011390790666666668,-9.474022666666666,16.070303692307693,24.895727,101132.12923076923,0.9759512269230769,0.042581309461538465,-0.11425660384615385,0.18068720615384615,45.7221786,-0.865423544,-15.04501832,2.561895052,0.9147539364,0.0002648473880000001,0.35443804,-0.11121843,0.40504462,4768.953027344025,5731.783178711299,4764.718334960578,5738.287500000347,"1,1,60",1
2238,129748000,134.3580000000016,-0.046313946041666665,-0.038429122375,0.022299239375000002,0.42070288125,1433.0,1446.7777777777778,1352.7777777777778,1448.7777777777778,123450.0,2.0,0.85003614,0.9000241,0.9000241,0.9000241,0.0,0.0,0.032721742500000005,0.01305613225,0.16067376249999998,-2.36550835,0.0655056935,-9.45578175,16.086220472727273,24.89572649090909,101131.92836363637,0.9752247458333333,0.04304664829166666,-0.11399465895833334,0.1846235675,45.85024768686869,-0.8182792266666666,-15.045877646464646,2.554077554545455,0.9361310782828283,0.001089334948080808,0.35139397,-0.114504155,0.40373146000000004,4764.7247314453825,5737.785839843916,4769.670336914109,5725.791528319965,"1,1,60",1
2239,129798000,134.4080000000016,-0.04672902094117647,-0.038249973411764705,0.02246242094117647,0.42035678294117645,1433.0,1446.2727272727273,1352.2727272727273,1448.2727272727273,123450.0,2.0,0.85003614,0.9000241,0.9000241,0.9000241,0.0,0.0,0.053008178249999996,0.01408568075,0.16204637500000002,-2.31226815,-0.020862496,-9.39441725,16.070844423076924,24.895725,101132.12365384617,0.97447339,0.04358156133333333,-0.11372188333333333,0.18859014,45.977845161616166,-0.7697638933333333,-15.046413505050504,2.5458157363636365,0.9586267095959595,0.0007296642713131313,0.35041680913043477,-0.11597435173913043,0.40432993695652175,4767.707984561301,5727.358165922497,4756.077729724193,5738.686500185991,"1,1,60",1
2240,129848000,134.4580000000016,-0.04629011702222222,-0.037746908866666665,0.022346980977777778,0.4198285657777778,1432.7604166666667,1446.2395833333333,1351.7604166666667,1447.7604166666667,123450.0,2.0,0.85003614,0.9000241,0.9000241,0.9000241,0.0,0.0,0.03233763466666666,0.007765296333333333,0.15436619333333335,-2.3366422333333334,-0.016645853933333333,-9.590467666666667,16.044449528301886,24.895724735849054,101132.42094339622,0.97370469375,0.044132637625,-0.1134439725,0.19255763125,46.104841900000004,-0.7199420101999999,-15.04678987,2.537707261,0.980087063,0.0002982153618,0.34882953,-0.11760651666666667,0.40521219999999997,4763.8034423824065,5724.231103515508,4759.41733398486,5719.6192626939555,"1,1,60",1
2241,129898000,134.5080000000016,-0.04592014835294118,-0.038451412921568624,0.022515340352941175,0.4195515803921569,1432.2395833333333,1446.7604166666667,1351.2395833333333,1447.2395833333333,123450.0,2.0,0.85003614,0.9000241,0.9000241,0.9000241,0.0,0.0,0.036009803,0.0106324935,0.157529755,-2.3507416,0.0282900045,-9.5509935,16.023713846153846,24.895723153846156,101132.69584615385,0.9729232346153847,0.044486714307692306,-0.11321110615384616,0.1965205076923077,46.2313269,-0.6690071402,-15.04703037,2.529729411,1.000665513,-0.0001943779681999999,0.34741452125,-0.12037808,0.40616271916666663,4756.737537202512,5724.259998140049,4757.832752045521,5722.296154204729,"1,1,60",1
2242,129948000,134.55800000000158,-0.045534362591836734,-0.03894843797959184,0.023238407346938775,0.41960975142857143,1432.2571428571428,1446.4857142857143,1351.0,1447.2571428571428,123450.0,2.0,0.85003614,0.9000241,0.9000241,0.9000241,0.0,0.0,0.040457264909090906,0.016636685999999998,0.15768280999999998,-2.370033309090909,-0.04662187645454545,-9.561801181818181,16.021940945454546,24.895725,101132.73305454546,0.9721393688235295,0.04493448529411765,-0.11282283882352942,0.20048201294117646,46.357220386138614,-0.6169684506930694,-15.047290435643564,2.521386300990099,1.0206160207920791,-0.00030055062812871285,0.34874460399999996,-0.123150026,0.407295525,4752.42416992161,5733.341992187638,4759.153857422334,5718.783691405622,"1,1,60",1
2243,129998000,134.6080000000016,-0.0462200975,-0.0385406965,0.022954256,0.41960813,1432.7333333333333,1445.5333333333333,1351.0,1447.7333333333333,123450.0,2.0,0.85003614,0.9000241,0.9000241,0.9000241,0.0,0.0,0.056696351285714285,0.012492785857142858,0.15285189,-2.3440324571428572,0.010558739571428572,-9.490627,16.085964581818182,24.895725,101131.90941818182,0.9713304423076923,0.04563738026923077,-0.11242903115384616,0.20442608384615382,46.48260999009901,-0.5639894704950495,-15.047567168316831,2.5127320435643563,1.0400316148514852,-7.755012466336634e-05,0.346247578,-0.1238733796,0.404886288,4758.687011719161,5731.158177425215,4750.082802219914,5724.501284951468,"1,1,60",1
2244,130048000,134.6580000000016,-0.047332745083333336,-0.038229302916666666,0.022620617458333336,0.41984648208333336,1433.0,1445.2291666666667,1351.2291666666667,1447.7708333333333,123450.0,2.0,0.85003614,0.9000241,0.9000241,0.9000241,0.0,0.0,0.059376040500000005,0.002953388565,0.161553095,-2.3596477499999997,-0.033383897,-9.474077000000001,16.048169320754717,24.895726773584908,101132.36547169811,0.9704794333333333,0.046572647999999994,-0.11214228333333333,0.20837881333333333,46.60722188,-0.5099300266000001,-15.04744546,2.503260116,1.060494128,0.00143412534458,0.34439468714285715,-0.12580966857142858,0.4070769285714286,4771.033447265315,5718.00852050778,4745.567333985218,5729.908837890611,"1,1,60",1
2245,130098000,134.7080000000016,-0.046869803,-0.03787621,0.022636516000000002,0.420134885,1433.0,1445.75,1351.75,1447.25,123450.0,2.0,0.85003614,0.9000241,0.9000241,0.9000241,0.0,0.0,0.035415405,0.00308072135,0.153236555,-2.3601782499999997,-0.016731243,-9.562335000000001,16.04682753846154,24.895730384615387,101132.37923076922,0.9696119153846153,0.04722043076923077,-0.11206445307692307,0.21227454923076924,46.73111588,-0.45487323160000004,-15.04695596,2.493033416,1.0819230279999998,0.00413534693608,0.34416411599999996,-0.125392332,0.407690546,4775.451342773157,5723.367260742174,4754.475097656161,5729.78010253928,"1,1,60",1
2246,130148000,134.7580000000016,-0.045191790071428574,-0.03776418985714286,0.02228512825,0.42024731821428574,1433.0,1446.2429906542056,1352.2429906542056,1447.0,123450.0,2.0,0.85003614,0.9000241,0.9000241,0.9000241,0.0,0.0,0.011715824,0.00346425213,0.158017555,-2.32388115,-0.0017683255000000009,-9.507095750000001,16.021005192307694,24.895732615384617,101132.70923076922,0.9687512211538462,0.047316159153846155,-0.11206937784615384,0.21614541038461538,46.8544007,-0.3987236176,-15.0459943,2.48321762,1.1032858879999998,0.005278606724,0.343263345,-0.130069675,0.407318285,4767.411030016015,5724.812191612154,4765.0695929284575,5732.661030015856,"1,1,60",1
2247,130198000,134.8080000000016,-0.044131906156862744,-0.03782952435294117,0.02234617768627451,0.42030749156862746,1433.0,1446.7102803738317,1352.7102803738317,1447.0,123450.0,2.0,0.85003614,0.9000241,0.9000241,0.9000241,0.0,0.0,0.010473709,0.0076010963,0.15816575,-2.387111,0.0033997404,-9.620472,16.040461470588237,24.895736137254904,101132.48411764705,0.9678830192307692,0.047109507538461534,-0.11207260723076923,0.2200435423076923,46.977123199999994,-0.3415652476,-15.0445968,2.47378112,1.124587788,0.004983747924,0.342593,-0.13286686,0.4081432,4759.623339843618,5734.133300781126,4777.245214843132,5718.155175782039,"1,1,60",1
2248,130248000,134.8580000000016,-0.045334566625,-0.03809661489583333,0.022590470395833333,0.4205000185416667,1433.2043010752689,1447.0,1353.0,1447.0,123450.0,2.0,0.85003614,0.9000241,0.9000241,0.9000241,0.0,0.0,0.035411571,0.0135496075,0.16179689,-2.300998,0.031114147,-9.532962999999999,16.04755,24.89573920754717,101132.41471698113,0.9669995170212766,0.047149838404255316,-0.11193481404255319,0.22395605553191492,47.0990007,-0.28328867999999996,-15.04322166,2.463553232,1.144832892,0.004730051882,0.340938155,-0.13479753,0.407709085,4763.179248046827,5731.376318359727,4761.6347656254,5737.707031249918,"1,1,60",1
2249,130298000,134.9080000000016,-0.045424447066666665,-0.037978870666666664,0.022716914933333332,0.420834502,1433.741935483871,1447.0,1353.0,1447.0,123450.0,2.0,0.85003614,0.9000241,0.9000241,0.9000241,0.0,0.0,0.029513324625,0.000300950635,0.1538882475,-2.3642281124999998,0.0064610539375,-9.540822499999999,16.064121294117648,24.895742823529414,101132.21176470588,0.9660876591836735,0.0475247362244898,-0.11175013387755102,0.2278695412244898,47.220098199999995,-0.22397993,-15.04186716,2.452594832,1.1641024919999998,0.004514352232,0.33886231949999995,-0.1359474165,0.4072424575,4769.403204055343,5740.843191963801,4773.153366815166,5728.242559524091,"1,1,60",1
2250,130348000,134.9580000000016,-0.04745065166666666,-0.038238290833333334,0.02250457045833333,0.42115943083333335,1434.2626262626263,1447.2626262626263,1353.2626262626263,1447.2626262626263,123450.0,2.0,0.85003614,0.9000241,0.9000241,0.9000241,0.0,0.0,0.04257019125,0.004914826175,0.15853685,-2.3036921,0.011202082249999995,-9.45287475,16.073908280701755,24.89574645614035,101132.08201754386,0.965147125,0.048047040625,-0.111662441875,0.23175512374999999,47.340621585858585,-0.16385176898989898,-15.040614797979798,2.4418165494949498,1.1835116494949494,0.005324165305050505,0.33773859,-0.138294572,0.407432222,4779.836767578565,5732.1813720702985,4765.694653320214,5743.371899414823,"1,1,60",1
2251,130398000,135.0080000000016,-0.04717905007843137,-0.038035396,0.022672857901960785,0.42173069705882354,1434.7676767676767,1447.7676767676767,1353.7676767676767,1447.7676767676767,123450.0,2.0,0.85003614,0.9000241,0.9000241,0.9000241,0.0,0.0,0.028358587,-0.0045400530909090915,0.15618346454545454,-2.362242090909091,0.05008256536363636,-9.453623545454546,16.037055294117646,24.895749098039214,101132.53539215686,0.9641883928571429,0.04860295071428571,-0.11154997178571428,0.23564921928571428,47.46061502020202,-0.10296722858585858,-15.039456717171717,2.431204529292929,1.2030496292929294,0.007080605507070707,0.3353997652173913,-0.13923167347826088,0.4072293813043478,4785.685686383988,5742.016927083277,4785.321614583006,5736.114350818913,"1,1,60",1
2252,130448000,135.0580000000016,-0.045092446392857144,-0.03781328773214286,0.022786285732142857,0.42210763875,1435.27,1448.0,1354.27,1448.0,123450.0,2.0,0.85003614,0.9000241,0.9000241,0.9000241,0.0,0.0,0.0357670645,0.0005429695499999999,0.15242526,-2.3927704999999997,-0.05462896524999999,-9.56680125,16.052831875,24.89575192857143,101132.34178571429,0.963233629787234,0.048953983319148936,-0.11148602382978723,0.23948393489361702,47.580096299999994,-0.04115358195,-15.0384029,2.420339449,1.2224185730000001,0.007463712902000001,0.336014168,-0.142445511,0.410611206,4789.799853515911,5746.871704101764,4773.523950194828,5745.654394531524,"1,1,60",1
2253,130498000,135.1080000000016,-0.04489860477272727,-0.037609631477272726,0.022779633340909093,0.4222093834090909,1435.77,1448.0,1354.77,1448.0,123450.0,2.0,0.85003614,0.9000241,0.9000241,0.9000241,0.0,0.0,0.030815868,0.0033754841,0.15642115,-2.3962896,0.04469653,-9.551247,16.089007735849055,24.89575479245283,101131.90216981132,0.9622600653061224,0.04926591653061225,-0.11140586897959183,0.24333865387755102,47.699141299999994,0.021451525550000017,-15.0374379,2.409258799,1.241643523,0.006676944202000001,0.33367414714285715,-0.14381333714285716,0.40838870714285713,4783.878247070718,5746.263256835716,4790.075537109097,5742.586230468862,"1,1,60",1
2254,130548000,135.1580000000016,-0.046927966612244895,-0.03764831591836734,0.02306125010204082,0.422132947755102,1435.7326732673268,1448.5346534653465,1355.0,1447.7326732673268,123450.0,2.0,0.85003614,0.9000241,0.9000241,0.9000241,0.0,0.0,0.047121755,0.0001636822559999999,0.156396354,-2.31077284,-0.032817684199999995,-9.499639,16.048452884615386,24.895756692307693,101132.3975,0.9612557025,0.0496570665,-0.1113107325,0.24724087375,47.81757655445544,0.08488805871287128,-15.036701544554456,2.398489801980198,1.2607175940594058,0.005606615132673268,0.33346961999999997,-0.145747293,0.410422464,4792.096484375503,5739.823315429559,4778.477392577631,5752.40422363283,"1,1,60",1
2255,130598000,135.20800000000162,-0.046547887999999996,-0.037641678,0.02312969,0.42221558000000003,1435.2376237623762,1449.5247524752476,1355.0,1447.2376237623762,123450.0,2.0,0.85003614,0.9000241,0.9000241,0.9000241,0.0,0.0,0.0270659076,0.0036774263980000003,0.156588682,-2.37057072,0.017688960400000002,-9.5129486,16.03057576923077,24.895758,101132.59846153847,0.96024559,0.05007849707692308,-0.11118490076923077,0.25110634153846156,47.9354923960396,0.14903284336633665,-15.03615996039604,2.387986287128713,1.2796631386138613,0.0042947346376237625,0.3320558438095238,-0.14589194761904764,0.41059160476190476,4786.217016601704,5748.614575195679,4794.652343749656,5737.763989257829,"1,1,60",1
2256,130648000,135.2580000000016,-0.0464972275,-0.037821270500000004,0.0228985165,0.42205839,1434.74,1449.48,1355.0,1447.26,123450.0,2.0,0.85003614,0.9000241,0.9000241,0.9000241,0.0,0.0,0.046394070499999995,0.013144824500000001,0.15068682,-2.38039495,0.050087329,-9.649563,16.06000953846154,24.895758,101132.25730769231,0.9592370034615385,0.05047688565384615,-0.11095269099999999,0.2549552223076923,48.05293148,0.2139070192,-15.03600816,2.377039168,1.298297232,0.0017168481,0.330405742,-0.150090633,0.410800271,4788.744946289129,5749.03283691376,4775.581518553778,5749.148242187874,"1,1,60",1
2257,130698000,135.3080000000016,-0.0461832523076923,-0.03790123223076923,0.022426712384615383,0.42158070846153844,1434.24,1448.48,1355.0,1447.76,123450.0,2.0,0.85003614,0.9000241,0.9000241,0.9000241,0.0,0.0,0.03479914,0.011446564,0.15999842,-2.3945584,-0.012431184,-9.644899,16.028769230769228,24.895757538461538,101132.60707692309,0.9582107333333333,0.050996202666666664,-0.110666014,0.2588074933333333,48.16993048,0.2794544792,-15.036216159999999,2.365682568,1.316643832,-0.0020296594,0.329204646,-0.150805394,0.411655972,4781.025048827983,5743.408496093688,4781.280053711153,5746.234497069674,"1,1,60",1
2258,130748000,135.3580000000016,-0.04594076658181818,-0.03777620663636364,0.022270653654545454,0.42112056963636363,1433.48,1447.74,1354.74,1447.74,123450.0,2.0,0.85003614,0.9000241,0.9000241,0.9000241,0.0,0.0,0.033301877,0.0028184045,0.15697267,-2.39318075,-0.0015898477499999997,-9.679487,15.99716923076923,24.895755615384616,101132.9863076923,0.9571498094117646,0.05132296458823529,-0.11053155729411765,0.26269581764705885,48.2868637,0.3459058162,-15.03707,2.35478011,1.33514924,-0.00512158024,0.328044811,-0.153401255,0.41085403400000003,4778.464379882426,5737.6667236323565,4774.939379882409,5737.162890625294,"1,1,60",1
2259,130798000,135.4080000000016,-0.04608612373333333,-0.037924019866666665,0.0222373584,0.42055266,1432.48,1447.24,1354.24,1447.24,123450.0,2.0,0.85003614,0.9000241,0.9000241,0.9000241,0.0,0.0,0.033737894,0.007404091,0.16081429,-2.3252144,0.014445132,-9.586702,16.063080615384614,24.895753692307693,101132.22230769231,0.9560798493877551,0.0516731916122449,-0.11035215918367347,0.26657084,48.4037362,0.4131915012,-15.03852,2.34429686,1.35380124,-0.00760926724,0.3273069,-0.15437591,0.41135636,4770.300390624643,5730.523535156207,4774.064721679504,5732.664086913736,"1,1,60",1
2260,130848000,135.45800000000162,-0.045679897,-0.0382702965,0.0223444485,0.42021800000000004,1431.75,1446.75,1354.0,1446.25,123450.0,2.0,0.85003614,0.9000241,0.9000241,0.9000241,0.0,0.0,0.0377516885,0.018153125,0.1587064425,-2.3250804,-0.01361958,-9.5130285,16.07213070588235,24.895752,101132.10911764707,0.9550003615384615,0.0520047263076923,-0.11007230823076923,0.2704624953846154,48.5202863,0.48147992819999996,-15.040012899999999,2.3337242739999997,1.372077566,-0.00906586106,0.32673009,-0.15621095000000002,0.4131917,4764.958911132863,5724.938208007533,4763.544897460157,5727.305566406632,"1,1,60",1
2261,130898000,135.5080000000016,-0.04490271969230769,-0.03799750684615385,0.02247747469230769,0.41985084153846153,1431.2692307692307,1446.2692307692307,1354.0,1444.8076923076924,123450.0,2.0,0.85003614,0.9000241,0.9000241,0.9000241,0.0,0.0,0.036588481400000004,0.020224485400000002,0.156091636,-2.3897772600000002,-0.0015772322000000005,-9.5815812,16.075100811320755,24.895751811320757,101132.05226415095,0.9539162999999999,0.05229072033333333,-0.109732804,0.2743442366666667,48.636538800000004,0.5506939632,-15.041545399999999,2.3230692239999997,1.390007116,-0.00957067656,0.324034868,-0.159833296,0.41303806000000004,4759.313500976247,5727.424438476809,4760.075805664677,5730.579418943642,"1,1,60",1
2262,130948000,135.5580000000016,-0.04452680870833333,-0.038005240499999995,0.02266420175,0.419579,1431.22,1446.0,1353.78,1444.22,123450.0,2.0,0.85003614,0.9000241,0.9000241,0.9000241,0.0,0.0,0.03722576,0.01217376925,0.16127919999999998,-2.3108722250000002,-0.0018241022999999981,-9.435348625,16.02444319607843,24.89575,101132.6468627451,0.95280375,0.052621032875,-0.10939498,0.2782535125,48.75221748,0.62093797,-15.04277604,2.31143296,1.407376288,-0.00866616908,0.320804676,-0.161350743,0.413504896,4749.881030273203,5727.252465820013,4758.304003905898,5718.67858886787,"1,1,60",1
2263,130998000,135.60800000000162,-0.045440431384615385,-0.038411771076923076,0.022798277230769232,0.41959212153846154,1431.72,1446.0,1353.28,1444.72,123450.0,2.0,0.85003614,0.9000241,0.9000241,0.9000241,0.0,0.0,0.05056343333333333,0.016318175666666667,0.15292518666666668,-2.378548888888889,-0.03200949355555556,-9.464080777777777,16.033012576923074,24.89575003846154,101132.57511538462,0.9516684423076923,0.053228262153846156,-0.10898876846153846,0.28215423076923074,48.86736648,0.69213272,-15.04372804,2.29889096,1.4242281879999998,-0.00646074808,0.31960255095238094,-0.16143648142857142,0.41381021285714287,4756.854321289171,5731.30490722657,4747.315161133258,5724.14291992115,"1,1,60",1
2264,131048000,135.6580000000016,-0.04625281991666667,-0.037928370125,0.022668991416666666,0.41959698833333336,1432.0,1446.4444444444443,1353.0,1445.2222222222222,123450.0,2.0,0.85003614,0.9000241,0.9000241,0.9000241,0.0,0.0,0.055111652,-0.0040581370999999995,0.162245,-2.32783825,0.02874543775,-9.4870135,16.010441423076923,24.895751961538462,101132.83088461538,0.9505042875,0.05411282875,-0.10865149975,0.2860150975,48.98192302272727,0.7642799386363637,-15.044627295454546,2.286021454545455,1.4417276818181817,-0.0040272566754545455,0.31785213913043475,-0.16437186173913043,0.41391818869565217,4769.284830729554,5725.163085936914,4753.585774739586,5718.517415365004,"1,1,60",1
2265,131098000,135.70800000000162,-0.04643167211764706,-0.038126373352941174,0.022848098705882353,0.4199182011764706,1432.0,1447.4545454545455,1353.0,1445.7272727272727,123450.0,2.0,0.85003614,0.9000241,0.9000241,0.9000241,0.0,0.0,0.058370456,0.0043181553,0.16288574,-2.3782735,0.060443893,-9.437906,16.014330660377357,24.895752,101132.81196226415,0.9493031736363636,0.05500479690909091,-0.10845395927272727,0.28988127454545454,49.095932681818184,0.8373063590909091,-15.045477863636362,2.2728496363636363,1.4598249545454547,-0.0013832387436363636,0.31815275200000004,-0.16505831,0.414594244,4777.246916117492,5715.163317229597,4747.886101974517,5738.243832235949,"1,1,60",1
2266,131148000,135.7580000000016,-0.04516399765306123,-0.03873435344897959,0.023223206979591834,0.4203931281632653,1432.2277227722773,1447.7722772277227,1353.2277227722773,1446.0,123450.0,2.0,0.85003614,0.9000241,0.9000241,0.9000241,0.0,0.0,0.030427884285714284,0.010584157485714285,0.15861160571428573,-2.4220085714285715,-0.03630253771428572,-9.417848571428571,16.061266764705884,24.89575380392157,101132.25078431373,0.9481160736734694,0.055576562571428574,-0.10822975285714286,0.29371826530612244,49.20862026785714,0.9114632517857143,-15.045503705357142,2.2593214232142858,1.4772187892857143,0.0007225971557142859,0.31695008,-0.1664483325,0.41466504000000004,4764.409993489705,5733.584309896293,4760.531249999894,5730.2431640626555,"1,1,60",1
2267,131198000,135.8080000000016,-0.045248221923076926,-0.03848296930769231,0.023090441692307694,0.42066048,1432.7227722772277,1447.2772277227723,1353.7227722772277,1446.0,123450.0,2.0,0.85003614,0.9000241,0.9000241,0.9000241,0.0,0.0,0.028855534,0.0053711613,0.1565116,-2.4071167,-0.041747745,-9.46011,16.05038471698113,24.895757396226415,101132.35132075472,0.9469469063636363,0.055819173636363635,-0.10807935181818182,0.2974759309090909,49.32089035714286,0.9859771357142858,-15.045269107142856,2.2456806642857146,1.4943904857142858,0.0026584808342857147,0.31501776,-0.16836841,0.414479274,4769.045230263142,5741.316971627862,4756.887155634215,5736.677117597778,"1,1,60",1
2268,131248000,135.85800000000162,-0.046042097000000004,-0.037503225,0.022703887000000002,0.420701695,1433.0,1447.2291666666667,1354.2291666666667,1446.2291666666667,123450.0,2.0,0.85003614,0.9000241,0.9000241,0.9000241,0.0,0.0,0.02933804575,-0.015562699125,0.15652527375,-2.3614421625,0.018597864999999995,-9.4426855,16.05915023529412,24.895759647058824,101132.28611764706,0.9457268757142857,0.05621937560714286,-0.1081737875,0.3012203667857143,49.43248076,1.0616031000000001,-15.04478223,2.23254015,1.511773174,0.00427303952,0.315470015,-0.168278171,0.41539978899999996,4778.829101563067,5729.791503906282,4771.632975260238,5726.051920573165,"1,1,60",1
2269,131298000,135.9080000000016,-0.04604559723076923,-0.03756340338461538,0.02249619630769231,0.42115151076923074,1433.0,1447.75,1354.75,1446.75,123450.0,2.0,0.85003614,0.9000241,0.9000241,0.9000241,0.0,0.0,0.03421216,0.002121985,0.15207309,-2.3603082,0.01816766,-9.419209,16.0906910754717,24.895762320754717,101131.89003773585,0.9444761428571429,0.056677499285714285,-0.10827545742857143,0.30499977285714286,49.543443759999995,1.1382556,-15.04406248,2.2198614,1.529350624,0.00559099052,0.3142928,-0.17325556,0.41501793,4785.239233398079,5729.577490234654,4766.558178711348,5741.2272705081805,"1,1,60",1
2270,131348000,135.95800000000162,-0.044901989,-0.038134546000000005,0.022522387999999997,0.42143935,1433.25,1447.5,1354.75,1447.75,123450.0,2.0,0.85003614,0.9000241,0.9000241,0.9000241,0.0,0.0,0.010718914818181817,0.0022087106000000002,0.16243749999999998,-2.3543447636363637,-0.008647180727272729,-9.512637909090909,16.037437692307694,24.895764461538462,101132.54730769231,0.9432391386363637,0.05687344477272727,-0.108182871,0.30880385954545453,49.65404432,1.2157602239999998,-15.042817659999999,2.207217074,1.546438962,0.00679315936,0.30993301500000003,-0.173839765,0.416251173,4767.5664550780875,5735.666845702817,4788.2137695319125,5734.954150390355,"1,1,60",1
2271,131398000,136.00800000000163,-0.04629388384615385,-0.03823419384615385,0.02218431507692308,0.4215534476923077,1433.7307692307693,1446.5384615384614,1354.2692307692307,1449.1923076923076,123450.0,2.0,0.85003614,0.9000241,0.9000241,0.9000241,0.0,0.0,0.0324781935,0.010003346650000002,0.15487182500000002,-2.3502954999999996,0.0036095099999999963,-9.5795025,16.053690307692307,24.895766384615385,101132.34192307692,0.9419966766666668,0.056984775,-0.10806020100000001,0.31259366,49.76431032,1.2940514239999998,-15.04108816,2.194604524,1.5630758120000001,0.007888452360000001,0.3096762,-0.174829816,0.417576758,4778.043627929787,5742.295019530584,4773.354174804459,5746.787939453946,"1,1,60",1
2272,131448000,136.0580000000016,-0.04608333697674419,-0.03756065930232558,0.022349791209302326,0.4220502876744186,1434.66,1446.66,1354.0,1450.0,123450.0,2.0,0.85003614,0.9000241,0.9000241,0.9000241,0.0,0.0,0.032317676999999996,0.0053534155,0.159201555,-2.3560353750000003,0.07709903750000001,-9.46586975,16.064766,24.895768999999998,101132.20833333333,0.9407234196153846,0.05735425365384615,-0.10785992442307692,0.3164050253846154,49.87400094,1.37314462,-15.038887279999999,2.182056168,1.579631672,0.00973122534,0.3081744295652174,-0.17752932782608696,0.4171257356521739,4782.1755242599575,5752.322291324678,4794.486739309776,5735.125436882943,"1,1,60",1
2273,131498000,136.10800000000162,-0.04631721224561404,-0.03767535943859649,0.023093469122807016,0.422813041754386,1436.16,1448.16,1354.0,1450.0,123450.0,2.0,0.85003614,0.9000241,0.9000241,0.9000241,0.0,0.0,0.056385797,0.0062896265,0.1476364,-2.38503,-0.026465856,-9.504587,16.029479056603773,24.89577,101132.61735849056,0.93941715,0.05793520433333334,-0.10766031166666666,0.32022598333333335,49.98316044,1.4529781199999998,-15.03625128,2.1695670679999997,1.596112772,0.01226397984,0.3074457613043478,-0.17904825304347827,0.41741179391304345,4798.20017206155,5754.757347469906,4786.7492792032845,5749.434756325156,"1,1,60",1
2274,131548000,136.1580000000016,-0.047544414916666666,-0.03796542941666667,0.022890178625,0.42332800333333337,1437.0,1448.78,1354.0,1450.0,123450.0,2.0,0.85003614,0.9000241,0.9000241,0.9000241,0.0,0.0,0.054474209999999995,0.012533750500000001,0.15330635499999998,-2.4041434749999997,-0.003929419500000003,-9.71903175,16.026241923076924,24.89577,101132.65307692307,0.9380950442307693,0.058806106000000004,-0.10724744503846154,0.32405763192307696,50.09172168,1.533767458,-15.034203139999999,2.15721127,1.613367866,0.011270727284,0.305996846,-0.179545976,0.41764558100000004,4801.819165039148,5761.954638672402,4796.8800292966225,5762.102075195577,"1,1,60",1
2275,131598000,136.20800000000162,-0.047625057692307696,-0.03774733923076923,0.022933131461538463,0.4231187923076923,1437.0,1448.28,1354.0,1450.0,123450.0,2.0,0.85003614,0.9000241,0.9000241,0.9000241,0.0,0.0,0.056582218000000004,0.0087617501,0.15630148,-2.3117301,0.0541424455,-9.639585499999999,16.020463461538462,24.895768384615383,101132.712,0.9367721666666666,0.059566016666666666,-0.10680723933333333,0.3278699533333333,50.19973068,1.6154391080000001,-15.032697639999999,2.14497852,1.631337416,0.007022698984,0.30408771,-0.180519184,0.419292792,4803.624755859674,5748.331323241928,4787.824414061787,5765.5407958982105,"1,1,60",1
2276,131648000,136.25800000000163,-0.04663801329166667,-0.03787326470833333,0.022557167708333332,0.422845965,1436.78,1448.0,1354.0,1450.0,123450.0,2.0,0.85003614,0.9000241,0.9000241,0.9000241,0.0,0.0,0.026093864,0.0012122903499999999,0.153376655,-2.3480515,-0.025954969,-9.6009225,16.026422500000002,24.895766000000002,101132.647,0.93545578125,0.060065301875,-0.106508265625,0.33161301,50.30685966666667,1.6983888111111112,-15.032320616161616,2.1322199515151516,1.649750408080808,0.0031136312222222223,0.302322244,-0.181094847,0.418328376,4803.2177734375,5753.1015625,4789.0224609375,5753.39306640625,"1,1,60",1
2277,131698000,136.3080000000016,-0.04616904353846154,-0.037960680230769234,0.022181503538461537,0.4226977153846154,1436.28,1448.0,1354.0,1450.0,123450.0,2.0,0.85003614,0.9000241,0.9000241,0.9000241,0.0,0.0,0.037318217,0.0151685625,0.16007878,-2.3170428000000003,0.0317507405,-9.642472000000001,16.028047692307695,24.89576269230769,101132.62907692308,0.9341249230769231,0.060261843846153844,-0.10628173076923077,0.3353789676923077,50.41317633333333,1.7825182555555557,-15.032985262626262,2.118976012121212,1.6685727313131313,-0.00048254988888888923,0.3003463113043478,-0.18231181913043476,0.4203123565217391,4793.279854910706,5748.438267298648,4789.671851747955,5758.490094866323,"1,1,60",1
2278,131748000,136.35800000000162,-0.046006413499999996,-0.037615931,0.023193438,0.422016575,1435.5416666666667,1448.0,1353.5416666666667,1449.5416666666667,123450.0,2.0,0.85003614,0.9000241,0.9000241,0.9000241,0.0,0.0,0.025891486749999998,0.019311093499999998,0.153177855,-2.36434135,0.023681472425000002,-9.6053555,16.003308653846155,24.895758307692308,101132.90538461538,0.9327904,0.060481232769230765,-0.10593695923076923,0.3391426423076923,50.5187975049505,1.86746888019802,-15.034334376237624,2.1054551643564356,1.6862815069306931,-0.004319341354455446,0.300195065,-0.185147569,0.41974268800000003,4785.5267089837635,5754.393627930376,4785.717431640991,5738.548266599947,"1,1,60",1
2279,131798000,136.40800000000164,-0.045450756076923074,-0.038044245076923076,0.02339560223076923,0.42139799307692305,1434.5,1448.0,1352.5,1448.5,123450.0,2.0,0.85003614,0.9000241,0.9000241,0.9000241,0.0,0.0,0.044930131,0.013260649874999999,0.156836485,-2.3654998000000003,0.0203629855,-9.521449500000001,16.020463846153845,24.895752923076923,101132.70538461539,0.9314558333333334,0.060710157333333334,-0.10556801,0.34286486666666666,50.62382621782178,1.9531190287128712,-15.036266554455445,2.0916984316831684,1.7030417049504951,-0.008361097196039604,0.296764979,-0.187425662,0.4203930605,4779.591029576,5744.824544270544,4776.955984931905,5738.36600167432,"1,1,60",1
2280,131848000,136.45800000000162,-0.04536830714545454,-0.03844072705454545,0.0229570826,0.42078913581818184,1433.75,1447.5,1351.75,1448.0,123450.0,2.0,0.85003614,0.9000241,0.9000241,0.9000241,0.0,0.0,0.049231974,0.021803146000000002,0.154952725,-2.382246175,0.008679597499999997,-9.535843499999999,16.047274470588235,24.89574588235294,101132.40764705882,0.9300624788235294,0.06120426764705882,-0.10510560294117648,0.34667964823529407,50.727922199999995,2.039612592,-15.038819909999999,2.077295018,1.71904182,-0.01133358518,0.294419435,-0.18966463,0.42133081,4774.092567844914,5735.529065584071,4765.129111842581,5738.46623149532,"1,1,60",1
2281,131898000,136.50800000000163,-0.04538428457142857,-0.03838909628571429,0.022751492714285716,0.42030239999999996,1433.2692307692307,1446.5384615384614,1351.2692307692307,1448.0,123450.0,2.0,0.85003614,0.9000241,0.9000241,0.9000241,0.0,0.0,0.0357813125,0.01679551725,0.1511953425,-2.3758695,-0.023365343750000003,-9.543506749999999,16.03063028301887,24.895740396226415,101132.62056603775,0.9286566628571429,0.06172835559183673,-0.10465166306122449,0.3504724363265306,50.8311572,2.126884692,-15.041946659999999,2.062294668,1.73434032,-0.01331905668,0.2942443335,-0.190554404,0.422108866,4766.678515625103,5742.172363280296,4758.857788085105,5725.926367188416,"1,1,60",1
2282,131948000,136.5580000000016,-0.046820416,-0.038101431000000005,0.0228687065,0.41935100000000003,1432.56,1445.56,1351.0,1447.78,123450.0,2.0,0.85003614,0.9000241,0.9000241,0.9000241,0.0,0.0,0.049704516000000004,0.00915967,0.15587907,-2.3496376000000003,0.074324645,-9.464934,16.036595,24.895735352941177,101132.51745098039,0.9272238105882353,0.062321228470588234,-0.10428667705882352,0.3542489611764706,50.93373284,2.2148307640000002,-15.04472163,2.046879488,1.75077411,-0.01411934834,0.29271031999999997,-0.1896956525,0.42289218,4762.446850585263,5719.470996093079,4747.997973632488,5731.916992186695,"1,1,60",1
2283,131998000,136.60800000000162,-0.046778392,-0.038094646999999995,0.0225723755,0.41866265,1431.56,1444.56,1351.0,1447.28,123450.0,2.0,0.85003614,0.9000241,0.9000241,0.9000241,0.0,0.0,0.02911673,0.00024106231,0.15206808,-2.3250675,0.0012642539,-9.381195,16.074922735849057,24.895730018867926,101132.08301886792,0.9257577042857142,0.06282313224489795,-0.10411769142857143,0.35802523469387754,51.03569984,2.303398964,-15.04717188,2.031081388,1.76825586,-0.01382562784,0.2904486542857143,-0.1930781457142857,0.42232388,4756.682812499876,5705.412573242224,4745.386108398093,5716.110156250576,"1,1,60",1
2284,132048000,136.65800000000164,-0.04489920933333333,-0.03822138108333333,0.02211746770833333,0.41830539166666664,1430.7708333333333,1444.4583333333333,1351.0,1446.5416666666667,123450.0,2.0,0.85003614,0.9000241,0.9000241,0.9000241,0.0,0.0,0.023298190500000003,0.0027293165500000003,0.16193848,-2.3009445499999996,0.0348086055,-9.57131,16.014685,24.895726607843137,101132.79607843138,0.92430983125,0.06293693874999999,-0.10407214625,0.36174021749999996,51.13699526,2.39294115,-15.04952944,2.016053018,1.7844608279999998,-0.01156946296,0.290052889,-0.19587211599999999,0.42377196100000003,4745.370629881759,5706.0513671874905,4747.219067383736,5717.253833006689,"1,1,60",1
2285,132098000,136.70800000000162,-0.0438781305,-0.0383117815,0.022331116999999998,0.41818066,1430.25,1445.5,1351.0,1445.5,123450.0,2.0,0.85003614,0.9000241,0.9000241,0.9000241,0.0,0.0,0.017826984,0.014094418,0.16068724,-2.3171992,0.015642107,-9.413462,16.01224721153846,24.895724653846152,101132.81634615385,0.9228574923076923,0.06279668769230769,-0.10401202846153847,0.36546982615384616,51.23767076,2.4833824,-15.05180144,2.001735168,1.7994872279999998,-0.007501810960000001,0.28699011956521736,-0.19798004347826087,0.42325523086956524,4732.933314732472,5718.569312685978,4750.9567289802035,5701.4702380960725,"1,1,60",1
2286,132148000,136.75800000000163,-0.04458164845833334,-0.038668096375,0.022508270958333333,0.4187638758333333,1430.5,1445.75,1351.25,1445.0,123450.0,2.0,0.85003614,0.9000241,0.9000241,0.9000241,0.0,0.0,0.0437501555,0.0093066485,0.154514485,-2.3517316499999996,-0.0364950665,-9.3734875,16.013621981132076,24.895723,101132.83018867925,0.9213922227272727,0.0629440449090909,-0.10375483,0.3691967227272727,51.3378247,2.574562414,-15.05392758,1.987834748,1.81427279,-0.003721023616,0.28492870000000003,-0.19640399238095238,0.4236034880952381,4749.514428711561,5720.028002929637,4739.241748046412,5729.1169433606565,"1,1,60",1
2287,132198000,136.80800000000164,-0.0448535285,-0.037854285,0.022519789999999998,0.419088525,1431.4615384615386,1445.2692307692307,1351.7307692307693,1445.0,123450.0,2.0,0.85003614,0.9000241,0.9000241,0.9000241,0.0,0.0,0.039097190000000004,-0.00014743791,0.15182457,-2.3434862,-0.041728430999999996,-9.49389,16.095944615384617,24.895723153846156,101131.82153846153,0.9198789036363636,0.06348062690909091,-0.10351887327272728,0.37292368727272723,51.4374972,2.666424364,-15.05591908,1.974319648,1.8288360399999999,-0.0002050344160000007,0.28279870761904763,-0.19912824666666668,0.424923780952381,4754.323339843707,5723.90937499938,4753.759570313028,5708.388378906412,"1,1,60",1
2288,132248000,136.85800000000162,-0.045504394372549016,-0.0374606851372549,0.022420172725490194,0.4189090037254902,1432.0,1445.2135922330096,1352.0,1445.2135922330096,123450.0,2.0,0.85003614,0.9000241,0.9000241,0.9000241,0.0,0.0,0.05116256425,-0.0011029985749999999,0.1560312875,-2.348424425,0.06522937,-9.4418185,16.05585653846154,24.895725076923075,101132.33023076924,0.9183396509433962,0.06415002705660378,-0.10334446490566038,0.3766332441509434,51.53659822,2.7587946139999997,-15.05774652,1.96097945,1.843575908,0.004010830376,0.28230227,-0.199864951,0.42596200500000003,4763.267602539425,5712.752832031135,4749.639111327779,5720.910620118053,"1,1,60",1
2289,132298000,136.90800000000164,-0.04540543951923077,-0.03793402025,0.022287303576923077,0.4188553625,1432.0,1445.6990291262136,1352.0,1445.6990291262136,123450.0,2.0,0.85003614,0.9000241,0.9000241,0.9000241,0.0,0.0,0.043317971499999997,0.011008879,0.1544435,-2.3108534,-0.033445678,-9.353778,16.02877,24.895727,101132.586,0.9167901208510638,0.0648753609787234,-0.10298331829787234,0.380365965106383,51.63517172,2.8516340639999997,-15.05942252,1.9478007,1.858478808,0.008872734176,0.28117982,-0.202495862,0.42590941000000004,4753.786826686125,5718.206877056107,4751.6680715462035,5709.121068051615,"1,1,60",1
